5.568392205501614400e-01 5.634850776425188723e-01 1.022171131764816110e+00
5.564396056265233925e-01 5.639308045720023976e-01 1.022521509953906005e+00
5.569544840930226171e-01 5.632026589186790444e-01 1.022719073956501079e+00
5.573238647783557154e-01 5.631071976304756754e-01 1.021861085170967298e+00
5.568471456581440826e-01 5.633819727201256899e-01 1.022380726631090697e+00
5.571031089192790553e-01 5.633038394247125158e-01 1.022167632170341234e+00
5.560500499971855470e-01 5.642651800049695021e-01 1.022768531419074423e+00
5.572303194702737938e-01 5.632027344673685709e-01 1.022560116398490315e+00
5.564963714591649735e-01 5.640177473638829930e-01 1.022158240725832501e+00
5.564963714591649735e-01 5.640177473638829930e-01 1.022158240725832501e+00
5.568063965019810491e-01 5.636097044429261294e-01 1.022570111934615555e+00
5.564976170873096040e-01 5.637317354199836705e-01 1.022606787296973740e+00
5.566318121186152323e-01 5.637943119290880212e-01 1.023066404709074062e+00
5.568441595795666776e-01 5.633508162333102920e-01 1.022279010405746646e+00
5.568441595795666776e-01 5.633508162333102920e-01 1.022279010405746646e+00
5.565976455897619912e-01 5.639144100675629323e-01 1.021855145065570847e+00
5.567952953123759263e-01 5.634345632659915060e-01 1.022926268847652587e+00
5.569996703370942992e-01 5.631577489585299912e-01 1.022315073185112944e+00
5.565764874618477354e-01 5.636415149749643971e-01 1.022544683339857485e+00
5.565764874618477354e-01 5.636415149749643971e-01 1.022544683339857485e+00
5.572017976338959899e-01 5.630117476227178841e-01 1.022521760033213933e+00
5.572017976338959899e-01 5.630117476227178841e-01 1.022521760033213933e+00
5.567386071559817795e-01 5.636506167548198665e-01 1.022074158094436580e+00
5.567386071559817795e-01 5.636506167548198665e-01 1.022074158094436580e+00
5.571116186050966146e-01 5.632919613967715122e-01 1.023209631218135796e+00
5.571116186050966146e-01 5.632919613967715122e-01 1.023209631218135796e+00
5.568221237658268485e-01 5.634230352936501207e-01 1.021599280715918656e+00
5.576285067187627398e-01 5.628331172467873067e-01 1.022134274081780703e+00
5.572453050530956631e-01 5.629693819780274833e-01 1.022625161823534023e+00
5.567964683437977014e-01 5.636049386423649388e-01 1.022303340199419486e+00
5.567964683437977014e-01 5.636049386423649388e-01 1.022303340199419486e+00
5.571295158838798223e-01 5.629677986380803301e-01 1.022956291406867502e+00
5.565234466484348941e-01 5.635796280325660046e-01 1.023134534812055296e+00
5.570325965315836569e-01 5.629997863891940124e-01 1.023836545943334730e+00
5.570325965315836569e-01 5.629997863891940124e-01 1.023836545943334730e+00
5.567496326784544536e-01 5.632425390115355368e-01 1.025184404104101610e+00
5.567949125215437833e-01 5.626703380203333937e-01 1.028414483734280571e+00
5.562497110229105424e-01 5.619405921199160936e-01 1.036394305758366663e+00
5.557741581191105729e-01 5.615838161426087716e-01 1.041614388703624439e+00
5.555314830127819903e-01 5.604362390330432930e-01 1.048403597082855132e+00
5.557792850297047504e-01 5.593691087003294093e-01 1.052135127517312529e+00
5.557792850297047504e-01 5.593691087003294093e-01 1.052135127517312529e+00
5.560974458472662807e-01 5.578927203307744165e-01 1.058094918499911774e+00
5.560974458472662807e-01 5.578927203307744165e-01 1.058094918499911774e+00
5.575200031019665881e-01 5.538255444614027523e-01 1.070110911380388163e+00
5.575200031019665881e-01 5.538255444614027523e-01 1.070110911380388163e+00
5.603118717870452237e-01 5.471169067571988176e-01 1.084160233005743379e+00
5.603118717870452237e-01 5.471169067571988176e-01 1.084160233005743379e+00
5.628100794065856727e-01 5.408346604775844391e-01 1.098366406644473381e+00
5.628100794065856727e-01 5.408346604775844391e-01 1.098366406644473381e+00
5.644647931588478995e-01 5.359885739376730740e-01 1.108084816273245288e+00
5.665712795435280391e-01 5.308844068446425535e-01 1.117372510558611420e+00
5.674086728138062474e-01 5.276002438692969365e-01 1.123855140902038308e+00
5.686264761337677109e-01 5.225944900823394912e-01 1.133203709489936095e+00
5.702393650263021252e-01 5.186736818237294155e-01 1.139493375388320739e+00
5.722778591488487665e-01 5.124812387303894212e-01 1.147919326880602275e+00
5.746031025990691044e-01 5.058967168014227855e-01 1.157228716929569856e+00
5.757602718474903458e-01 5.017977409378161502e-01 1.162836352717629529e+00
5.770090856736503904e-01 4.976743379296720837e-01 1.168495960537814238e+00
5.796128915895291112e-01 4.908256275583184891e-01 1.176193384538069653e+00
5.819134948318031020e-01 4.854031898363505571e-01 1.181663222274434988e+00
5.837817991774061355e-01 4.807640852250789631e-01 1.186132874528286418e+00
5.837817991774061355e-01 4.807640852250789631e-01 1.186132874528286418e+00
5.869579091895998912e-01 4.729989993231747403e-01 1.193206699240444646e+00
5.869579091895998912e-01 4.729989993231747403e-01 1.193206699240444646e+00
5.930772252723608418e-01 4.584582950260395195e-01 1.204497965396425396e+00
5.930772252723608418e-01 4.584582950260395195e-01 1.204497965396425396e+00
5.983104172592031977e-01 4.457007506052141910e-01 1.213987341269909592e+00
6.003861553396118156e-01 4.408927942295789992e-01 1.216973500539459518e+00
6.003861553396118156e-01 4.408927942295789992e-01 1.216973500539459518e+00
6.021726575980589358e-01 4.364779490450217958e-01 1.219970336634502717e+00
6.021726575980589358e-01 4.364779490450217958e-01 1.219970336634502717e+00
6.074844019764191749e-01 4.248005599866676585e-01 1.226260980113272892e+00
6.074844019764191749e-01 4.248005599866676585e-01 1.226260980113272892e+00
6.137234084442639848e-01 4.103781615145309924e-01 1.233089543803629340e+00
6.176156597409466764e-01 4.013739531637737779e-01 1.237555935428728660e+00
6.176156597409466764e-01 4.013739531637737779e-01 1.237555935428728660e+00
6.242227165851050863e-01 3.882063286953186809e-01 1.241542296862375938e+00
6.267537204541647755e-01 3.836275080306306706e-01 1.242536399630676636e+00
6.289948346025171499e-01 3.786987280791389021e-01 1.243532169445131563e+00
6.313379419652538349e-01 3.743612529498673291e-01 1.244409090722246702e+00
6.350883576259777064e-01 3.672781877207939027e-01 1.245539013076630175e+00
6.377313839772487114e-01 3.615792163970554807e-01 1.246775846037895041e+00
6.417758439364477097e-01 3.542129683568905341e-01 1.247244194311297072e+00
6.417758439364477097e-01 3.542129683568905341e-01 1.247244194311297072e+00
6.451484402033823562e-01 3.473359710278440260e-01 1.248151770491957357e+00
6.485187967762890970e-01 3.412930462250092778e-01 1.248645397993558337e+00
6.485187967762890970e-01 3.412930462250092778e-01 1.248645397993558337e+00
6.519759941571485751e-01 3.346096516239625562e-01 1.248928884403631256e+00
6.548328393073520326e-01 3.294738071712418614e-01 1.248427555598289329e+00
6.548328393073520326e-01 3.294738071712418614e-01 1.248427555598289329e+00
6.587634435292467616e-01 3.224792203097822108e-01 1.247817932776078109e+00
6.609859786457803477e-01 3.185186891740967585e-01 1.246892218787247764e+00
6.649084953393800124e-01 3.116155484061663428e-01 1.245546603703042265e+00
6.670823693178432601e-01 3.078061332474121836e-01 1.244458616965319786e+00
6.696752811034207831e-01 3.037121317440684143e-01 1.243115086062672958e+00
6.696752811034207831e-01 3.037121317440684143e-01 1.243115086062672958e+00
6.726135536018638117e-01 2.986600630469496420e-01 1.241538737652520874e+00
6.758269164768279103e-01 2.922330634613105604e-01 1.239932170595895666e+00
6.781298414130982888e-01 2.873434743918105161e-01 1.238866099338933768e+00
6.811581816428838865e-01 2.812671887835308526e-01 1.237264960488007937e+00
6.843226434143306891e-01 2.740080489692327537e-01 1.236034800058468885e+00
6.867301895473980622e-01 2.680908497219720021e-01 1.234209129408581074e+00
6.891657270818998260e-01 2.634992117042683213e-01 1.233150272821370574e+00
6.891657270818998260e-01 2.634992117042683213e-01 1.233150272821370574e+00
6.911880858649249726e-01 2.583500513473933613e-01 1.232005262273933255e+00
6.911880858649249726e-01 2.583500513473933613e-01 1.232005262273933255e+00
6.964851205426685343e-01 2.458814480879924491e-01 1.228083526857700392e+00
6.992323930815422806e-01 2.399263237468234056e-01 1.225358542102650716e+00
7.021147012182454850e-01 2.337287892191965699e-01 1.222718816153895327e+00
7.034832715404580883e-01 2.295316873403549229e-01 1.222296010773035402e+00
7.054113876683311135e-01 2.242393142935615036e-01 1.220193925155938386e+00
7.071404111791637082e-01 2.198654792991410756e-01 1.218917570673067940e+00
7.071404111791637082e-01 2.198654792991410756e-01 1.218917570673067940e+00
7.093793706459670112e-01 2.146772595600208722e-01 1.216456458111282002e+00
7.093793706459670112e-01 2.146772595600208722e-01 1.216456458111282002e+00
7.141236813346361068e-01 2.030344798731946176e-01 1.210751332849579809e+00
7.175692480102738857e-01 1.936308668293312829e-01 1.207330877888650900e+00
7.191581964473449107e-01 1.897589824948669457e-01 1.204878667381003243e+00
7.191581964473449107e-01 1.897589824948669457e-01 1.204878667381003243e+00
7.210256945449985411e-01 1.849996984974251746e-01 1.202986760981435310e+00
7.224985741087174285e-01 1.810746358482840657e-01 1.200900461605587832e+00
7.246352269878085783e-01 1.758164576567863291e-01 1.197997884635510824e+00
7.246352269878085783e-01 1.758164576567863291e-01 1.197997884635510824e+00
7.263926021074896822e-01 1.706590752041329540e-01 1.194767936463577707e+00
7.277231834438034896e-01 1.684314427874472053e-01 1.193249322485629760e+00
7.290409886484896518e-01 1.656541321310648907e-01 1.190982960504789467e+00
7.290409886484896518e-01 1.656541321310648907e-01 1.190982960504789467e+00
7.319901164134415827e-01 1.593289833443326253e-01 1.185924530305210833e+00
7.319901164134415827e-01 1.593289833443326253e-01 1.185924530305210833e+00
7.357310539122544624e-01 1.519015513464818112e-01 1.179847596093305695e+00
7.357310539122544624e-01 1.519015513464818112e-01 1.179847596093305695e+00
7.384550275836860855e-01 1.472098431777073002e-01 1.173845798862850565e+00
7.408437683191870793e-01 1.450889230565529653e-01 1.169968036249088073e+00
7.408437683191870793e-01 1.450889230565529653e-01 1.169968036249088073e+00
7.432285702470448063e-01 1.417843864065619908e-01 1.167064045888980051e+00
7.453064325732358109e-01 1.396475083922539273e-01 1.165525661785570044e+00
7.475839213439966491e-01 1.380804177905012031e-01 1.162961442915973143e+00
7.506559893298249131e-01 1.357616386381687579e-01 1.159658500264424852e+00
7.506559893298249131e-01 1.357616386381687579e-01 1.159658500264424852e+00
7.542154600784413132e-01 1.334409748465642531e-01 1.157221581344314076e+00
7.577494744807540261e-01 1.303214182397762766e-01 1.153520435854187731e+00
7.599980624541566865e-01 1.284079199026578189e-01 1.152172213979074211e+00
7.599980624541566865e-01 1.284079199026578189e-01 1.152172213979074211e+00
7.634200929073997610e-01 1.257983059186615349e-01 1.149137512413022977e+00
7.664395445648499727e-01 1.253151652135802985e-01 1.146712769489727890e+00
7.664395445648499727e-01 1.253151652135802985e-01 1.146712769489727890e+00
7.694747345818803153e-01 1.222985059766976690e-01 1.143920999595364751e+00
7.718279560494344382e-01 1.198173310987647733e-01 1.142294962315983042e+00
7.718279560494344382e-01 1.198173310987647733e-01 1.142294962315983042e+00
7.748812677937720883e-01 1.178849422624167059e-01 1.139218546589328085e+00
7.748812677937720883e-01 1.178849422624167059e-01 1.139218546589328085e+00
7.798997782070424822e-01 1.143843844470254084e-01 1.134764269004784998e+00
7.798997782070424822e-01 1.143843844470254084e-01 1.134764269004784998e+00
7.828731131638948515e-01 1.126298238228012477e-01 1.132029867711960236e+00
7.852400329416147073e-01 1.104529218631853521e-01 1.130207866040199072e+00
7.877085981412706994e-01 1.091025770395474132e-01 1.128156138755935567e+00
7.899408161319569910e-01 1.073354683352210209e-01 1.126142678901385974e+00
7.917493306035410239e-01 1.060641836571182967e-01 1.124012217160855975e+00
7.917493306035410239e-01 1.060641836571182967e-01 1.124012217160855975e+00
7.936817435678603649e-01 1.045702316469429294e-01 1.123087950804520618e+00
7.936817435678603649e-01 1.045702316469429294e-01 1.123087950804520618e+00
7.979944553932527551e-01 1.016799110671634809e-01 1.118251911855388192e+00
7.979944553932527551e-01 1.016799110671634809e-01 1.118251911855388192e+00
8.001681536105880177e-01 1.003114142263617364e-01 1.117525883619626237e+00
8.020744111432834833e-01 9.967578291967930937e-02 1.115370360541118933e+00
8.040931911777695618e-01 9.865538856681770052e-02 1.112779571489703079e+00
8.040931911777695618e-01 9.865538856681770052e-02 1.112779571489703079e+00
8.057061543938229820e-01 9.848587105615476400e-02 1.110640919474025656e+00
8.075454677853135532e-01 9.885607408314377176e-02 1.107813823765879890e+00
8.075454677853135532e-01 9.885607408314377176e-02 1.107813823765879890e+00
8.090050982812814206e-01 9.816313242204678657e-02 1.106138812408673511e+00
8.100942546650327092e-01 9.869648574688762166e-02 1.104386146540475622e+00
8.113240603004577833e-01 9.844815544326621093e-02 1.101110461312148514e+00
8.120149040074184921e-01 9.866431523727360597e-02 1.099999281080634272e+00
8.130673437392449410e-01 9.926019106683434123e-02 1.098323906356640123e+00
8.140703669088941163e-01 9.881150426537337050e-02 1.095643650409876768e+00
8.140703669088941163e-01 9.881150426537337050e-02 1.095643650409876768e+00
8.153656422572975737e-01 9.886994228197561185e-02 1.092438483986279962e+00
8.160339006920283023e-01 9.849774343506974283e-02 1.091691574016775856e+00
8.173015084349860571e-01 9.829602374449107616e-02 1.088530673045375874e+00
8.173015084349860571e-01 9.829602374449107616e-02 1.088530673045375874e+00
8.192186853188944129e-01 9.894758194180368338e-02 1.084829059312265365e+00
8.192186853188944129e-01 9.894758194180368338e-02 1.084829059312265365e+00
8.207448691479825031e-01 9.868138091665361322e-02 1.081725803264178110e+00
8.218957283313880202e-01 9.902889447968370173e-02 1.080526252542553856e+00
8.227350799969335160e-01 9.940855389703633083e-02 1.078976864747087205e+00
8.238215088702032229e-01 9.832297613093439470e-02 1.077557562115837309e+00
8.244239948433522702e-01 9.786083355060684608e-02 1.075870675955075573e+00
8.244239948433522702e-01 9.786083355060684608e-02 1.075870675955075573e+00
8.254286489851424546e-01 9.916166291999993498e-02 1.073617801362137136e+00
8.264388750125072347e-01 9.818202773879829148e-02 1.072304093212916865e+00
8.271122755873859811e-01 9.854908551209964895e-02 1.070999849810116977e+00
8.271122755873859811e-01 9.854908551209964895e-02 1.070999849810116977e+00
8.280239995098379602e-01 9.875935541778010918e-02 1.068946125443219097e+00
8.280239995098379602e-01 9.875935541778010918e-02 1.068946125443219097e+00
8.291600028424449542e-01 9.839207646585623745e-02 1.067497538634291310e+00
8.291600028424449542e-01 9.839207646585623745e-02 1.067497538634291310e+00
8.303586408005412256e-01 9.951392221157287499e-02 1.064129998947227929e+00
8.314228766120420611e-01 1.000579252766635174e-01 1.060747983704311226e+00
8.319281975274823715e-01 9.866810794347796731e-02 1.059961470970561592e+00
8.324247071524308872e-01 9.896420842078736124e-02 1.058373543026781327e+00
8.324247071524308872e-01 9.896420842078736124e-02 1.058373543026781327e+00
8.328332448496332807e-01 9.866345083676911210e-02 1.057302764222234570e+00
8.328332448496332807e-01 9.866345083676911210e-02 1.057302764222234570e+00
8.336042469523973208e-01 9.838853783437029321e-02 1.054507977075834990e+00
8.336042469523973208e-01 9.838853783437029321e-02 1.054507977075834990e+00
8.340827759954635434e-01 1.003949831091401762e-01 1.051830736299538049e+00
8.340827759954635434e-01 1.003949831091401762e-01 1.051830736299538049e+00
8.348103780709519306e-01 9.947168563447729428e-02 1.049381698082624270e+00
8.359902111460714158e-01 9.958838829535734960e-02 1.046740090457495054e+00
8.361921234960689731e-01 9.973810085136182446e-02 1.045787991896495406e+00
8.361921234960689731e-01 9.973810085136182446e-02 1.045787991896495406e+00
8.366654625351408470e-01 9.970953090941522823e-02 1.043983811774064296e+00
8.367468553393418995e-01 9.998413044328202659e-02 1.042770140313401539e+00
8.367468553393418995e-01 9.998413044328202659e-02 1.042770140313401539e+00
8.374535524499481243e-01 9.999277293076627715e-02 1.041067619330276806e+00
8.374535524499481243e-01 9.999277293076627715e-02 1.041067619330276806e+00
8.382339773175060404e-01 1.001897430616636442e-01 1.038781769213579675e+00
8.382339773175060404e-01 1.001897430616636442e-01 1.038781769213579675e+00
8.390490837706222615e-01 9.985373116775099478e-02 1.037150348826060053e+00
8.395604210529378220e-01 1.010176415053986171e-01 1.035621987810402711e+00
8.401141755552388179e-01 9.981788273042895010e-02 1.033841959078791062e+00
8.404839836031300360e-01 9.918446703241430573e-02 1.032654122695712662e+00
8.406450427689127203e-01 9.977790757120914844e-02 1.032715660733485086e+00
8.406450427689127203e-01 9.977790757120914844e-02 1.032715660733485086e+00
8.412919788103925267e-01 9.946712179701851231e-02 1.031192829465101379e+00
8.418379790405975394e-01 1.004516038266113076e-01 1.030617580999251270e+00
8.422627615321868211e-01 9.912317466712462777e-02 1.029893286156336796e+00
8.422627615321868211e-01 9.912317466712462777e-02 1.029893286156336796e+00
8.426492982981526048e-01 9.944119582417144942e-02 1.029069185340276471e+00
8.433515717678936596e-01 9.914073397853992442e-02 1.028018484130551524e+00
8.437940964223593632e-01 9.864829851683187822e-02 1.027188577787168100e+00
8.443003599304612639e-01 9.982792787937216916e-02 1.026159117880841576e+00
8.447465892472897364e-01 9.869270535783476739e-02 1.025355353699628047e+00
8.447465892472897364e-01 9.869270535783476739e-02 1.025355353699628047e+00
8.451614174960575543e-01 9.943241264401189716e-02 1.025137224929588253e+00
8.453254340428856262e-01 9.863840788105375512e-02 1.024769286739050322e+00
8.458835052858565406e-01 9.912354324253239146e-02 1.022910526962861777e+00
8.461857971229023168e-01 9.939570300990269169e-02 1.022638661391389370e+00
8.461857971229023168e-01 9.939570300990269169e-02 1.022638661391389370e+00
8.463121243635274293e-01 1.000228707257510424e-01 1.021090172176532862e+00
8.467598616303539938e-01 9.861344135339576711e-02 1.021258190980791847e+00
8.470938541451469295e-01 9.888444638135510112e-02 1.019833439639684869e+00
8.472254009279470699e-01 1.003541404424916905e-01 1.018892288743984853e+00
8.475509971015668942e-01 9.862383072067236467e-02 1.018383244211813032e+00
8.481617574867256204e-01 9.964813711702998067e-02 1.016967462799517552e+00
8.486027510877585112e-01 9.904673012654642561e-02 1.016140684962133056e+00
8.486027510877585112e-01 9.904673012654642561e-02 1.016140684962133056e+00
8.488832489985699281e-01 9.888514320664978929e-02 1.014916417411346750e+00
8.491934085936713172e-01 9.856498118375216222e-02 1.014322164601742182e+00
8.495505057269866489e-01 1.007793120404630316e-01 1.013557063413984993e+00
8.495505057269866489e-01 1.007793120404630316e-01 1.013557063413984993e+00
8.502158266795519781e-01 1.008512973538773227e-01 1.013686468492402515e+00
8.509027981605670199e-01 1.013208762247007205e-01 1.013033277050205072e+00
8.516947971522735861e-01 1.045752643541822263e-01 1.012488365902147081e+00
8.522246613818365013e-01 1.053910883373836427e-01 1.011495342349445714e+00
8.527267959293024502e-01 1.048720906441514694e-01 1.011408110667490812e+00
8.527267959293024502e-01 1.048720906441514694e-01 1.011408110667490812e+00
8.532373538617049613e-01 1.065548096960054480e-01 1.011927494828524843e+00
8.538936313079368290e-01 1.085986394391909721e-01 1.011074843575869853e+00
8.543483326404776035e-01 1.086665742114090588e-01 1.010141974371798756e+00
8.548376313992273046e-01 1.087284592253918714e-01 1.009399182716650856e+00
8.548376313992273046e-01 1.087284592253918714e-01 1.009399182716650856e+00
8.554619382684370832e-01 1.094196665809959307e-01 1.009055178126981644e+00
8.563412752739397726e-01 1.097942039146887344e-01 1.007030804255495848e+00
8.563412752739397726e-01 1.097942039146887344e-01 1.007030804255495848e+00
8.570690852912008495e-01 1.092882055808160474e-01 1.005374200246123007e+00
8.570690852912008495e-01 1.092882055808160474e-01 1.005374200246123007e+00
8.575466029404963386e-01 1.091875641795737178e-01 1.003994134915028091e+00
8.575017852390404149e-01 1.103696051237978704e-01 1.002205425305509934e+00
8.575017852390404149e-01 1.103696051237978704e-01 1.002205425305509934e+00
8.580540994400039922e-01 1.096634035226320414e-01 1.000865998284738989e+00
8.578863954629136757e-01 1.106597925050597647e-01 9.989278141483505236e-01
8.578863954629136757e-01 1.106597925050597647e-01 9.989278141483505236e-01
8.581711377497912574e-01 1.096493802800298928e-01 9.965003664487339652e-01
8.581324799444161044e-01 1.094388745574207816e-01 9.955166064568790052e-01
8.581643566944674451e-01 1.113837848346160841e-01 9.949726847377411421e-01
8.582169668221087955e-01 1.105316562035085770e-01 9.928714786920266322e-01
8.584533014227920811e-01 1.102307682798631810e-01 9.927402165019471036e-01
8.582317648462199910e-01 1.102661756055760695e-01 9.915480664399322075e-01
8.585635410103135134e-01 1.109329981719444913e-01 9.895187702892946913e-01
8.584452893067663348e-01 1.108451425349147312e-01 9.892842275061382029e-01
8.584452893067663348e-01 1.108451425349147312e-01 9.892842275061382029e-01
8.584587207181659796e-01 1.108670117283670070e-01 9.883981687690585050e-01
8.585309405691718965e-01 1.102707964193051088e-01 9.879756359596079118e-01
8.587060568641730063e-01 1.105283786245975647e-01 9.870793888245723569e-01
8.586871167607965649e-01 1.106666207396031637e-01 9.864037855239491392e-01
8.586871167607965649e-01 1.106666207396031637e-01 9.864037855239491392e-01
8.588095162424238538e-01 1.095716244260413336e-01 9.868157646275113049e-01
8.588095162424238538e-01 1.095716244260413336e-01 9.868157646275113049e-01
8.588140654948177577e-01 1.108097614480702958e-01 9.869406203826411872e-01
8.588140654948177577e-01 1.108097614480702958e-01 9.869406203826411872e-01
8.587537184614066899e-01 1.105351953737734733e-01 9.871498947354451214e-01
8.586480662576156941e-01 1.103820685457681389e-01 9.867814316319949430e-01
8.586480662576156941e-01 1.103820685457681389e-01 9.867814316319949430e-01
8.584809510250023257e-01 1.109010043499542020e-01 9.862707723578523211e-01
8.587962776839748180e-01 1.101350542791825343e-01 9.870521325052932227e-01
8.587164345322093606e-01 1.102487544792161572e-01 9.869398039145316215e-01
8.587164345322093606e-01 1.102487544792161572e-01 9.869398039145316215e-01
8.586291707933361161e-01 1.107324803159686621e-01 9.876305898240036463e-01
8.586291707933361161e-01 1.107324803159686621e-01 9.876305898240036463e-01
8.588383217756545562e-01 1.103500982867717112e-01 9.867799847233713617e-01
8.588383217756545562e-01 1.103500982867717112e-01 9.867799847233713617e-01
8.585158802533203737e-01 1.104911633373160812e-01 9.872726194845945491e-01
8.585158802533203737e-01 1.104911633373160812e-01 9.872726194845945491e-01
8.586479151078172389e-01 1.098691802907961063e-01 9.864202504402147520e-01
8.586479151078172389e-01 1.098691802907961063e-01 9.864202504402147520e-01
8.585628544392948092e-01 1.110988628720581128e-01 9.868715350317260881e-01
8.585628544392948092e-01 1.110988628720581128e-01 9.868715350317260881e-01
8.587324664137188091e-01 1.105594190657178399e-01 9.873471702702875108e-01
8.587297979671627557e-01 1.099191618843127632e-01 9.861236686432677256e-01
8.584997201980902881e-01 1.102157877060362251e-01 9.864880576093668640e-01
8.585618359304684200e-01 1.112345842261678180e-01 9.859852685091905489e-01
8.586555909406958786e-01 1.102378544159670903e-01 9.872260190688886272e-01
8.586555909406958786e-01 1.102378544159670903e-01 9.872260190688886272e-01
8.587554679129993929e-01 1.109739745090418672e-01 9.868002393380247428e-01
8.587554679129993929e-01 1.109739745090418672e-01 9.868002393380247428e-01
8.589365629311734862e-01 1.113509253068038357e-01 9.866331711359466183e-01
8.591496106439585612e-01 1.136967140090400369e-01 9.865851949518420483e-01
8.591496106439585612e-01 1.136967140090400369e-01 9.865851949518420483e-01
8.592842963834851355e-01 1.135417871545309348e-01 9.870804938079786872e-01
8.594727675864971550e-01 1.139181851464145800e-01 9.857281352186918477e-01
8.594727675864971550e-01 1.139181851464145800e-01 9.857281352186918477e-01
8.597206673561601509e-01 1.144002926485268995e-01 9.839521871871121927e-01
8.597206673561601509e-01 1.144002926485268995e-01 9.839521871871121927e-01
8.601239837027326862e-01 1.155379801335055107e-01 9.816782240961935413e-01
8.601239837027326862e-01 1.155379801335055107e-01 9.816782240961935413e-01
8.601615622796940919e-01 1.174058911827862844e-01 9.809657020789988024e-01
8.601615622796940919e-01 1.174058911827862844e-01 9.809657020789988024e-01
8.604322343427766029e-01 1.185211057376668459e-01 9.817306533986930317e-01
8.609286175823176457e-01 1.164201986083796825e-01 9.821346327893352157e-01
8.608875897991263848e-01 1.152935543241183636e-01 9.809529616349305092e-01
8.611617553511760059e-01 1.146667775706234765e-01 9.818422438159010168e-01
8.611617553511760059e-01 1.146667775706234765e-01 9.818422438159010168e-01
8.613951905658076003e-01 1.133077036226588785e-01 9.814486103511785853e-01
8.618182150209590109e-01 1.119940393218299274e-01 9.810102474367089487e-01
8.620086769820018979e-01 1.122485005502088240e-01 9.817712072492369435e-01
8.620086769820018979e-01 1.122485005502088240e-01 9.817712072492369435e-01
8.625018525774084122e-01 1.097676723016860062e-01 9.820507586342691608e-01
8.625018525774084122e-01 1.097676723016860062e-01 9.820507586342691608e-01
8.627750632808786069e-01 1.088666618034294653e-01 9.808008588146227558e-01
8.627750632808786069e-01 1.088666618034294653e-01 9.808008588146227558e-01
8.634856026807413709e-01 1.070214361445115531e-01 9.786624494797780960e-01
8.639591260289640751e-01 1.069747845686112447e-01 9.786462678106120361e-01
8.643494150917014895e-01 1.066048432222390513e-01 9.763772823405598711e-01
8.647710016504511765e-01 1.061983576110924338e-01 9.750375790658003528e-01
8.650321836265481013e-01 1.060441342735655573e-01 9.739648785265764275e-01
8.654182157227637839e-01 1.051875091716415606e-01 9.737081003544525437e-01
8.654182157227637839e-01 1.051875091716415606e-01 9.737081003544525437e-01
8.660796416439759948e-01 1.055449260849132265e-01 9.721302199179814307e-01
8.663727610266784840e-01 1.038901844113091916e-01 9.722126481812920495e-01
8.668532274344463717e-01 1.040663891070165992e-01 9.714045188028467281e-01
8.675087543654008693e-01 1.019404220327235350e-01 9.716316123860746501e-01
8.676057778020540567e-01 1.014381275241076352e-01 9.707313993515025441e-01
8.678232033883372942e-01 1.010940921290407052e-01 9.700998125852418053e-01
8.685660469503326819e-01 1.000996978357525796e-01 9.702303246092611744e-01
8.685660469503326819e-01 1.000996978357525796e-01 9.702303246092611744e-01
8.687752465062533735e-01 9.871076252793893613e-02 9.693478328970418501e-01
8.689616522161522916e-01 9.723216960758931937e-02 9.685407415027367239e-01
8.692396530189928638e-01 9.730526560616770126e-02 9.690141574835881011e-01
8.695138808269714525e-01 9.572882281824078576e-02 9.689409674426071595e-01
8.698627321298886272e-01 9.557742795523431478e-02 9.686403107127981027e-01
8.696752910248044532e-01 9.560044059637978764e-02 9.684655802806568792e-01
8.699260327706125340e-01 9.479051990372790171e-02 9.681865868343499937e-01
8.700602444921974321e-01 9.422202200399594496e-02 9.688028409534044094e-01
8.702288913528924974e-01 9.310287376398267145e-02 9.684106558012974819e-01
8.702288913528924974e-01 9.310287376398267145e-02 9.684106558012974819e-01
8.701645789255371133e-01 9.349200530402905496e-02 9.686579787363011063e-01
8.700666567274003560e-01 9.259469949558186974e-02 9.683363064131664810e-01
8.702862198540826100e-01 9.326446961455127360e-02 9.685673531886842547e-01
8.702862198540826100e-01 9.326446961455127360e-02 9.685673531886842547e-01
8.703123872616139733e-01 9.287145144564402932e-02 9.694263616645433235e-01
8.703123872616139733e-01 9.287145144564402932e-02 9.694263616645433235e-01
8.701428837884052081e-01 9.206467153833697292e-02 9.683704441755485171e-01
8.701428837884052081e-01 9.206467153833697292e-02 9.683704441755485171e-01
8.702990163742431173e-01 9.350094622696049351e-02 9.687097397920019226e-01
8.702949999011384552e-01 9.283600173298599267e-02 9.686335849323177705e-01
8.701203874895434565e-01 9.221101497456947460e-02 9.688765897283588835e-01
8.701203874895434565e-01 9.221101497456947460e-02 9.688765897283588835e-01
8.702605588100346123e-01 9.276381822468117433e-02 9.683820356951797770e-01
8.701829833171472739e-01 9.316318970384553089e-02 9.682765082514315225e-01
8.701829833171472739e-01 9.316318970384553089e-02 9.682765082514315225e-01
8.702118356218855322e-01 9.333840146010573269e-02 9.685810581200704483e-01
8.702118356218855322e-01 9.333840146010573269e-02 9.685810581200704483e-01
8.702539854826251142e-01 9.291882999657070930e-02 9.685463780574203874e-01
8.702087307709137631e-01 9.307642799957052682e-02 9.687153486820434534e-01
8.702944936846989110e-01 9.323401905064647444e-02 9.689340170487401593e-01
8.702944936846989110e-01 9.323401905064647444e-02 9.689340170487401593e-01
8.702356083663889130e-01 9.185036412630018243e-02 9.684051958307218211e-01
8.701882374195544223e-01 9.473810410029968876e-02 9.684714762235318020e-01
8.701882374195544223e-01 9.473810410029968876e-02 9.684714762235318020e-01
8.702898370628139313e-01 9.319754918361942975e-02 9.686428721641393569e-01
8.703398399791891782e-01 9.314583058812563043e-02 9.685884753740935382e-01
8.703398399791891782e-01 9.314583058812563043e-02 9.685884753740935382e-01
8.702321841165959748e-01 9.255284410006574258e-02 9.682476248462746904e-01
8.702388318769185283e-01 9.302092417906031308e-02 9.692064277387637539e-01
8.701692219689697305e-01 9.305497592679069785e-02 9.688824651413922018e-01
8.703339828981587756e-01 9.311810665053474323e-02 9.691956584643073302e-01
8.701397156397585597e-01 9.250991483722907638e-02 9.690180679867542723e-01
8.701165885753900930e-01 9.241673054948706945e-02 9.682673899080140867e-01
8.701165885753900930e-01 9.241673054948706945e-02 9.682673899080140867e-01
8.702298715924378092e-01 9.267598997452029808e-02 9.690632180053103673e-01
8.702094613448788651e-01 9.261368449078162535e-02 9.679608863167283861e-01
8.701985331951368474e-01 9.330567660521214834e-02 9.689152895391242026e-01
8.702721774202609728e-01 9.259694343699535757e-02 9.683061836562179003e-01
8.702721774202609728e-01 9.259694343699535757e-02 9.683061836562179003e-01
8.702861952811276058e-01 9.339092424490193223e-02 9.685665361888985414e-01
8.702783502301773000e-01 9.179920281779917202e-02 9.681049920680475651e-01
8.701188355526748852e-01 9.404121465607299946e-02 9.695498932321273688e-01
8.701188355526748852e-01 9.404121465607299946e-02 9.695498932321273688e-01
8.700595008419023113e-01 9.329474895806125212e-02 9.691168285064297727e-01
8.702864640947637342e-01 9.232908676183740337e-02 9.686007637245905855e-01
8.702458781985895619e-01 9.321485196005592500e-02 9.698397659105735258e-01
8.701679121387690952e-01 9.172209367060712992e-02 9.694851731112228421e-01
8.702919144969367693e-01 9.297160577097630940e-02 9.682215116674838251e-01
8.702919144969367693e-01 9.297160577097630940e-02 9.682215116674838251e-01
8.701738702587455965e-01 9.260146000284188994e-02 9.688092762443367700e-01
8.701988433096625730e-01 9.236339355010343699e-02 9.688761254544588919e-01
8.702853159296733976e-01 9.213421534554173953e-02 9.682357233434346622e-01
8.702561704707103551e-01 9.325209690682134678e-02 9.689846244145623455e-01
8.702561704707103551e-01 9.325209690682134678e-02 9.689846244145623455e-01
8.701275468363152132e-01 9.310986106486522640e-02 9.683764165339875385e-01
8.701275468363152132e-01 9.310986106486522640e-02 9.683764165339875385e-01
8.700835160979716321e-01 9.190471297422446451e-02 9.683686247667777636e-01
8.700835160979716321e-01 9.190471297422446451e-02 9.683686247667777636e-01
8.703643418020301503e-01 9.212456816851488650e-02 9.683766127525945677e-01
8.703008148338814420e-01 9.296892258659274211e-02 9.689994594875332989e-01
8.703008148338814420e-01 9.296892258659274211e-02 9.689994594875332989e-01
8.702249327367784781e-01 9.233951674780123409e-02 9.687235617297953461e-01
8.702249327367784781e-01 9.233951674780123409e-02 9.687235617297953461e-01
8.702800936519318187e-01 9.216240676521270103e-02 9.691167384760355219e-01
8.702800936519318187e-01 9.216240676521270103e-02 9.691167384760355219e-01
8.703748433712762411e-01 9.279081988535274605e-02 9.694852408796714727e-01
8.702286841742992163e-01 9.257950988796140313e-02 9.689583069724105879e-01
8.703074941679553866e-01 9.190649152847139847e-02 9.693249766477587404e-01
8.702423642063469300e-01 9.325384271734429853e-02 9.693226623864568126e-01
8.703112996221143982e-01 9.277490402931430624e-02 9.693291349210697572e-01
8.703629450867278461e-01 9.285342800625855098e-02 9.685133777014074408e-01
8.703054293883382142e-01 9.233510749889985159e-02 9.687967513179642776e-01
8.703054293883382142e-01 9.233510749889985159e-02 9.687967513179642776e-01
8.703859701371317037e-01 9.236538957831345875e-02 9.694224776018147693e-01
8.701758026914057087e-01 9.296217594156926112e-02 9.691102509462230508e-01
8.701997588072732936e-01 9.247340889337611614e-02 9.691944811087888079e-01
8.701997588072732936e-01 9.247340889337611614e-02 9.691944811087888079e-01
8.701627884197484786e-01 9.332695466387726235e-02 9.688822906965924853e-01
8.702552523293664022e-01 9.348345715425282476e-02 9.693770943716000232e-01
8.702552523293664022e-01 9.348345715425282476e-02 9.693770943716000232e-01
8.703066477503920151e-01 9.247211346152149625e-02 9.681159399632314200e-01
8.704986016993085940e-01 9.133684215273663032e-02 9.685597237941530047e-01
8.703083879455462135e-01 9.264415932088800043e-02 9.680102197750011239e-01
8.703083879455462135e-01 9.264415932088800043e-02 9.680102197750011239e-01
8.702850674107659446e-01 9.279871588492245860e-02 9.694739069140666521e-01
8.703030776184050854e-01 9.217655725891953089e-02 9.691772523483486168e-01
8.703040258187288991e-01 9.317398281986757902e-02 9.686814169461497315e-01
8.703418660670039220e-01 9.238234901817680977e-02 9.685160459890563844e-01
8.703418660670039220e-01 9.238234901817680977e-02 9.685160459890563844e-01
8.702890976795253364e-01 9.220050155071186915e-02 9.691468314019033858e-01
8.702833691343531131e-01 9.286417628080843867e-02 9.692203171527010719e-01
8.702833691343531131e-01 9.286417628080843867e-02 9.692203171527010719e-01
8.701707932618332197e-01 9.282292205894651649e-02 9.691896462765376974e-01
8.701707932618332197e-01 9.282292205894651649e-02 9.691896462765376974e-01
8.703105481246542485e-01 9.200144649368498240e-02 9.692444063939635868e-01
8.703105481246542485e-01 9.200144649368498240e-02 9.692444063939635868e-01
8.703787476688453761e-01 9.312794998362620980e-02 9.691097320681918426e-01
8.703258345272375518e-01 9.321112489833412174e-02 9.692208071054939644e-01
8.703966835005990665e-01 9.190516665175552102e-02 9.688606617438719759e-01
8.703966835005990665e-01 9.190516665175552102e-02 9.688606617438719759e-01
8.703054485903900517e-01 9.192040000264223298e-02 9.682446733132967776e-01
8.703313010707660613e-01 9.317062174540989561e-02 9.695828488706544901e-01
8.702522794700509046e-01 9.305372050072500956e-02 9.688416506386350324e-01
8.702978624073849367e-01 9.251007626994807442e-02 9.687450292751467185e-01
8.703791779985814436e-01 9.279926985273985462e-02 9.693044092897556974e-01
8.703791779985814436e-01 9.279926985273985462e-02 9.693044092897556974e-01
8.703217218341374739e-01 9.284601536465396376e-02 9.691626820413896670e-01
8.703845609178422205e-01 9.223400497557766864e-02 9.687955948042451526e-01
8.702983046130485789e-01 9.343236752801420408e-02 9.690771120196569610e-01
8.702983046130485789e-01 9.343236752801420408e-02 9.690771120196569610e-01
8.703186456904947743e-01 9.277871547449502432e-02 9.680994708651835534e-01
8.703186456904947743e-01 9.277871547449502432e-02 9.680994708651835534e-01
8.704554565818409806e-01 9.161948758576386742e-02 9.692450990363201679e-01
8.703539009173366647e-01 9.258494324470661896e-02 9.689761105308384304e-01
8.703286959884802831e-01 9.233579693557118773e-02 9.686592790628403282e-01
8.702444241193236785e-01 9.261658886385680522e-02 9.692491334303450223e-01
8.702444241193236785e-01 9.261658886385680522e-02 9.692491334303450223e-01
8.703227676309150951e-01 9.264267244779016142e-02 9.691887261146039378e-01
8.703324342929605884e-01 9.257573048559661344e-02 9.688709013834573280e-01
8.703324342929605884e-01 9.257573048559661344e-02 9.688709013834573280e-01
8.702840437301347931e-01 9.328923371537568843e-02 9.691076525966451083e-01
8.702840437301347931e-01 9.328923371537568843e-02 9.691076525966451083e-01
8.701811462748092474e-01 9.368935607614307937e-02 9.693175082626120931e-01
8.702063884779027703e-01 9.294035854100089755e-02 9.686965496833304101e-01
8.702432206629377998e-01 9.302255039622321642e-02 9.689454142745189680e-01
8.702740206351854413e-01 9.302830154702827758e-02 9.689660777700459526e-01
8.702807199374529290e-01 9.286555067401948416e-02 9.678285863586773008e-01
8.702807199374529290e-01 9.286555067401948416e-02 9.678285863586773008e-01
8.702827391957395076e-01 9.379274944823724758e-02 9.690612561408360470e-01
8.702827391957395076e-01 9.379274944823724758e-02 9.690612561408360470e-01
8.704015910329220285e-01 9.273152719969902924e-02 9.694958781514404489e-01
8.702450494465181485e-01 9.225892283408521077e-02 9.688803977324678129e-01
8.702450494465181485e-01 9.225892283408521077e-02 9.688803977324678129e-01
8.704019789583724576e-01 9.220700183229423030e-02 9.692114897780143012e-01
8.703371936144139731e-01 9.175190987600274906e-02 9.689618441037998187e-01
8.703371936144139731e-01 9.175190987600274906e-02 9.689618441037998187e-01
8.703748029883175974e-01 9.266436751237484837e-02 9.694862311341981842e-01
8.705193256324067486e-01 9.260559538846439842e-02 9.698820802848230338e-01
8.705193256324067486e-01 9.260559538846439842e-02 9.698820802848230338e-01
8.702266822695029491e-01 9.271396930081944598e-02 9.692304417085128021e-01
8.704459616334984107e-01 9.232175860905830755e-02 9.695116280137017206e-01
8.704089024127433794e-01 9.207300660325486164e-02 9.693625732031148079e-01
8.701978742212659323e-01 9.283755752231080682e-02 9.682201966560113338e-01
8.701978742212659323e-01 9.283755752231080682e-02 9.682201966560113338e-01
8.703642934547709542e-01 9.329169264472669809e-02 9.692993815561328219e-01
8.703642934547709542e-01 9.329169264472669809e-02 9.692993815561328219e-01
8.702917674759502731e-01 9.266567856332470765e-02 9.695190732548961687e-01
8.702917674759502731e-01 9.266567856332470765e-02 9.695190732548961687e-01
8.702978095608433495e-01 9.270042340264068870e-02 9.690307963883233455e-01
8.702978095608433495e-01 9.270042340264068870e-02 9.690307963883233455e-01
8.704287467048534843e-01 9.181211342827305666e-02 9.693671713860518846e-01
8.703445314535809274e-01 9.225371445764375677e-02 9.690010208034619543e-01
8.703497948304440568e-01 9.254863261449032541e-02 9.692714846921640648e-01
8.702878530251887401e-01 9.213715681827107373e-02 9.681375093690299805e-01
8.702878530251887401e-01 9.213715681827107373e-02 9.681375093690299805e-01
8.703602224882155403e-01 9.249332360645261264e-02 9.690753182016482725e-01
8.703602224882155403e-01 9.249332360645261264e-02 9.690753182016482725e-01
8.703515512091183348e-01 9.274846520508091274e-02 9.690205611372256778e-01
8.703515512091183348e-01 9.274846520508091274e-02 9.690205611372256778e-01
8.705177653267264226e-01 9.187424264685514763e-02 9.691740604997041153e-01
8.702706097462686863e-01 9.342311759801898152e-02 9.693954837806861846e-01
8.701689861398819170e-01 9.282445567109379181e-02 9.693599388263920424e-01
8.702978061115949071e-01 9.280458104769551131e-02 9.685618059450199491e-01
8.702978061115949071e-01 9.280458104769551131e-02 9.685618059450199491e-01
8.703756612681555760e-01 9.286626546954461492e-02 9.692441383176424452e-01
8.703337196875704507e-01 9.225194884383451643e-02 9.697086717976550752e-01
8.702325136857227417e-01 9.228789173871934648e-02 9.687975519084501830e-01
8.702325136857227417e-01 9.228789173871934648e-02 9.687975519084501830e-01
8.702333147430119098e-01 9.351570918252613551e-02 9.693561127453624859e-01
8.703510285423655679e-01 9.311866610416376366e-02 9.694281043052321856e-01
8.703510285423655679e-01 9.311866610416376366e-02 9.694281043052321856e-01
8.704936149430000381e-01 9.142787198874605115e-02 9.697319189177406873e-01
8.704936149430000381e-01 9.142787198874605115e-02 9.697319189177406873e-01
8.704113599215007602e-01 9.253814018273305575e-02 9.691486393746386874e-01
8.702473933463276135e-01 9.272423291327662465e-02 9.686205629627240299e-01
8.702473933463276135e-01 9.272423291327662465e-02 9.686205629627240299e-01
8.704718632154668789e-01 9.179569858049131670e-02 9.696040049606660105e-01
8.701996589168475849e-01 9.273847905636882494e-02 9.686598967905354352e-01
8.704288829384596582e-01 9.195078055969564679e-02 9.688104314414579532e-01
8.704288829384596582e-01 9.195078055969564679e-02 9.688104314414579532e-01
8.703248767465032731e-01 9.341469436216022493e-02 9.697432305558871812e-01
8.703248767465032731e-01 9.341469436216022493e-02 9.697432305558871812e-01
8.702735407119190914e-01 9.293094583943195541e-02 9.695836763703303829e-01
8.702735407119190914e-01 9.293094583943195541e-02 9.695836763703303829e-01
8.702556393144498248e-01 9.285485526024526981e-02 9.695616072139227049e-01
8.702556393144498248e-01 9.285485526024526981e-02 9.695616072139227049e-01
8.703752438628870047e-01 9.242753609037761275e-02 9.697674376120859474e-01
8.702797179059295063e-01 9.306287283498468343e-02 9.685232195108411934e-01
8.702726125591773165e-01 9.252087396239085104e-02 9.692398246276746621e-01
8.702726125591773165e-01 9.252087396239085104e-02 9.692398246276746621e-01
8.703034360113320878e-01 9.283335141860483974e-02 9.694496560324483703e-01
8.703034360113320878e-01 9.283335141860483974e-02 9.694496560324483703e-01
8.702129113071799260e-01 9.314444845104359605e-02 9.713702045326577661e-01
8.701696132305140052e-01 9.283057259592968069e-02 9.729383642597255744e-01
8.700230348916397904e-01 9.234658080420284076e-02 9.757641767449622971e-01
8.700230348916397904e-01 9.234658080420284076e-02 9.757641767449622971e-01
8.699162121101801093e-01 9.220612672890070305e-02 9.794709539978977419e-01
8.699416614920542079e-01 9.350375319334559843e-02 9.815871778108096191e-01
8.696998433840901210e-01 9.301835232972720247e-02 9.848480510350268169e-01
8.698330784930443649e-01 9.183335899083709675e-02 9.869132498942914111e-01
8.698330784930443649e-01 9.183335899083709675e-02 9.869132498942914111e-01
8.694751631877510878e-01 9.340114692673916197e-02 9.929623449541762348e-01
8.694751631877510878e-01 9.340114692673916197e-02 9.929623449541762348e-01
8.690599162987998616e-01 9.244725048843017989e-02 1.001314415627538645e+00
8.690599162987998616e-01 9.244725048843017989e-02 1.001314415627538645e+00
8.682872247338951910e-01 9.246001585949405188e-02 1.011740976547300885e+00
8.678095145341077066e-01 9.221228556853029723e-02 1.018738028669831319e+00
8.674823030207707841e-01 9.252450445372348287e-02 1.023101377043103000e+00
8.668051751855988529e-01 9.234259997942816101e-02 1.030045889364727074e+00
8.662221952573168071e-01 9.156714695750854671e-02 1.034857519133212111e+00
8.662221952573168071e-01 9.156714695750854671e-02 1.034857519133212111e+00
8.656226400802982113e-01 9.137533905976689963e-02 1.041356758423348516e+00
8.646835467996023539e-01 9.092445957612897700e-02 1.048811141772152844e+00
8.646835467996023539e-01 9.092445957612897700e-02 1.048811141772152844e+00
8.636714496351578507e-01 9.072379953705191069e-02 1.055694722333637037e+00
8.630097445059667916e-01 8.908421783272960082e-02 1.060944553993623973e+00
8.630097445059667916e-01 8.908421783272960082e-02 1.060944553993623973e+00
8.621917249736293920e-01 8.950503462571239577e-02 1.066688725038257513e+00
8.621917249736293920e-01 8.950503462571239577e-02 1.066688725038257513e+00
8.596405869758392271e-01 8.981398838002560558e-02 1.082519925448833575e+00
8.582649054339291927e-01 8.900103643334149328e-02 1.090487656242149717e+00
8.566697617836356304e-01 8.825378608307545003e-02 1.098330137250894012e+00
8.549054799990938314e-01 8.667663233251858557e-02 1.107907470502501157e+00
8.549054799990938314e-01 8.667663233251858557e-02 1.107907470502501157e+00
8.532965659787892232e-01 8.676036184222447878e-02 1.115518986135221269e+00
8.520825274148998707e-01 8.726079452187958385e-02 1.121636086839713276e+00
8.501646104366292755e-01 8.580670804691865883e-02 1.129560101217133017e+00
8.501646104366292755e-01 8.580670804691865883e-02 1.129560101217133017e+00
8.477635553474702768e-01 8.544157526139443959e-02 1.138976218550588726e+00
8.462382581191358888e-01 8.458617451019602440e-02 1.144893880772339667e+00
8.447781880711719982e-01 8.446373135264313714e-02 1.150379849429445933e+00
8.447781880711719982e-01 8.446373135264313714e-02 1.150379849429445933e+00
8.420804055246694508e-01 8.332820427757166304e-02 1.159540004884219488e+00
8.379713985944722276e-01 8.215467545047261400e-02 1.173858248961344053e+00
8.379713985944722276e-01 8.215467545047261400e-02 1.173858248961344053e+00
8.331747437345734530e-01 8.455899930192206648e-02 1.187838828123647161e+00
8.311939330313397045e-01 8.470902567538939054e-02 1.193487057939413454e+00
8.288712499649788512e-01 8.624064680049030318e-02 1.199379944391902431e+00
8.288712499649788512e-01 8.624064680049030318e-02 1.199379944391902431e+00
8.257845498744610380e-01 8.648796340955369755e-02 1.207620062797845506e+00
8.257845498744610380e-01 8.648796340955369755e-02 1.207620062797845506e+00
8.217313254935122435e-01 8.888044629495041316e-02 1.218056705071739243e+00
8.217313254935122435e-01 8.888044629495041316e-02 1.218056705071739243e+00
8.152278449133403271e-01 9.319287345856329396e-02 1.232884895071062914e+00
8.095775473029639402e-01 9.929364806424090251e-02 1.244036910305579724e+00
8.095775473029639402e-01 9.929364806424090251e-02 1.244036910305579724e+00
8.047146429504942189e-01 1.049472246533561109e-01 1.253582433025764553e+00
8.014387066417300032e-01 1.091583755598894562e-01 1.259376748291805459e+00
7.998378845835703022e-01 1.116267018428308833e-01 1.262140224084891793e+00
7.998378845835703022e-01 1.116267018428308833e-01 1.262140224084891793e+00
7.968177534308734655e-01 1.152142780014601547e-01 1.266990932970827988e+00
7.922296249841564997e-01 1.229040993855685521e-01 1.274179298075038380e+00
7.922296249841564997e-01 1.229040993855685521e-01 1.274179298075038380e+00
7.885898053485688175e-01 1.298163114666407714e-01 1.279031948540175989e+00
7.858354640383724554e-01 1.345348447540252457e-01 1.282546265338093239e+00
7.841071122995283416e-01 1.378902618575078010e-01 1.284851890350045878e+00
7.814564687639334872e-01 1.428296206301923610e-01 1.288391028692372542e+00
7.799289552055953534e-01 1.462352494920452495e-01 1.289779964173847437e+00
7.782088622752009188e-01 1.500125807792175858e-01 1.291708746857042067e+00
7.782088622752009188e-01 1.500125807792175858e-01 1.291708746857042067e+00
7.756905291885763942e-01 1.565412451350841616e-01 1.293983990159650155e+00
7.736153095782768441e-01 1.612015924324168847e-01 1.295361317439429838e+00
7.719197693356187884e-01 1.651197935243307324e-01 1.297291711959118299e+00
7.706532096679440391e-01 1.698772968888463408e-01 1.297787678855229165e+00
7.681529074540468516e-01 1.748014283991454199e-01 1.300073707460421835e+00
7.661211340681747251e-01 1.806992161117999818e-01 1.301183129076287637e+00
7.638890420188639840e-01 1.876682791198252820e-01 1.302164175575678762e+00
7.628313724295896492e-01 1.912109709421910275e-01 1.302273454572733247e+00
7.628313724295896492e-01 1.912109709421910275e-01 1.302273454572733247e+00
7.610760903069117012e-01 1.971548965588293956e-01 1.302509205304413387e+00
7.610760903069117012e-01 1.971548965588293956e-01 1.302509205304413387e+00
7.581117629730687035e-01 2.087508532404962758e-01 1.302350666809190871e+00
7.581117629730687035e-01 2.087508532404962758e-01 1.302350666809190871e+00
7.538035114926086022e-01 2.214479891741242823e-01 1.302777034089170893e+00
7.517180935887453064e-01 2.289211572860521959e-01 1.302745414061755813e+00
7.502412546038487173e-01 2.338777817485873101e-01 1.302682026007241589e+00
7.502412546038487173e-01 2.338777817485873101e-01 1.302682026007241589e+00
7.478987608988630909e-01 2.405848945172291420e-01 1.302963032345864081e+00
7.453618388418744578e-01 2.477250218555076544e-01 1.302568096919841212e+00
7.453618388418744578e-01 2.477250218555076544e-01 1.302568096919841212e+00
7.414584620050356234e-01 2.589865525411070291e-01 1.302748242008449964e+00
7.414584620050356234e-01 2.589865525411070291e-01 1.302748242008449964e+00
7.367997419753887778e-01 2.715409363752951943e-01 1.302541827000090136e+00
7.367997419753887778e-01 2.715409363752951943e-01 1.302541827000090136e+00
7.312811691545623161e-01 2.848076260314210129e-01 1.302896191900221545e+00
7.286277278995688667e-01 2.912612233511683857e-01 1.302714307739807120e+00
7.249940695490877385e-01 2.998167421249598452e-01 1.303060981039386501e+00
7.249940695490877385e-01 2.998167421249598452e-01 1.303060981039386501e+00
7.219209327269586751e-01 3.065761589714380286e-01 1.303201290994307371e+00
7.199050664865870308e-01 3.113488092852235156e-01 1.302664007686122227e+00
7.163028236485928790e-01 3.195107964217730467e-01 1.302623363540685197e+00
7.136131458052065168e-01 3.255897451692071898e-01 1.302032203373122865e+00
7.099321270547680474e-01 3.331602353702477481e-01 1.302217209780897278e+00
7.099321270547680474e-01 3.331602353702477481e-01 1.302217209780897278e+00
7.069668199304451894e-01 3.388275503889862650e-01 1.302257636858432654e+00
7.040556207239780928e-01 3.442763732846441105e-01 1.302813360062281323e+00
7.040556207239780928e-01 3.442763732846441105e-01 1.302813360062281323e+00
6.993020820866487908e-01 3.531908114619205508e-01 1.302890663482672462e+00
6.993020820866487908e-01 3.531908114619205508e-01 1.302890663482672462e+00
6.941186664974514642e-01 3.633963781901514700e-01 1.302491574468868762e+00
6.941186664974514642e-01 3.633963781901514700e-01 1.302491574468868762e+00
6.900504719309599189e-01 3.699940338521499061e-01 1.303222994042535277e+00
6.866454055832493797e-01 3.762559392249713586e-01 1.302533354636300711e+00
6.840372854626647348e-01 3.807622442318429057e-01 1.302672811483414961e+00
6.840372854626647348e-01 3.807622442318429057e-01 1.302672811483414961e+00
6.804371603434583582e-01 3.872649819489488721e-01 1.302251005226349623e+00
6.762872379519464516e-01 3.934098782311252207e-01 1.303134006474024886e+00
6.741327228074537325e-01 3.974303732323322125e-01 1.302444858749529200e+00
6.717019826131991334e-01 4.013430921229693138e-01 1.302259616132655839e+00
6.717019826131991334e-01 4.013430921229693138e-01 1.302259616132655839e+00
6.676863815811865388e-01 4.072906533895917502e-01 1.302827962733282829e+00
6.676863815811865388e-01 4.072906533895917502e-01 1.302827962733282829e+00
6.616195051244188052e-01 4.173666333672810813e-01 1.302296140389161749e+00
6.616195051244188052e-01 4.173666333672810813e-01 1.302296140389161749e+00
6.539190484049189900e-01 4.280886372446581767e-01 1.303148776785573393e+00
6.519884802232099874e-01 4.311637076162734283e-01 1.302370543576419681e+00
6.519884802232099874e-01 4.311637076162734283e-01 1.302370543576419681e+00
6.477549512408927734e-01 4.373987299896338055e-01 1.302112454045420087e+00
6.453643234745736201e-01 4.405992909937499480e-01 1.302276778432783555e+00
6.411728694925049599e-01 4.465718188112887677e-01 1.302242936994608247e+00
6.411728694925049599e-01 4.465718188112887677e-01 1.302242936994608247e+00
6.370511127928641937e-01 4.519263139851407707e-01 1.302337165646509920e+00
6.344982486207688677e-01 4.560207173204547382e-01 1.301606059014568384e+00
6.327173106543214631e-01 4.593282113668313849e-01 1.300501935884851523e+00
6.327173106543214631e-01 4.593282113668313849e-01 1.300501935884851523e+00
6.303520944989748909e-01 4.633171553060440040e-01 1.299381357374825186e+00
6.285109343891226441e-01 4.670544128317582477e-01 1.297525139708292530e+00
6.285109343891226441e-01 4.670544128317582477e-01 1.297525139708292530e+00
6.259918847398828756e-01 4.729769806954345346e-01 1.294981399815180900e+00
6.259918847398828756e-01 4.729769806954345346e-01 1.294981399815180900e+00
6.238387780118462844e-01 4.813000797393417463e-01 1.287922918339479583e+00
6.234104050633005878e-01 4.858746700312033262e-01 1.282486196109188015e+00
6.219684402531000522e-01 4.916878438306102606e-01 1.277709958247813971e+00
6.210408688850979075e-01 4.959242015084007749e-01 1.273562234056368814e+00
6.200596617432627689e-01 4.997046559570064161e-01 1.269838165541747665e+00
6.193445829477579601e-01 5.065209913127206587e-01 1.261695419745453517e+00
6.193445829477579601e-01 5.065209913127206587e-01 1.261695419745453517e+00
6.181378779247613808e-01 5.126474126759532624e-01 1.255592739452108919e+00
6.172305986271157119e-01 5.181838767914841437e-01 1.248191839068523157e+00
6.170369167045993697e-01 5.214290815346788177e-01 1.244223878102221681e+00
6.173277164487117608e-01 5.260416697804500830e-01 1.236048116320659140e+00
6.173277164487117608e-01 5.260416697804500830e-01 1.236048116320659140e+00
6.166582672219034222e-01 5.310239038182789084e-01 1.229595143765404242e+00
6.163036208393773974e-01 5.342391593715501985e-01 1.224452397908397661e+00
6.164640192279233766e-01 5.379339197590340405e-01 1.218172039768615766e+00
6.157341030539782434e-01 5.427468369806904835e-01 1.210549888850938505e+00
6.149645943974672013e-01 5.472081839542037862e-01 1.203435605648100148e+00
6.148443288370152304e-01 5.499533087008470211e-01 1.198602701071129539e+00
6.130867098590960795e-01 5.552314420326021072e-01 1.192264885786019857e+00
6.121077715842034861e-01 5.595038514736583313e-01 1.185493378530079855e+00
6.115189574019774810e-01 5.623279475845088804e-01 1.181138707110000352e+00
6.115189574019774810e-01 5.623279475845088804e-01 1.181138707110000352e+00
6.117138379182539554e-01 5.644383774868293457e-01 1.175229286437307064e+00
6.112973490382337394e-01 5.669729468561442998e-01 1.171167392224728987e+00
6.106820697155488364e-01 5.698828650758156478e-01 1.165998858429496021e+00
6.104236725832206112e-01 5.725548816573365896e-01 1.160331838481972522e+00
6.098474829452011914e-01 5.747713589732015294e-01 1.155854563334816287e+00
6.098474829452011914e-01 5.747713589732015294e-01 1.155854563334816287e+00
6.091354375032920210e-01 5.773017935004098877e-01 1.152187128455302911e+00
6.089425111817742264e-01 5.785496012586300862e-01 1.149049387800970212e+00
6.084586596356698074e-01 5.803665005340989946e-01 1.145884117668184210e+00
6.085013927172997494e-01 5.811993176561170982e-01 1.143430659758504886e+00
6.085013927172997494e-01 5.811993176561170982e-01 1.143430659758504886e+00
6.076132524717232641e-01 5.833193160791139142e-01 1.139885497032139927e+00
6.081469378106266754e-01 5.837887110422498305e-01 1.137512321752051747e+00
6.077212263521034608e-01 5.848691870095764633e-01 1.135486104826144427e+00
6.075941373190610895e-01 5.854648452975274031e-01 1.134478855877487868e+00
6.075941373190610895e-01 5.854648452975274031e-01 1.134478855877487868e+00
6.070894104463613328e-01 5.866814977126177943e-01 1.131657848618630613e+00
6.072535700164516381e-01 5.874986840344217365e-01 1.129390722770423627e+00
6.065548472407926717e-01 5.888650457826138940e-01 1.127817845768130711e+00
6.056541799987403829e-01 5.902788814444388521e-01 1.125874048290644192e+00
6.056150134415133612e-01 5.906622564988600610e-01 1.124535276483923818e+00
6.056150134415133612e-01 5.906622564988600610e-01 1.124535276483923818e+00
6.060920867798584855e-01 5.906730543557821012e-01 1.123237121909803626e+00
6.057466236479780441e-01 5.916243553907698516e-01 1.121202503023622121e+00
6.057466236479780441e-01 5.916243553907698516e-01 1.121202503023622121e+00
6.057737146611396062e-01 5.921093681582896284e-01 1.119831714441184012e+00
6.055948159588712132e-01 5.928210041516320805e-01 1.119123222077246682e+00
6.062134498042354158e-01 5.924915335020394247e-01 1.117490276500232360e+00
6.062134498042354158e-01 5.924915335020394247e-01 1.117490276500232360e+00
6.049883966904081589e-01 5.938792505332877170e-01 1.117045436548755433e+00
6.049883966904081589e-01 5.938792505332877170e-01 1.117045436548755433e+00
6.061065856253597950e-01 5.939961720343499563e-01 1.113219611463215797e+00
6.060108051745015656e-01 5.946090406890707225e-01 1.111416773881284348e+00
6.067317775188585394e-01 5.948657664161335346e-01 1.108202490526640327e+00
6.068587943398623397e-01 5.953279860494362641e-01 1.105589055685811672e+00
6.068587943398623397e-01 5.953279860494362641e-01 1.105589055685811672e+00
6.065614944477308867e-01 5.961475900860777610e-01 1.103943286643193300e+00
6.077285863532647658e-01 5.955178161647559643e-01 1.103231856388507293e+00
6.072335887635482710e-01 5.961640535195367185e-01 1.101112207354217443e+00
6.072335887635482710e-01 5.961640535195367185e-01 1.101112207354217443e+00
6.073498595612908391e-01 5.965660994710498821e-01 1.099950311917731405e+00
6.079558935684107324e-01 5.969598769974164831e-01 1.097109647741610461e+00
6.079558935684107324e-01 5.969598769974164831e-01 1.097109647741610461e+00
6.078959246961389562e-01 5.976857421947504578e-01 1.093898200250898123e+00
6.078635533901918242e-01 5.982990405067983852e-01 1.092373019316311034e+00
6.088510542457638008e-01 5.974287219763843026e-01 1.091296504874825324e+00
6.088510542457638008e-01 5.974287219763843026e-01 1.091296504874825324e+00
6.086650683848114918e-01 5.978399364768569590e-01 1.090308615154103045e+00
6.085274954744229747e-01 5.984805767550402944e-01 1.088859609434817077e+00
6.085116983008526104e-01 5.988803310674083447e-01 1.087716845894757478e+00
6.085116983008526104e-01 5.988803310674083447e-01 1.087716845894757478e+00
6.085012680435502030e-01 5.988661172359337481e-01 1.086873098950490224e+00
6.085012680435502030e-01 5.988661172359337481e-01 1.086873098950490224e+00
6.076393847600850551e-01 5.999695761619500134e-01 1.083508613114154695e+00
6.076393847600850551e-01 5.999695761619500134e-01 1.083508613114154695e+00
6.066027322897772356e-01 5.996938188005112025e-01 1.080981338132618985e+00
6.066027322897772356e-01 5.996938188005112025e-01 1.080981338132618985e+00
6.050692061552839229e-01 5.997422535237879604e-01 1.077038362816044703e+00
6.047566877858955303e-01 5.994271524683403296e-01 1.076972061587416318e+00
6.047566877858955303e-01 5.994271524683403296e-01 1.076972061587416318e+00
6.043222168861310806e-01 5.990542649957459886e-01 1.074960197590508315e+00
6.043222168861310806e-01 5.990542649957459886e-01 1.074960197590508315e+00
6.015355873239708329e-01 6.000016709319444530e-01 1.070312283263354924e+00
6.015355873239708329e-01 6.000016709319444530e-01 1.070312283263354924e+00
6.004522425083144155e-01 5.991962009159158553e-01 1.067392058541174471e+00
6.004522425083144155e-01 5.991962009159158553e-01 1.067392058541174471e+00
5.988800482950006332e-01 5.996724264600751253e-01 1.064419944533906648e+00
5.988800482950006332e-01 5.996724264600751253e-01 1.064419944533906648e+00
5.968844140817938237e-01 5.996776067793874176e-01 1.060699347439569618e+00
5.963739542242434410e-01 5.997465280973466317e-01 1.060002279492100463e+00
5.963739542242434410e-01 5.997465280973466317e-01 1.060002279492100463e+00
5.953974179000892653e-01 5.993370053362369054e-01 1.059029559547091548e+00
5.947622134897708746e-01 5.995122884246549821e-01 1.057049203049114094e+00
5.940936821914418742e-01 5.993970098997796203e-01 1.056101294415881631e+00
5.940936821914418742e-01 5.993970098997796203e-01 1.056101294415881631e+00
5.937773393902887609e-01 5.982936080181524563e-01 1.055370765909095843e+00
5.923871046033118981e-01 5.993301607908635420e-01 1.054974040779471878e+00
5.923871046033118981e-01 5.993301607908635420e-01 1.054974040779471878e+00
5.913337610847931858e-01 5.995397769175239144e-01 1.053977747979673030e+00
5.913337610847931858e-01 5.995397769175239144e-01 1.053977747979673030e+00
5.903066713902189733e-01 5.989831295558968316e-01 1.053328759349372534e+00
5.903066713902189733e-01 5.989831295558968316e-01 1.053328759349372534e+00
5.892076931782758153e-01 5.978077918453377215e-01 1.052616343221937978e+00
5.878117255336395841e-01 5.979628362238974537e-01 1.051739007895068578e+00
5.869444753601997800e-01 5.974848098982583622e-01 1.051342106923966568e+00
5.869444753601997800e-01 5.974848098982583622e-01 1.051342106923966568e+00
5.849133075091050848e-01 5.984076693391541246e-01 1.050029807719737196e+00
5.850235929041650573e-01 5.973724484698594850e-01 1.049871451969596858e+00
5.846725641294320264e-01 5.971213155796565308e-01 1.048293254709451450e+00
5.846725641294320264e-01 5.971213155796565308e-01 1.048293254709451450e+00
5.836392831940417913e-01 5.969717101381107893e-01 1.048824525656929740e+00
5.836392831940417913e-01 5.969717101381107893e-01 1.048824525656929740e+00
5.815903899991916592e-01 5.972902620309371580e-01 1.047397803197208876e+00
5.808998281706118094e-01 5.962259960041438323e-01 1.046989218200913285e+00
5.806850032095524083e-01 5.958687980558482478e-01 1.046787496869295842e+00
5.806850032095524083e-01 5.958687980558482478e-01 1.046787496869295842e+00
5.796684926888276967e-01 5.958987083825925124e-01 1.045837007467830482e+00
5.792987642051978803e-01 5.956415501306024929e-01 1.045024678528862161e+00
5.774306861524780565e-01 5.960240392594791103e-01 1.045827548647704885e+00
5.778363947606485196e-01 5.952804137520975036e-01 1.044384499491247453e+00
5.767110137218648402e-01 5.951644801815267893e-01 1.044774273234930106e+00
5.767110137218648402e-01 5.951644801815267893e-01 1.044774273234930106e+00
5.751433554455895880e-01 5.946370104048177563e-01 1.043912915201163472e+00
5.734866836440430937e-01 5.944962320718341076e-01 1.042794169266154425e+00
5.720121628743338738e-01 5.943595779541338553e-01 1.041929267162074790e+00
5.710308814323319382e-01 5.941890710244700502e-01 1.042060930856791856e+00
5.710308814323319382e-01 5.941890710244700502e-01 1.042060930856791856e+00
5.705041759784615918e-01 5.933112099202365597e-01 1.041325117779620113e+00
5.687334791423852565e-01 5.934470003607775768e-01 1.041051426693368587e+00
5.683776952438319707e-01 5.929728974511601081e-01 1.039665454025938240e+00
5.683776952438319707e-01 5.929728974511601081e-01 1.039665454025938240e+00
5.670768729305675215e-01 5.927176772301240293e-01 1.038892927848315217e+00
5.658601375152713109e-01 5.929357784183788560e-01 1.039101695263339620e+00
5.657951798031147783e-01 5.918356577296191023e-01 1.038675245831355287e+00
5.657951798031147783e-01 5.918356577296191023e-01 1.038675245831355287e+00
5.643526937380035635e-01 5.918297571080846087e-01 1.038175320162177284e+00
5.643526937380035635e-01 5.918297571080846087e-01 1.038175320162177284e+00
5.618701571005377815e-01 5.917638187181303300e-01 1.037687562658506701e+00
5.605181886438724836e-01 5.903088905557857258e-01 1.036451034570027074e+00
5.605181886438724836e-01 5.903088905557857258e-01 1.036451034570027074e+00
5.586997967384099706e-01 5.893817582306020153e-01 1.035336233701477759e+00
5.568666126229940838e-01 5.901662860712606484e-01 1.035536525039004285e+00
5.568666126229940838e-01 5.901662860712606484e-01 1.035536525039004285e+00
5.561808010506762434e-01 5.897352725941101825e-01 1.034877259267806160e+00
5.553349196477065375e-01 5.895924603241315953e-01 1.034680133126000934e+00
5.553168620248963849e-01 5.888537466036752877e-01 1.034377679762153779e+00
5.553168620248963849e-01 5.888537466036752877e-01 1.034377679762153779e+00
5.546646435942212960e-01 5.883963514434498165e-01 1.034530438908572103e+00
5.546646435942212960e-01 5.883963514434498165e-01 1.034530438908572103e+00
5.536765267821931458e-01 5.882829864528982267e-01 1.034003484314996557e+00
5.531213532396228594e-01 5.880156893570338550e-01 1.033402151569803085e+00
5.531213532396228594e-01 5.880156893570338550e-01 1.033402151569803085e+00
5.528113631738811318e-01 5.877639689446316762e-01 1.034540030765374707e+00
5.525311650863266033e-01 5.879092895057902446e-01 1.033617032742387476e+00
5.517649018339185751e-01 5.884238225231874786e-01 1.033755282433868494e+00
5.517649018339185751e-01 5.884238225231874786e-01 1.033755282433868494e+00
5.524123261648533623e-01 5.873919716281722492e-01 1.033281643807450578e+00
5.516943956532120996e-01 5.882495650055521441e-01 1.032941193193401386e+00
5.520887830439645816e-01 5.876758386957461333e-01 1.033612416264006129e+00
5.520887830439645816e-01 5.876758386957461333e-01 1.033612416264006129e+00
5.515234576666396826e-01 5.883613882859807243e-01 1.033473979814309107e+00
5.524184220024392911e-01 5.874803135302233414e-01 1.033861478426061797e+00
5.524184220024392911e-01 5.874803135302233414e-01 1.033861478426061797e+00
5.529380981339898637e-01 5.870080902061949324e-01 1.033478020526402252e+00
5.518707669795619442e-01 5.876957312034030156e-01 1.034028856442183120e+00
5.518707669795619442e-01 5.876957312034030156e-01 1.034028856442183120e+00
5.526516722387690983e-01 5.869970095989291980e-01 1.033257416553733155e+00
5.524752064410221042e-01 5.873269703056800406e-01 1.033084185103773978e+00
5.524752064410221042e-01 5.873269703056800406e-01 1.033084185103773978e+00
5.525347423252821022e-01 5.873244480966988146e-01 1.033448586220562460e+00
5.525057548292177101e-01 5.868701543653447317e-01 1.033696839657409994e+00
5.522588721962065073e-01 5.873394978697321633e-01 1.033948753227269313e+00
5.522611960873898829e-01 5.873661294194039151e-01 1.034072656415091496e+00
5.523229326774459214e-01 5.873092314923895607e-01 1.033763276822515786e+00
5.518040511468694787e-01 5.878733267695178677e-01 1.034274286653643404e+00
5.520779774391991745e-01 5.874092352236300885e-01 1.033792067216035893e+00
5.518936000320832092e-01 5.878407811052176468e-01 1.033762128801718694e+00
5.524746984184072396e-01 5.871062205012714807e-01 1.033309930645093466e+00
5.522642379887705566e-01 5.873116344467280703e-01 1.033727860434360712e+00
5.524121711898203335e-01 5.872714631212331282e-01 1.033552661749207457e+00
5.529545785937042268e-01 5.867543543055606658e-01 1.033844257527829047e+00
5.524167083256849020e-01 5.871242641161469322e-01 1.034029007446104487e+00
5.525015722227518689e-01 5.870061588881487769e-01 1.034014218264076579e+00
5.516132479851785231e-01 5.878750639155732038e-01 1.034168350637403311e+00
5.516132479851785231e-01 5.878750639155732038e-01 1.034168350637403311e+00
5.516313370085995649e-01 5.879620090212858141e-01 1.034428407361759783e+00
5.520511011045928784e-01 5.872613752496700368e-01 1.034046217114586774e+00
5.516348043656262856e-01 5.864933401831521342e-01 1.035695931143936876e+00
5.516348043656262856e-01 5.864933401831521342e-01 1.035695931143936876e+00
5.503240890343041869e-01 5.860179243052798803e-01 1.037385248155652917e+00
5.491564319384539816e-01 5.858332825942806910e-01 1.038559559665308996e+00
5.486911327089843970e-01 5.844069470851266379e-01 1.040705977673491267e+00
5.486911327089843970e-01 5.844069470851266379e-01 1.040705977673491267e+00
5.463823909524635480e-01 5.844627060956142373e-01 1.043677817868839508e+00
5.451955257639626851e-01 5.833071715550441905e-01 1.045941767485512264e+00
5.451955257639626851e-01 5.833071715550441905e-01 1.045941767485512264e+00
5.441277266570919702e-01 5.823710900975059834e-01 1.049207733448694668e+00
5.431269745023918905e-01 5.820238275314681964e-01 1.051474908741230729e+00
5.417218067275769711e-01 5.815605709110538424e-01 1.053824825363080198e+00
5.417114297475824625e-01 5.802856351358689491e-01 1.055713820734432318e+00
5.417114297475824625e-01 5.802856351358689491e-01 1.055713820734432318e+00
5.399029625587548065e-01 5.799531492651004427e-01 1.057892270403745227e+00
5.399029625587548065e-01 5.799531492651004427e-01 1.057892270403745227e+00
5.380000206882401548e-01 5.780134882500692628e-01 1.062705278740661230e+00
5.380000206882401548e-01 5.780134882500692628e-01 1.062705278740661230e+00
5.353746313977374438e-01 5.769640616584735815e-01 1.064992359607241479e+00
5.353746313977374438e-01 5.769640616584735815e-01 1.064992359607241479e+00
5.341717566416140928e-01 5.766123923352196590e-01 1.066311678679247699e+00
5.332375401162163797e-01 5.754045703657663102e-01 1.067740395589281022e+00
5.319091766960865053e-01 5.744296396847841102e-01 1.069165554534326823e+00
5.304276468067863348e-01 5.745016372122009329e-01 1.068600736949051555e+00
5.304276468067863348e-01 5.745016372122009329e-01 1.068600736949051555e+00
5.292635106217425944e-01 5.736067230909426273e-01 1.070081278066581820e+00
5.290758823656830367e-01 5.723527834117565494e-01 1.070378209791833513e+00
5.279566587309110215e-01 5.710656573204457853e-01 1.070120577194003442e+00
5.274741603832140413e-01 5.703696623697112056e-01 1.070291070095443331e+00
5.273054850535864313e-01 5.688412298803001699e-01 1.070155776508368684e+00
5.273054850535864313e-01 5.688412298803001699e-01 1.070155776508368684e+00
5.265891466983748659e-01 5.681235598908377371e-01 1.069427778141996743e+00
5.262924811078403264e-01 5.649011039870724948e-01 1.067414426746323919e+00
5.262924811078403264e-01 5.649011039870724948e-01 1.067414426746323919e+00
5.266823957655967225e-01 5.613427290639816380e-01 1.065905336005714910e+00
5.266823957655967225e-01 5.613427290639816380e-01 1.065905336005714910e+00
5.259212530098743565e-01 5.593246953995796300e-01 1.064810598686076082e+00
5.259212530098743565e-01 5.593246953995796300e-01 1.064810598686076082e+00
5.268772350204673494e-01 5.565450454267251157e-01 1.063767243732736345e+00
5.265645392301544492e-01 5.559201521664146606e-01 1.063306474341297880e+00
5.272008475625274970e-01 5.545937542597063619e-01 1.063415167942630468e+00
5.277226834433059732e-01 5.538842421473452182e-01 1.062971497122464859e+00
5.271877608924232517e-01 5.538728660893345035e-01 1.062537909887502519e+00
5.271877608924232517e-01 5.538728660893345035e-01 1.062537909887502519e+00
5.278544298226807152e-01 5.529782516320297381e-01 1.062554633745502297e+00
5.278134213984959633e-01 5.527509174044672458e-01 1.062054412700313977e+00
5.278134213984959633e-01 5.527509174044672458e-01 1.062054412700313977e+00
5.277741163105094113e-01 5.525355025751363947e-01 1.062672623450685805e+00
5.281845429264059311e-01 5.516496693340875446e-01 1.062663318392742973e+00
5.281845429264059311e-01 5.516496693340875446e-01 1.062663318392742973e+00
5.281986532839053616e-01 5.518403885771603345e-01 1.061414006938134591e+00
5.276558040114445181e-01 5.518153443074773623e-01 1.061494878625808491e+00
5.274600897739877281e-01 5.523539872527603034e-01 1.060570159740065632e+00
5.276644775533563259e-01 5.518562014608392463e-01 1.061382402727073959e+00
5.280712722086765565e-01 5.514791264340860311e-01 1.061886818901883078e+00
5.280712722086765565e-01 5.514791264340860311e-01 1.061886818901883078e+00
5.279844734795759997e-01 5.514149243964638902e-01 1.061843429918158943e+00
5.284383834567941696e-01 5.507719593305749894e-01 1.061914286324678214e+00
5.291958997081502858e-01 5.498844516430504425e-01 1.061425665279509101e+00
5.292805828909793453e-01 5.497689553957151309e-01 1.060601230481798884e+00
5.296748875357651931e-01 5.489351951346609360e-01 1.060868109279582194e+00
5.299173769904010900e-01 5.483465336360169307e-01 1.060430293444657002e+00
5.299173769904010900e-01 5.483465336360169307e-01 1.060430293444657002e+00
5.298584512663322421e-01 5.481985488789267169e-01 1.059888467071454787e+00
5.311648594943139123e-01 5.467079847905685908e-01 1.059990039169725451e+00
5.315734802478320198e-01 5.458090500099329612e-01 1.060162222097845941e+00
5.315734802478320198e-01 5.458090500099329612e-01 1.060162222097845941e+00
5.315573415507984789e-01 5.453717301001311801e-01 1.059181645470349542e+00
5.316058640412503200e-01 5.453131932344708055e-01 1.059713480154597320e+00
5.334234320019130005e-01 5.437365509865713653e-01 1.059066050519077429e+00
5.334234320019130005e-01 5.437365509865713653e-01 1.059066050519077429e+00
5.341560742470153889e-01 5.439524850132229083e-01 1.059360351119081667e+00
5.359585033541659493e-01 5.448880344505908635e-01 1.058893891590641623e+00
5.359585033541659493e-01 5.448880344505908635e-01 1.058893891590641623e+00
5.370599799252845363e-01 5.457214389121556319e-01 1.059664458581398572e+00
5.383517168765937777e-01 5.458955199920920709e-01 1.059319773962047240e+00
5.389140778667366183e-01 5.466200950124070479e-01 1.060418867049106595e+00
5.402817554500015662e-01 5.471130229065439554e-01 1.059497140562610351e+00
5.402817554500015662e-01 5.471130229065439554e-01 1.059497140562610351e+00
5.420507923191328903e-01 5.468851654913164939e-01 1.060168047815303272e+00
5.427451096060451619e-01 5.474709027968620578e-01 1.060841800301594695e+00
5.435144726661617076e-01 5.478201444298842482e-01 1.060640689121816083e+00
5.443176275857908308e-01 5.479855269769154935e-01 1.060730238544919768e+00
5.450813589889983435e-01 5.484413471154143682e-01 1.061879017662880287e+00
5.458020322144273573e-01 5.483692299894807887e-01 1.061360719085923776e+00
5.458020322144273573e-01 5.483692299894807887e-01 1.061360719085923776e+00
5.454535443760178959e-01 5.497444609689284833e-01 1.061458862597767672e+00
5.477210077705025881e-01 5.490440206325805095e-01 1.061353785433869490e+00
5.477210077705025881e-01 5.490440206325805095e-01 1.061353785433869490e+00
5.472739906887882366e-01 5.499979588179786383e-01 1.061121286726511848e+00
5.479869228962929162e-01 5.496658595289819482e-01 1.062116146445789999e+00
5.486897940140741392e-01 5.497419305523625344e-01 1.062265221457068920e+00
5.486897940140741392e-01 5.497419305523625344e-01 1.062265221457068920e+00
5.481939756507382411e-01 5.502466421680943798e-01 1.061736190730058205e+00
5.486850393458913011e-01 5.502239980724038526e-01 1.061766183955493270e+00
5.484767709723700202e-01 5.503920016237042745e-01 1.061920833011903209e+00
5.484257046860387952e-01 5.506777347338457362e-01 1.061701312138651820e+00
5.487139882973637306e-01 5.502787320289119766e-01 1.062384542466025872e+00
5.487139882973637306e-01 5.502787320289119766e-01 1.062384542466025872e+00
5.485269781472210671e-01 5.504312480731315960e-01 1.062363475233792709e+00
5.484552152139747783e-01 5.505765161027390553e-01 1.062451435825492174e+00
5.482802504365739127e-01 5.510166099025440856e-01 1.061741540799005401e+00
5.482802504365739127e-01 5.510166099025440856e-01 1.061741540799005401e+00
5.485965972321991124e-01 5.502992479103134826e-01 1.061869045299497216e+00
5.487580776601335142e-01 5.503510828621703821e-01 1.062119005200948374e+00
5.491537979904830280e-01 5.498487053071110520e-01 1.061772462609859469e+00
5.484296060595811317e-01 5.506446760472277768e-01 1.062068214775481412e+00
5.484296060595811317e-01 5.506446760472277768e-01 1.062068214775481412e+00
5.488120202822114324e-01 5.505367117647825825e-01 1.060906814446693991e+00
5.491352554675574815e-01 5.506749143894638099e-01 1.059201829475473700e+00
5.489857856708437733e-01 5.510515115956617915e-01 1.057364405930584450e+00
5.487970185033720361e-01 5.518083976601177998e-01 1.056074342471744476e+00
5.491053104300566146e-01 5.518769728532240126e-01 1.054081101201063353e+00
5.491053104300566146e-01 5.518769728532240126e-01 1.054081101201063353e+00
5.490785291154612890e-01 5.524946133511718926e-01 1.050634528439572390e+00
5.500255119045087682e-01 5.519397007095649954e-01 1.048020991474319485e+00
5.499114315737659853e-01 5.528514416831205036e-01 1.044743861178939248e+00
5.498239803987557961e-01 5.535826862312072105e-01 1.041818234683942190e+00
5.499780013250937794e-01 5.537528769197459511e-01 1.040162479799657813e+00
5.499780013250937794e-01 5.537528769197459511e-01 1.040162479799657813e+00
5.503832179282730497e-01 5.538576804956931721e-01 1.036782020803587834e+00
5.508086584048271783e-01 5.537745308611984330e-01 1.034187633106755433e+00
5.508086584048271783e-01 5.537745308611984330e-01 1.034187633106755433e+00
5.507368940631833798e-01 5.542207236711065299e-01 1.032298550822050576e+00
5.504396651979108768e-01 5.546110302786066981e-01 1.030679238736023073e+00
5.514277091266988062e-01 5.538293833769653007e-01 1.029984026357176896e+00
5.514277091266988062e-01 5.538293833769653007e-01 1.029984026357176896e+00
5.514094605233759161e-01 5.545371484639771698e-01 1.027899600743516162e+00
5.514094605233759161e-01 5.545371484639771698e-01 1.027899600743516162e+00
5.518245693870184043e-01 5.541916982400139080e-01 1.026065230800334405e+00
5.518245693870184043e-01 5.541916982400139080e-01 1.026065230800334405e+00
5.517896479311206193e-01 5.546716679047873910e-01 1.024306169792811083e+00
5.517896479311206193e-01 5.546716679047873910e-01 1.024306169792811083e+00
5.507801566830839990e-01 5.559370947348251102e-01 1.021676705934834395e+00
5.507801566830839990e-01 5.559370947348251102e-01 1.021676705934834395e+00
5.513002994047084826e-01 5.557302504702836821e-01 1.019850958653699680e+00
5.512279614135753292e-01 5.556723149513018711e-01 1.019313127738988634e+00
5.512279614135753292e-01 5.556723149513018711e-01 1.019313127738988634e+00
5.513494547618610353e-01 5.557074433326847362e-01 1.018446196606220600e+00
5.518387491967390313e-01 5.556417383360616746e-01 1.016352530848140034e+00
5.518387491967390313e-01 5.556417383360616746e-01 1.016352530848140034e+00
5.518992002721372359e-01 5.556035087565498465e-01 1.016144974464324946e+00
5.506454148121046055e-01 5.565804801411367020e-01 1.016226791644975869e+00
5.516801008108638271e-01 5.555347028453139213e-01 1.016443357810277393e+00
5.510150123005729261e-01 5.564368307564778737e-01 1.016524358749758772e+00
5.510150123005729261e-01 5.564368307564778737e-01 1.016524358749758772e+00
5.515203606225494992e-01 5.558185451335633243e-01 1.016164393272487310e+00
5.517005065148613552e-01 5.556802284366338940e-01 1.016514553772103646e+00
5.517005065148613552e-01 5.556802284366338940e-01 1.016514553772103646e+00
5.510205155555967238e-01 5.566951620125595301e-01 1.016155860203975747e+00
5.511807490208251448e-01 5.560575544009699334e-01 1.016497156132050605e+00
5.520996209266821886e-01 5.550951071387284497e-01 1.015937055907738085e+00
5.520996209266821886e-01 5.550951071387284497e-01 1.015937055907738085e+00
5.517194935615657991e-01 5.557304944530867541e-01 1.015883206230342894e+00
5.513308720516033601e-01 5.559145602544033338e-01 1.016197852290410708e+00
5.513360006974896699e-01 5.560282365991101594e-01 1.016301173338983510e+00
5.513360006974896699e-01 5.560282365991101594e-01 1.016301173338983510e+00
5.517318364480904291e-01 5.556082434293410088e-01 1.016147981734528916e+00
5.517502531346348826e-01 5.554223779374940495e-01 1.016993684833055855e+00
5.517502531346348826e-01 5.554223779374940495e-01 1.016993684833055855e+00
5.511994379718582193e-01 5.561479262799535750e-01 1.016387047344373684e+00
5.511994379718582193e-01 5.561479262799535750e-01 1.016387047344373684e+00
5.519946319971930082e-01 5.551514770047045744e-01 1.016642438179539809e+00
5.513107122826783613e-01 5.561769556008648863e-01 1.016337247230156171e+00
5.510818716799613659e-01 5.562649953334377617e-01 1.015460870604598220e+00
5.510818716799613659e-01 5.562649953334377617e-01 1.015460870604598220e+00
5.515573755291783842e-01 5.557921340977298730e-01 1.016011253123110469e+00
5.513508690333183138e-01 5.559933870723872129e-01 1.016104663249577600e+00
5.513508690333183138e-01 5.559933870723872129e-01 1.016104663249577600e+00
5.520604952991846615e-01 5.551933211280756231e-01 1.016666641626092549e+00
5.518880552838267839e-01 5.554929658889429245e-01 1.016426007805717013e+00
5.519189004031681556e-01 5.554321700778016568e-01 1.016024406318424056e+00
5.519189004031681556e-01 5.554321700778016568e-01 1.016024406318424056e+00
5.517588660839733983e-01 5.554938647427436482e-01 1.016204087935249634e+00
5.517588660839733983e-01 5.554938647427436482e-01 1.016204087935249634e+00
5.511411907201526628e-01 5.562379016644481977e-01 1.016205795577386439e+00
5.511411907201526628e-01 5.562379016644481977e-01 1.016205795577386439e+00
5.516240695381976478e-01 5.556249885383609532e-01 1.016298795743425298e+00
5.518593601183764408e-01 5.553855096798598900e-01 1.015812551505817840e+00
5.511956359548091378e-01 5.563163639965078566e-01 1.016385614733554599e+00
5.511956359548091378e-01 5.563163639965078566e-01 1.016385614733554599e+00
5.512803573930901146e-01 5.560008813324831545e-01 1.015613901914233175e+00
5.512803573930901146e-01 5.560008813324831545e-01 1.015613901914233175e+00
5.515301691962187780e-01 5.557926620857902567e-01 1.015891175479471720e+00
5.515301691962187780e-01 5.557926620857902567e-01 1.015891175479471720e+00
5.513011925477568909e-01 5.561339544360163201e-01 1.016582330635504183e+00
5.518520451546700123e-01 5.554912708666976950e-01 1.016168672128249018e+00
5.516978335509066245e-01 5.556579873211365816e-01 1.015532449728998809e+00
5.514070615251088769e-01 5.558691776533211115e-01 1.016178336747707966e+00
5.519266523137318359e-01 5.556260405444108930e-01 1.016341016654594975e+00
5.516388685769771927e-01 5.558948925109066241e-01 1.016198288828686902e+00
5.516028371780831163e-01 5.558931108094677942e-01 1.015948223754392643e+00
5.516028371780831163e-01 5.558931108094677942e-01 1.015948223754392643e+00
5.516257217617308584e-01 5.556362314677739667e-01 1.016338092190350206e+00
5.514781511500197464e-01 5.556396879606825268e-01 1.016155635199300633e+00
5.512376731215613557e-01 5.561440827053414360e-01 1.016192664852968441e+00
5.510280294776247478e-01 5.564116614255002480e-01 1.016346477957015715e+00
5.512999742823967431e-01 5.561403394045829618e-01 1.016092261491760684e+00
5.518062663158461723e-01 5.557200227538967585e-01 1.016229315050156012e+00
5.516756989992862570e-01 5.559028499267520962e-01 1.016009451985035561e+00
5.513380307901949440e-01 5.560282027431937557e-01 1.016390628641488547e+00
5.513380307901949440e-01 5.560282027431937557e-01 1.016390628641488547e+00
5.516465783212002316e-01 5.557207677330309181e-01 1.015806824721591450e+00
5.516591121730457514e-01 5.559169873764976399e-01 1.016089065692145965e+00
5.516591121730457514e-01 5.559169873764976399e-01 1.016089065692145965e+00
5.509955762560247994e-01 5.561616092320774696e-01 1.016066872872735338e+00
5.512889732319120606e-01 5.558155402346165452e-01 1.016204913693635081e+00
5.512889732319120606e-01 5.558155402346165452e-01 1.016204913693635081e+00
5.514236698571933770e-01 5.558892582357254364e-01 1.016124715555034363e+00
5.514236698571933770e-01 5.558892582357254364e-01 1.016124715555034363e+00
5.515666201991715756e-01 5.557210061342107155e-01 1.015694505226347299e+00
5.515666201991715756e-01 5.557210061342107155e-01 1.015694505226347299e+00
5.511433114333619265e-01 5.562379058171074142e-01 1.016265032824200887e+00
5.519916953614997235e-01 5.552936548745937007e-01 1.016080012096813423e+00
5.513320087213507970e-01 5.558511981430095394e-01 1.016632035316339167e+00
5.513320087213507970e-01 5.558511981430095394e-01 1.016632035316339167e+00
5.517677239933308497e-01 5.556196029729261188e-01 1.016536467583408765e+00
5.516047366806118291e-01 5.556649952078442922e-01 1.016918174948313158e+00
5.515927404508219611e-01 5.554923301320121576e-01 1.016681546507690603e+00
5.512491714786764696e-01 5.561869437432294117e-01 1.015998676271240964e+00
5.515221916048737016e-01 5.557390741765109166e-01 1.016245949349130928e+00
5.515221916048737016e-01 5.557390741765109166e-01 1.016245949349130928e+00
5.512180060132990667e-01 5.561187006987290404e-01 1.015739765456504573e+00
5.515266442518849122e-01 5.556987935392017075e-01 1.016828512537207851e+00
5.512185600480371539e-01 5.562726968469320354e-01 1.015375829858374601e+00
5.512185600480371539e-01 5.562726968469320354e-01 1.015375829858374601e+00
5.515080251166671887e-01 5.558844303390061414e-01 1.015929002744856868e+00
5.515080251166671887e-01 5.558844303390061414e-01 1.015929002744856868e+00
5.514786857010774979e-01 5.563170737002645083e-01 1.015854243103399224e+00
5.514786857010774979e-01 5.563170737002645083e-01 1.015854243103399224e+00
5.511644634011433341e-01 5.564065572309336849e-01 1.017195701084353088e+00
5.510629469849132045e-01 5.567365902687076984e-01 1.017231769665361218e+00
5.506686455957224835e-01 5.575837247420897258e-01 1.017067914985827937e+00
5.506686455957224835e-01 5.575837247420897258e-01 1.017067914985827937e+00
5.498726548768662070e-01 5.589265306008774914e-01 1.017065543990595122e+00
5.500195275549885077e-01 5.590268254037982221e-01 1.017762591972045438e+00
5.495948889201496268e-01 5.597234534665892491e-01 1.019492265597065961e+00
5.487976493924419108e-01 5.606043260122590688e-01 1.020946608797943300e+00
5.485372383485943582e-01 5.606799749294956170e-01 1.022601577840724030e+00
5.480761829789612127e-01 5.612106048102267764e-01 1.022845174184142891e+00
5.483506291621202955e-01 5.612525282768641155e-01 1.023960472170428737e+00
5.483506291621202955e-01 5.612525282768641155e-01 1.023960472170428737e+00
5.478403296481064721e-01 5.621775493402496604e-01 1.022913029809715102e+00
5.478403296481064721e-01 5.621775493402496604e-01 1.022913029809715102e+00
5.483558097667106113e-01 5.621656542465578443e-01 1.022802120318772490e+00
5.483558097667106113e-01 5.621656542465578443e-01 1.022802120318772490e+00
5.476251419971243095e-01 5.627591293272784512e-01 1.023510059024945296e+00
5.475995992705970927e-01 5.624906857526001946e-01 1.025671662206149914e+00
5.474314202333926405e-01 5.626391800488663719e-01 1.026228337338325858e+00
5.474019457661986054e-01 5.625920816965724880e-01 1.026543651168425608e+00
5.474019457661986054e-01 5.625920816965724880e-01 1.026543651168425608e+00
5.469358785126948730e-01 5.630589375623000770e-01 1.025753978088221219e+00
5.469358785126948730e-01 5.630589375623000770e-01 1.025753978088221219e+00
5.471205994021629548e-01 5.633142064541918348e-01 1.024681821314596508e+00
5.471205994021629548e-01 5.633142064541918348e-01 1.024681821314596508e+00
5.474935480574649738e-01 5.631819179918827745e-01 1.023967630123155725e+00
5.474935480574649738e-01 5.631819179918827745e-01 1.023967630123155725e+00
5.472130989047278016e-01 5.629546550121964366e-01 1.023837195271260381e+00
5.472130989047278016e-01 5.629546550121964366e-01 1.023837195271260381e+00
5.476585726012573874e-01 5.627188408631635941e-01 1.023175327907970056e+00
5.468869843656617435e-01 5.634347124081028335e-01 1.023745205254541268e+00
5.468869843656617435e-01 5.634347124081028335e-01 1.023745205254541268e+00
5.469020558864389203e-01 5.631566955465185931e-01 1.023851584863971098e+00
5.468761818145838616e-01 5.634364373349431965e-01 1.023935131481680694e+00
5.470329634424393461e-01 5.631284083112241268e-01 1.024267557933251416e+00
5.471868839304505627e-01 5.632359958902755093e-01 1.023501024525329317e+00
5.473237458450845860e-01 5.629184649112625172e-01 1.023837993066259555e+00
5.473237458450845860e-01 5.629184649112625172e-01 1.023837993066259555e+00
5.469382511346252418e-01 5.632453186881867246e-01 1.023637298855304412e+00
5.469939369383919336e-01 5.633983629428622741e-01 1.023968605307666424e+00
5.467577021267640003e-01 5.634387800972189275e-01 1.023958168184482487e+00
5.467577021267640003e-01 5.634387800972189275e-01 1.023958168184482487e+00
5.470046656481949432e-01 5.634994513249104164e-01 1.023665066210058594e+00
5.474999833350899792e-01 5.628980359477486761e-01 1.024058984220552970e+00
5.474999833350899792e-01 5.628980359477486761e-01 1.024058984220552970e+00
5.472824156951426877e-01 5.630628181011009259e-01 1.023977693464048766e+00
5.476896648938095469e-01 5.629289314834595714e-01 1.023515494194307429e+00
5.476896648938095469e-01 5.629289314834595714e-01 1.023515494194307429e+00
5.473594094128483301e-01 5.631751533151660993e-01 1.023132259013215473e+00
5.469023074132861595e-01 5.632120176670132317e-01 1.023754480276061418e+00
5.473933490252179679e-01 5.629259576433425227e-01 1.023757170094798497e+00
5.473933490252179679e-01 5.629259576433425227e-01 1.023757170094798497e+00
5.471744669782470094e-01 5.632052240712864810e-01 1.023624987499843320e+00
5.470796933005394047e-01 5.629494566527465382e-01 1.024018155217921278e+00
5.471045895233495049e-01 5.631597965499861580e-01 1.024166773090095406e+00
5.470450068377502584e-01 5.635864292187680036e-01 1.023723859726037189e+00
5.469326529040315910e-01 5.633663159951616262e-01 1.024237947474672783e+00
5.469666563510754420e-01 5.633781921117455571e-01 1.023798059546074946e+00
5.469666563510754420e-01 5.633781921117455571e-01 1.023798059546074946e+00
5.471502962938878944e-01 5.631485680117577219e-01 1.024104255401308228e+00
5.468260280272744245e-01 5.635499301470242584e-01 1.024044622444201025e+00
5.468519301162690915e-01 5.635469572337246102e-01 1.023519337166127308e+00
5.468519301162690915e-01 5.635469572337246102e-01 1.023519337166127308e+00
5.470197271525214511e-01 5.633315020024906028e-01 1.023454277581738125e+00
5.469872502607473486e-01 5.634094629391039888e-01 1.023389667397561764e+00
5.474860879905312228e-01 5.630473550875743083e-01 1.023731765581934905e+00
5.474860879905312228e-01 5.630473550875743083e-01 1.023731765581934905e+00
