5.466346672336244161e-01 5.636988597577086146e-01 1.024083454136256233e+00
5.470494780463437401e-01 5.633952498705747658e-01 1.024145824652650916e+00
5.470166185473803733e-01 5.635778536485995804e-01 1.023562605019640692e+00
5.470166185473803733e-01 5.635778536485995804e-01 1.023562605019640692e+00
5.472195310764284004e-01 5.633139129055217964e-01 1.023704907086848248e+00
5.477618015288274744e-01 5.625120197368373987e-01 1.024409276722369588e+00
5.471880619481905850e-01 5.632242614444048501e-01 1.023468837132679221e+00
5.472012490665988382e-01 5.630783180778746733e-01 1.023772782679230442e+00
5.474168424500988062e-01 5.629923304657100669e-01 1.023806202646054597e+00
5.467054215020410446e-01 5.634752377193213979e-01 1.023834716297622460e+00
5.473803049727404835e-01 5.628504304569184047e-01 1.023790204438395968e+00
5.475115109190694662e-01 5.627677787497350481e-01 1.023587277492385539e+00
5.475115109190694662e-01 5.627677787497350481e-01 1.023587277492385539e+00
5.475115427176815430e-01 5.627106851934666754e-01 1.024180527608625102e+00
5.475115427176815430e-01 5.627106851934666754e-01 1.024180527608625102e+00
5.473167654686466044e-01 5.629060876834934835e-01 1.024082707539754056e+00
5.473167654686466044e-01 5.629060876834934835e-01 1.024082707539754056e+00
5.470125475090178435e-01 5.632047133552896545e-01 1.024786151506854370e+00
5.470125475090178435e-01 5.632047133552896545e-01 1.024786151506854370e+00
5.469966619289540199e-01 5.629356422789130177e-01 1.028982013845170851e+00
5.469966619289540199e-01 5.629356422789130177e-01 1.028982013845170851e+00
5.468937079147687674e-01 5.614593010045576538e-01 1.036402502666365244e+00
5.468937079147687674e-01 5.614593010045576538e-01 1.036402502666365244e+00
5.461461413979907809e-01 5.614819744605399343e-01 1.041406859618906555e+00
5.462737306074570975e-01 5.601653814852121105e-01 1.047088503342558097e+00
5.456826464585367020e-01 5.597405517614337800e-01 1.051485125275088306e+00
5.454514381148796165e-01 5.592769084672799540e-01 1.056376034952301923e+00
5.454514381148796165e-01 5.592769084672799540e-01 1.056376034952301923e+00
5.446530098246172846e-01 5.581490742156486329e-01 1.062377908564530404e+00
5.445434141403825423e-01 5.567211814851605878e-01 1.069697757167036745e+00
5.437227911807506198e-01 5.562629268534847737e-01 1.075108514889440148e+00
5.432682394121162162e-01 5.548551313626296499e-01 1.082270666837063411e+00
5.432682394121162162e-01 5.548551313626296499e-01 1.082270666837063411e+00
5.421398226427216471e-01 5.530629607642505441e-01 1.092953937625615213e+00
5.421398226427216471e-01 5.530629607642505441e-01 1.092953937625615213e+00
5.400867278711114494e-01 5.512679017313176777e-01 1.105282100065435147e+00
5.400867278711114494e-01 5.512679017313176777e-01 1.105282100065435147e+00
5.386095190088805440e-01 5.467485405754357597e-01 1.121383841474449250e+00
5.382853881022382492e-01 5.449448569917955121e-01 1.126660243064827593e+00
5.382853881022382492e-01 5.449448569917955121e-01 1.126660243064827593e+00
5.368572914825135989e-01 5.438941465531318409e-01 1.133927489209429984e+00
5.360495112843537413e-01 5.429164070500744899e-01 1.138235545702649176e+00
5.360495112843537413e-01 5.429164070500744899e-01 1.138235545702649176e+00
5.350946546041980278e-01 5.405756521799272019e-01 1.146235266586857149e+00
5.350946546041980278e-01 5.405756521799272019e-01 1.146235266586857149e+00
5.351351175799970994e-01 5.356478447482866390e-01 1.157429885263899783e+00
5.355422997697499854e-01 5.283535901012673675e-01 1.171947241287377262e+00
5.366595044843293083e-01 5.258489522273439576e-01 1.174977985717626350e+00
5.366595044843293083e-01 5.258489522273439576e-01 1.174977985717626350e+00
5.378412337493818640e-01 5.224008768041098483e-01 1.179662435639265983e+00
5.378412337493818640e-01 5.224008768041098483e-01 1.179662435639265983e+00
5.402128753150504670e-01 5.153015369194536843e-01 1.188870299873578951e+00
5.402128753150504670e-01 5.153015369194536843e-01 1.188870299873578951e+00
5.448716882684602192e-01 5.053175565597050056e-01 1.198257761904188534e+00
5.448716882684602192e-01 5.053175565597050056e-01 1.198257761904188534e+00
5.487868071018776606e-01 4.968310787836283104e-01 1.206042857674651358e+00
5.487868071018776606e-01 4.968310787836283104e-01 1.206042857674651358e+00
5.533605909134917678e-01 4.882899511251602709e-01 1.211907943684862321e+00
5.533605909134917678e-01 4.882899511251602709e-01 1.211907943684862321e+00
5.562903013288603704e-01 4.827238576193513819e-01 1.215492997379021833e+00
5.590793948016332671e-01 4.780564539992320228e-01 1.217732362448201711e+00
5.625489083493887543e-01 4.729329455785781233e-01 1.219731195694611303e+00
5.650963052560069588e-01 4.683504506125599764e-01 1.221438309114454501e+00
5.650963052560069588e-01 4.683504506125599764e-01 1.221438309114454501e+00
5.685961439002956697e-01 4.630128575131653434e-01 1.222836352852827879e+00
5.713934323839081619e-01 4.583471443556155767e-01 1.223390490086303961e+00
5.754058076080522666e-01 4.515225394468733722e-01 1.225631107386417895e+00
5.774824741897880420e-01 4.476379570716908507e-01 1.226681220994526811e+00
5.774824741897880420e-01 4.476379570716908507e-01 1.226681220994526811e+00
5.815770266593528470e-01 4.410172977470535050e-01 1.227180493282012508e+00
5.858659379974499037e-01 4.347049520036780912e-01 1.227045061518732272e+00
5.858659379974499037e-01 4.347049520036780912e-01 1.227045061518732272e+00
5.886373095667595257e-01 4.287960024946194659e-01 1.229143680477895018e+00
5.912949998424829046e-01 4.247283325216389405e-01 1.228778069882555002e+00
5.948667479339136976e-01 4.185885125281870733e-01 1.229072761910829481e+00
5.977709212765910385e-01 4.138804075773506175e-01 1.229598560731873791e+00
6.004407571683955114e-01 4.096621923228368489e-01 1.229335874203882240e+00
6.024649624901049494e-01 4.052566200262868179e-01 1.230035103788543527e+00
6.056212322671339354e-01 3.994895859917215741e-01 1.229486394767179025e+00
6.056212322671339354e-01 3.994895859917215741e-01 1.229486394767179025e+00
6.114481211900406610e-01 3.884073375529487615e-01 1.230553107569263060e+00
6.114481211900406610e-01 3.884073375529487615e-01 1.230553107569263060e+00
6.158203378172878439e-01 3.799659836282481273e-01 1.230596598208110848e+00
6.158203378172878439e-01 3.799659836282481273e-01 1.230596598208110848e+00
6.220041613093465482e-01 3.683893861985672036e-01 1.230552074922320660e+00
6.240898735324834634e-01 3.647955759244709828e-01 1.229776362548200774e+00
6.240898735324834634e-01 3.647955759244709828e-01 1.229776362548200774e+00
6.270022138876200080e-01 3.589265867179227132e-01 1.229480510023678086e+00
6.288064658236556248e-01 3.558341489053948870e-01 1.229117784434677896e+00
6.315885086306628482e-01 3.507799807483628074e-01 1.228591488825730105e+00
6.338044682825578757e-01 3.452623330834450055e-01 1.228893202630515491e+00
6.338044682825578757e-01 3.452623330834450055e-01 1.228893202630515491e+00
6.367694943646946548e-01 3.400235752518950827e-01 1.227897524649979477e+00
6.389138169070971429e-01 3.354600535701875996e-01 1.227695900292301578e+00
6.417688894824770118e-01 3.295851957535741450e-01 1.227372811438010691e+00
6.441280488245851865e-01 3.245251926864270442e-01 1.227070972159870488e+00
6.462036761711328348e-01 3.203206864840496548e-01 1.226905387639952938e+00
6.462036761711328348e-01 3.203206864840496548e-01 1.226905387639952938e+00
6.480976366379087583e-01 3.149576999899873497e-01 1.226690739135547492e+00
6.505084372053859809e-01 3.101348388587040206e-01 1.225593826858554447e+00
6.531185676226205494e-01 3.046816192735804507e-01 1.225401979959256149e+00
6.550217429721368889e-01 2.983337798158702814e-01 1.226261060954696891e+00
6.567615425383166450e-01 2.953137030079726610e-01 1.225004979003778915e+00
6.580115890941429235e-01 2.918436950302186750e-01 1.225857393793353234e+00
6.580115890941429235e-01 2.918436950302186750e-01 1.225857393793353234e+00
6.603602887128312560e-01 2.852259997901314126e-01 1.226061966337480325e+00
6.603602887128312560e-01 2.852259997901314126e-01 1.226061966337480325e+00
6.626921667345345712e-01 2.795680750211729793e-01 1.225164415329111023e+00
6.626921667345345712e-01 2.795680750211729793e-01 1.225164415329111023e+00
6.661282437553593949e-01 2.703322531914195692e-01 1.225335515093940897e+00
6.661282437553593949e-01 2.703322531914195692e-01 1.225335515093940897e+00
6.706878406963556749e-01 2.606562906784373190e-01 1.225292426681124258e+00
6.706878406963556749e-01 2.606562906784373190e-01 1.225292426681124258e+00
6.753837336749466402e-01 2.514459326731467992e-01 1.226079701335118788e+00
6.785443875246116585e-01 2.462614546524791170e-01 1.226602702222573171e+00
6.805303295415511267e-01 2.419328698438810710e-01 1.227668875772322421e+00
6.805303295415511267e-01 2.419328698438810710e-01 1.227668875772322421e+00
6.836520915035984025e-01 2.373086635950477363e-01 1.227936710200507209e+00
6.864577714244449735e-01 2.323437653652915547e-01 1.228573099178935202e+00
6.883618639111975801e-01 2.289424660438502679e-01 1.229387708055027062e+00
6.903067353440441867e-01 2.259595727071512794e-01 1.229630431286205416e+00
6.920715910814192462e-01 2.227656620586727088e-01 1.230123129686704342e+00
6.938658044685304116e-01 2.197723194380689637e-01 1.230658432023433502e+00
6.938658044685304116e-01 2.197723194380689637e-01 1.230658432023433502e+00
6.964141669029725312e-01 2.150083954358008309e-01 1.231510583933109526e+00
6.964141669029725312e-01 2.150083954358008309e-01 1.231510583933109526e+00
6.987442361214759590e-01 2.110390145033830545e-01 1.232847291908750087e+00
6.987442361214759590e-01 2.110390145033830545e-01 1.232847291908750087e+00
7.047834829236471199e-01 2.014061560481000823e-01 1.234877327384701351e+00
7.047834829236471199e-01 2.014061560481000823e-01 1.234877327384701351e+00
7.090350376261672638e-01 1.932881066809609971e-01 1.236385772377947223e+00
7.101017060678543880e-01 1.913708580089340250e-01 1.237083083484186163e+00
7.101017060678543880e-01 1.913708580089340250e-01 1.237083083484186163e+00
7.125083913361944798e-01 1.863801479373127234e-01 1.237590485548959673e+00
7.125083913361944798e-01 1.863801479373127234e-01 1.237590485548959673e+00
7.167666329214218424e-01 1.797140076618755078e-01 1.237964094063900067e+00
7.167666329214218424e-01 1.797140076618755078e-01 1.237964094063900067e+00
7.224025981682034026e-01 1.721822220188134189e-01 1.235800520721368700e+00
7.242111647425227838e-01 1.685749714560230150e-01 1.235263497866921245e+00
7.242111647425227838e-01 1.685749714560230150e-01 1.235263497866921245e+00
7.280672597108215349e-01 1.642872734345579289e-01 1.232467107570494713e+00
7.280672597108215349e-01 1.642872734345579289e-01 1.232467107570494713e+00
7.346326608232959243e-01 1.576778361333854295e-01 1.227108638019892783e+00
7.346326608232959243e-01 1.576778361333854295e-01 1.227108638019892783e+00
7.379541796525480590e-01 1.545847803737751824e-01 1.223862336894894653e+00
7.411539531398545488e-01 1.526886134872261769e-01 1.220476109797786313e+00
7.411539531398545488e-01 1.526886134872261769e-01 1.220476109797786313e+00
7.444169875317537821e-01 1.489025684831177254e-01 1.217247915992361929e+00
7.463922794442591213e-01 1.472004555571768958e-01 1.214626884775825033e+00
7.503733956873502864e-01 1.438534908712948424e-01 1.209507231167846308e+00
7.523998100849456083e-01 1.429623567203053558e-01 1.206856454542973633e+00
7.523998100849456083e-01 1.429623567203053558e-01 1.206856454542973633e+00
7.545334537783482398e-01 1.422161673176237928e-01 1.203774059251222273e+00
7.595109661923595823e-01 1.391676262361055960e-01 1.196078889470342466e+00
7.595109661923595823e-01 1.391676262361055960e-01 1.196078889470342466e+00
7.650271849357633824e-01 1.353882694216055615e-01 1.187308525306473239e+00
7.678742423947345630e-01 1.337884241684912379e-01 1.181711520030495954e+00
7.699915854341878862e-01 1.323949993042647932e-01 1.178484073631510531e+00
7.718520673715608682e-01 1.318203537246848134e-01 1.174538840469427470e+00
7.744611671491034022e-01 1.307774068300888437e-01 1.169004689498613248e+00
7.770773863619981903e-01 1.298525905662857860e-01 1.164461774716289089e+00
7.770773863619981903e-01 1.298525905662857860e-01 1.164461774716289089e+00
7.812338536297483982e-01 1.288264746511331160e-01 1.154686527112197991e+00
7.812338536297483982e-01 1.288264746511331160e-01 1.154686527112197991e+00
7.870678468059216781e-01 1.270209811511753828e-01 1.140558191325898862e+00
7.887287110777005950e-01 1.263183913465457109e-01 1.136643788690720358e+00
7.900743956132660895e-01 1.258646482940083411e-01 1.132697055876615178e+00
7.918537464978229190e-01 1.245514000477188216e-01 1.128428413202087643e+00
7.930508370967910281e-01 1.241959078307248582e-01 1.124933568876921752e+00
7.930508370967910281e-01 1.241959078307248582e-01 1.124933568876921752e+00
7.945001388517575203e-01 1.234354789013233783e-01 1.120937063224210384e+00
7.962374186337484172e-01 1.221364546190931016e-01 1.117129756461639367e+00
7.975873972691559510e-01 1.219467173951122446e-01 1.114681488074637183e+00
7.975873972691559510e-01 1.219467173951122446e-01 1.114681488074637183e+00
7.989618163763004821e-01 1.214448328217364731e-01 1.111710912921991312e+00
7.999829995562796059e-01 1.192769497778990440e-01 1.109535035062002573e+00
8.009876878542411260e-01 1.190383949369958755e-01 1.107698670551363840e+00
8.025624589221619365e-01 1.186203744436942209e-01 1.105351879531755843e+00
8.025624589221619365e-01 1.186203744436942209e-01 1.105351879531755843e+00
8.039585211367162865e-01 1.174073952776429203e-01 1.103197630853140598e+00
8.055985775172165297e-01 1.160834064845308461e-01 1.101722562453911536e+00
8.055985775172165297e-01 1.160834064845308461e-01 1.101722562453911536e+00
8.064859349648066944e-01 1.150675377995930976e-01 1.100211623308915421e+00
8.074692745810374550e-01 1.148481355301724932e-01 1.098565775832222258e+00
8.085800924699155789e-01 1.130829597329573583e-01 1.097482099856049498e+00
8.096478656972773136e-01 1.123572095965335998e-01 1.096392067389599934e+00
8.107427793893943191e-01 1.119134460755526195e-01 1.094374939408102820e+00
8.116089495522429420e-01 1.109843893111883556e-01 1.093454171662065377e+00
8.116089495522429420e-01 1.109843893111883556e-01 1.093454171662065377e+00
8.128295001875120995e-01 1.107793216012024073e-01 1.092333539210928794e+00
8.136739025655672641e-01 1.110017145178602560e-01 1.090924354278781205e+00
8.145621089179814200e-01 1.113460640824753406e-01 1.089959454577919651e+00
8.155353402120307793e-01 1.122880648370270101e-01 1.088209188513671322e+00
8.166801478717196083e-01 1.133455544215867666e-01 1.086295023431160134e+00
8.174971294364986596e-01 1.140348528171520048e-01 1.085149620590437181e+00
8.174971294364986596e-01 1.140348528171520048e-01 1.085149620590437181e+00
8.187335813853880984e-01 1.136765389022018624e-01 1.083516206624454137e+00
8.201052288193111384e-01 1.149062783798638215e-01 1.080626303370675778e+00
8.205741994456551280e-01 1.159543638769403723e-01 1.079271697528527252e+00
8.205741994456551280e-01 1.159543638769403723e-01 1.079271697528527252e+00
8.221027604913033748e-01 1.157743189111242882e-01 1.077880628295328602e+00
8.221027604913033748e-01 1.157743189111242882e-01 1.077880628295328602e+00
8.232641629249876081e-01 1.161381733878049799e-01 1.074761229285905451e+00
8.232641629249876081e-01 1.161381733878049799e-01 1.074761229285905451e+00
8.255198105096722694e-01 1.152298811842977638e-01 1.071218721714790600e+00
8.276697083402947408e-01 1.137893581873590104e-01 1.068412081943955316e+00
8.276697083402947408e-01 1.137893581873590104e-01 1.068412081943955316e+00
8.300476445155253735e-01 1.113567209858303125e-01 1.064363216963550851e+00
8.308852931392551877e-01 1.107247949793003367e-01 1.063024768324687397e+00
8.315590382881210552e-01 1.103259989646326600e-01 1.061779543014295335e+00
8.315590382881210552e-01 1.103259989646326600e-01 1.061779543014295335e+00
8.322891059171805272e-01 1.100043052452295278e-01 1.060222366401277316e+00
8.333242079338190056e-01 1.084856518329127412e-01 1.058068228681537493e+00
8.337231882603849398e-01 1.071458783146208849e-01 1.057299881734212521e+00
8.342865943120191252e-01 1.068950413175969311e-01 1.056142037016078561e+00
8.342865943120191252e-01 1.068950413175969311e-01 1.056142037016078561e+00
8.347599012219338865e-01 1.064181325303956982e-01 1.054791103739793900e+00
8.351927772902505431e-01 1.066027967087980199e-01 1.053927273544564169e+00
8.351927772902505431e-01 1.066027967087980199e-01 1.053927273544564169e+00
8.367708140645290227e-01 1.041508727948094876e-01 1.050614524338748357e+00
8.367708140645290227e-01 1.041508727948094876e-01 1.050614524338748357e+00
8.373477851672702643e-01 1.050892151624310961e-01 1.048357371487381506e+00
8.373477851672702643e-01 1.050892151624310961e-01 1.048357371487381506e+00
8.387401295182967953e-01 1.055582130215722420e-01 1.044700812916486088e+00
8.387401295182967953e-01 1.055582130215722420e-01 1.044700812916486088e+00
8.392872010771750269e-01 1.053155935586664732e-01 1.043483714754690705e+00
8.395995885027274230e-01 1.043748951164586297e-01 1.041692789132015351e+00
8.401634051186898100e-01 1.054627854226747874e-01 1.039897949367455166e+00
8.401634051186898100e-01 1.054627854226747874e-01 1.039897949367455166e+00
8.406150564632943745e-01 1.055146976803866682e-01 1.038068388246178086e+00
8.408726411524019007e-01 1.054350699193662977e-01 1.036217559317062609e+00
8.413271513709243976e-01 1.059480842598506389e-01 1.035228472417623724e+00
8.413271513709243976e-01 1.059480842598506389e-01 1.035228472417623724e+00
8.417648219443500945e-01 1.058937611845989918e-01 1.032496503708091096e+00
8.418845109680613836e-01 1.074253296515015194e-01 1.031617686161025338e+00
8.421740681703903109e-01 1.078838185995622673e-01 1.029362095407546640e+00
8.427331170367875490e-01 1.066661920932196889e-01 1.028755746608404298e+00
8.431046867430622704e-01 1.067118171736848586e-01 1.027801186856201809e+00
8.432049351367744139e-01 1.069745908610657270e-01 1.025929713532091947e+00
8.436220264256036883e-01 1.066050010891358840e-01 1.025402523126144771e+00
8.436220264256036883e-01 1.066050010891358840e-01 1.025402523126144771e+00
8.441031078336653781e-01 1.065427576593135223e-01 1.023168907785006576e+00
8.443383319958961408e-01 1.057077361065607013e-01 1.021799089595760268e+00
8.447186823076163753e-01 1.059591580521592052e-01 1.019866515914196414e+00
8.447186823076163753e-01 1.059591580521592052e-01 1.019866515914196414e+00
8.448825786241573876e-01 1.041110067930469674e-01 1.019000000840851516e+00
8.453509605364016855e-01 1.037907664106013789e-01 1.017620375539259214e+00
8.458460903062001712e-01 1.030694000572749819e-01 1.015672540623400177e+00
8.459824825019944816e-01 1.043375115423499783e-01 1.014312961098418953e+00
8.459824825019944816e-01 1.043375115423499783e-01 1.014312961098418953e+00
8.463438630357964509e-01 1.032727450123001461e-01 1.012516318253724901e+00
8.470583765114828578e-01 1.008476873498308085e-01 1.010064205018665451e+00
8.470583765114828578e-01 1.008476873498308085e-01 1.010064205018665451e+00
8.477872524771083995e-01 9.959804745102791845e-02 1.007659859771232291e+00
8.477872524771083995e-01 9.959804745102791845e-02 1.007659859771232291e+00
8.480822762869184572e-01 9.976005793057564353e-02 1.005628865674121464e+00
8.483589395523541965e-01 9.873373168737925587e-02 1.005069887080600299e+00
8.483589395523541965e-01 9.873373168737925587e-02 1.005069887080600299e+00
8.484331349549426582e-01 9.854883864606027444e-02 1.003846868262713521e+00
8.484331349549426582e-01 9.854883864606027444e-02 1.003846868262713521e+00
8.493449751594648323e-01 9.860877681493762648e-02 1.001278985308827973e+00
8.493449751594648323e-01 9.860877681493762648e-02 1.001278985308827973e+00
8.498398463769438749e-01 9.907798510883759902e-02 9.990608402634943985e-01
8.502048764837994987e-01 9.873174133969657429e-02 9.980108361553738927e-01
8.502048764837994987e-01 9.873174133969657429e-02 9.980108361553738927e-01
8.504347659543624038e-01 9.845541062885888872e-02 9.971925734254236673e-01
8.508079064086172538e-01 9.923676110383224114e-02 9.956772263872817330e-01
8.508079064086172538e-01 9.923676110383224114e-02 9.956772263872817330e-01
8.511033465848975021e-01 9.764957441516096404e-02 9.945577105004206331e-01
8.511033465848975021e-01 9.764957441516096404e-02 9.945577105004206331e-01
8.517244823845132595e-01 9.811552546029987665e-02 9.914644472968555666e-01
8.518959316163896567e-01 9.911053931248262061e-02 9.908213517014471394e-01
8.521411634801528967e-01 9.898968996328061376e-02 9.899795985601114179e-01
8.521411634801528967e-01 9.898968996328061376e-02 9.899795985601114179e-01
8.525454707374300334e-01 9.860732023654941725e-02 9.885067831780693925e-01
8.526192469195467138e-01 9.839461131469746935e-02 9.880805087324768810e-01
8.527270039270758994e-01 9.822239950712068068e-02 9.873764070874532228e-01
8.527270039270758994e-01 9.822239950712068068e-02 9.873764070874532228e-01
8.531142668735141044e-01 9.782029566834139767e-02 9.876771264704974351e-01
8.536132020169316936e-01 9.721423968622101841e-02 9.876586726273351990e-01
8.537873668150129935e-01 9.629967385129596658e-02 9.878216567418609539e-01
8.540419071509136595e-01 9.571226343256182545e-02 9.875364512402549089e-01
8.542147476695701735e-01 9.551184954469017774e-02 9.881165740094187688e-01
8.542147476695701735e-01 9.551184954469017774e-02 9.881165740094187688e-01
8.543757734450251329e-01 9.446781524827863041e-02 9.877019040698659103e-01
8.546347684176021087e-01 9.378081973201622679e-02 9.875438054061814741e-01
8.547582706449239343e-01 9.273903093796891095e-02 9.876156109742098010e-01
8.549110460775707354e-01 9.310908657345269568e-02 9.884629323100997400e-01
8.549110460775707354e-01 9.310908657345269568e-02 9.884629323100997400e-01
8.550539848574961743e-01 9.268013100502643653e-02 9.881805225090407596e-01
8.550860885493209995e-01 9.334260280575203128e-02 9.881404796130266455e-01
8.550836633008095378e-01 9.272604078448583309e-02 9.875769899353907810e-01
8.554826112153800510e-01 9.203659191833613029e-02 9.886807667411230405e-01
8.554826112153800510e-01 9.203659191833613029e-02 9.886807667411230405e-01
8.556284049752151954e-01 9.199748547539651766e-02 9.880990965437579376e-01
8.558875800505285625e-01 9.153861808784362342e-02 9.882896933951382801e-01
8.558875800505285625e-01 9.153861808784362342e-02 9.882896933951382801e-01
8.561034172466804870e-01 9.012448192983908701e-02 9.887221479974306337e-01
8.563498554348769609e-01 8.961815611053784714e-02 9.877823374688572411e-01
8.563498554348769609e-01 8.961815611053784714e-02 9.877823374688572411e-01
8.563520336266620125e-01 8.928704430309021556e-02 9.884101094586166258e-01
8.563520336266620125e-01 8.928704430309021556e-02 9.884101094586166258e-01
8.569443550065614090e-01 8.868198911553891450e-02 9.877377035308773090e-01
8.569443550065614090e-01 8.868198911553891450e-02 9.877377035308773090e-01
8.573142479942633676e-01 8.739250655014814406e-02 9.846880848587646895e-01
8.573142479942633676e-01 8.739250655014814406e-02 9.846880848587646895e-01
8.578821086354108116e-01 8.735161780781412755e-02 9.822169688826142275e-01
8.583593853624618131e-01 8.720928465088197135e-02 9.808975730695363993e-01
8.586618355379646017e-01 8.688448320101986588e-02 9.799423205883832644e-01
8.590317481542357747e-01 8.675841113687879358e-02 9.793340103377963235e-01
8.593531410162000839e-01 8.561131356367911172e-02 9.784809569661315765e-01
8.593531410162000839e-01 8.561131356367911172e-02 9.784809569661315765e-01
8.599527018688396529e-01 8.488862266802332801e-02 9.787842818807807044e-01
8.599527018688396529e-01 8.488862266802332801e-02 9.787842818807807044e-01
8.603504222156526104e-01 8.365174934053117017e-02 9.784176694598205604e-01
8.603504222156526104e-01 8.365174934053117017e-02 9.784176694598205604e-01
8.605838937921982401e-01 8.227587226788357633e-02 9.785062080456873312e-01
8.607218246606372913e-01 8.231089132967674138e-02 9.787425965208285117e-01
8.606528709488089346e-01 8.154493093056665309e-02 9.782499027943147851e-01
8.606528709488089346e-01 8.154493093056665309e-02 9.782499027943147851e-01
8.608625443038546710e-01 8.170147108951926473e-02 9.786772592491710387e-01
8.610591247688693661e-01 7.968257527687315489e-02 9.788477297270172794e-01
8.609189362407089208e-01 8.093568066176280718e-02 9.785277912035775794e-01
8.610817357929106963e-01 7.980190625811932337e-02 9.791567076667195835e-01
8.610817357929106963e-01 7.980190625811932337e-02 9.791567076667195835e-01
8.610447112081767163e-01 7.974450988127562701e-02 9.774525603999204559e-01
8.608662921333005702e-01 7.930079595007392956e-02 9.781483616543148463e-01
8.608662921333005702e-01 7.930079595007392956e-02 9.781483616543148463e-01
8.611207149186442811e-01 7.937978294042373484e-02 9.779036002376879644e-01
8.611302997458696318e-01 8.028756782216386889e-02 9.787365126683340577e-01
8.611302997458696318e-01 8.028756782216386889e-02 9.787365126683340577e-01
8.611652807872262061e-01 7.964505567776199169e-02 9.787877771344872802e-01
8.611652807872262061e-01 7.964505567776199169e-02 9.787877771344872802e-01
8.611384972494893209e-01 7.953038722186625553e-02 9.786351434180040609e-01
8.610946641818656433e-01 7.980839655319915682e-02 9.778648942161921598e-01
8.610562964712894507e-01 7.998082090361514906e-02 9.785002623794533116e-01
8.610562964712894507e-01 7.998082090361514906e-02 9.785002623794533116e-01
8.612202649188296366e-01 8.060750540384091500e-02 9.775865894189897931e-01
8.609676464168917187e-01 8.076329456013749131e-02 9.784437412025109859e-01
8.609275089587041796e-01 8.030000794136245290e-02 9.779524865661282096e-01
8.609275089587041796e-01 8.030000794136245290e-02 9.779524865661282096e-01
8.610823329969978790e-01 8.065798115627925702e-02 9.789650724521123948e-01
8.611931838292635755e-01 7.991450179441296486e-02 9.786625536825104277e-01
8.611021079244497445e-01 8.038171489537189462e-02 9.789536934956739600e-01
8.611021079244497445e-01 8.038171489537189462e-02 9.789536934956739600e-01
8.611192802794387369e-01 7.991417931523001061e-02 9.788886965120855432e-01
8.612576027998514183e-01 7.973327854254172453e-02 9.786946607250636143e-01
8.610889861217440044e-01 8.039821799957531934e-02 9.787888365740015084e-01
8.611769199928898111e-01 7.836577565258649736e-02 9.786069428265482539e-01
8.611769199928898111e-01 7.836577565258649736e-02 9.786069428265482539e-01
8.610138371971370885e-01 8.036085769427166181e-02 9.779950144342927087e-01
8.610959550056120904e-01 7.989693309309826852e-02 9.779236886455231481e-01
8.610419901563987066e-01 8.106254913421434560e-02 9.785672221764247780e-01
8.611739671000181451e-01 7.950941794193996937e-02 9.779340491278680769e-01
8.611739671000181451e-01 7.950941794193996937e-02 9.779340491278680769e-01
8.611263634784070975e-01 7.985239234154746513e-02 9.788493874939832029e-01
8.609798755295916539e-01 7.971279056554479714e-02 9.779939520646010465e-01
8.611852221246952821e-01 8.011710829915523469e-02 9.783728073034824169e-01
8.612045972365197644e-01 8.018602915106090578e-02 9.783455610303253280e-01
8.612045972365197644e-01 8.018602915106090578e-02 9.783455610303253280e-01
8.611389056125816621e-01 7.983893971324250438e-02 9.782185793239455140e-01
8.611463197281966631e-01 8.026588482770026511e-02 9.787080485410020181e-01
8.610179793554429972e-01 8.018439879209736387e-02 9.776675796907530192e-01
8.610112796411442115e-01 8.054390127926218390e-02 9.780972064986259706e-01
8.611462524065970348e-01 7.981445316553834046e-02 9.778347518877494871e-01
8.612033047309608502e-01 7.940808480326029539e-02 9.776177429811583330e-01
8.611283767016385537e-01 8.075382856578282309e-02 9.783016770448363930e-01
8.611283767016385537e-01 8.075382856578282309e-02 9.783016770448363930e-01
8.614448098962361744e-01 8.015924577977819043e-02 9.791104359796359846e-01
8.614448098962361744e-01 8.015924577977819043e-02 9.791104359796359846e-01
8.609537854607897112e-01 8.083490593509587430e-02 9.787871588628642705e-01
8.609537854607897112e-01 8.083490593509587430e-02 9.787871588628642705e-01
8.611425816821713930e-01 7.996549288422810653e-02 9.785222358891405570e-01
8.610738313681489675e-01 8.029333460508784881e-02 9.790590365447155996e-01
8.610900630189927130e-01 8.062902779941842624e-02 9.784781016494059624e-01
8.610900630189927130e-01 8.062902779941842624e-02 9.784781016494059624e-01
8.610696117910671132e-01 8.032935497659966784e-02 9.788083900790272018e-01
8.610149029697907741e-01 8.015015623396559707e-02 9.782791408138573619e-01
8.610149029697907741e-01 8.015015623396559707e-02 9.782791408138573619e-01
8.613119242859926805e-01 7.917916950440866131e-02 9.789006516142997327e-01
8.611031207504209473e-01 7.870391439529521305e-02 9.786640630798293383e-01
8.612073931966512941e-01 7.959880746829244014e-02 9.784941183200502879e-01
8.609965753834425417e-01 7.952063632204318944e-02 9.779152801010736473e-01
8.612394395995863761e-01 7.968991194102548192e-02 9.789584224093805798e-01
8.612932766870199375e-01 7.980020755085177886e-02 9.788435552671836959e-01
8.610483390215116772e-01 8.031595717569649240e-02 9.794650332403669335e-01
8.611562090719466767e-01 7.975923916731945951e-02 9.784773254414377286e-01
8.611562090719466767e-01 7.975923916731945951e-02 9.784773254414377286e-01
8.611088206990235028e-01 7.986020899995925626e-02 9.786813855003156926e-01
8.611088206990235028e-01 7.986020899995925626e-02 9.786813855003156926e-01
8.611458719585065591e-01 8.052734692060768695e-02 9.787965757959109503e-01
8.611458719585065591e-01 8.052734692060768695e-02 9.787965757959109503e-01
8.610402120725914044e-01 8.101710780021702252e-02 9.789613228902052100e-01
8.610402120725914044e-01 8.101710780021702252e-02 9.789613228902052100e-01
8.610818742425581096e-01 8.028882955815695721e-02 9.780667935625682041e-01
8.611366426840010302e-01 8.003977022536017116e-02 9.786229914917221606e-01
8.612242386038101438e-01 7.984678972406669684e-02 9.785114280185271962e-01
8.608196273567947365e-01 8.020651776993685533e-02 9.786072116780875074e-01
8.608196273567947365e-01 8.020651776993685533e-02 9.786072116780875074e-01
8.610902404129261445e-01 8.011326166448599906e-02 9.784594674291555716e-01
8.611957861961822003e-01 8.005578527587341175e-02 9.790228168027647060e-01
8.611186452393149171e-01 8.059814779540235008e-02 9.787269948976020650e-01
8.611186452393149171e-01 8.059814779540235008e-02 9.787269948976020650e-01
8.610808196946586612e-01 8.014149291167434186e-02 9.783270172720303082e-01
8.610591842342991686e-01 8.096665282345484604e-02 9.778777169890675580e-01
8.613265525201871942e-01 7.959881922019933220e-02 9.781914813589223101e-01
8.613265525201871942e-01 7.959881922019933220e-02 9.781914813589223101e-01
8.609462130086842357e-01 8.053920007267552361e-02 9.787502998605188687e-01
8.610728616181332340e-01 7.958797808247426719e-02 9.791023879059479462e-01
8.611233640526005928e-01 8.058631514073492930e-02 9.784497928569828584e-01
8.611233640526005928e-01 8.058631514073492930e-02 9.784497928569828584e-01
8.612371862294334601e-01 7.965194242709636163e-02 9.786681432480819343e-01
8.610007033334771132e-01 8.135493108167549114e-02 9.778157004932249707e-01
8.610007033334771132e-01 8.135493108167549114e-02 9.778157004932249707e-01
8.610920981412142350e-01 8.041721459641586189e-02 9.789112622097472238e-01
8.610920981412142350e-01 8.041721459641586189e-02 9.789112622097472238e-01
8.610362019065715966e-01 8.038411637409142996e-02 9.789141695977878754e-01
8.610362019065715966e-01 8.038411637409142996e-02 9.789141695977878754e-01
8.610199124114709113e-01 8.075781627854232425e-02 9.781439604283596045e-01
8.612367170310175624e-01 7.992545181398431897e-02 9.787810235431388950e-01
8.611644095664493515e-01 8.016259707552055025e-02 9.787107684547891040e-01
8.611644095664493515e-01 8.016259707552055025e-02 9.787107684547891040e-01
8.611853421661462837e-01 8.045490944227280672e-02 9.790569604794796543e-01
8.611602281551850036e-01 7.969582208167576287e-02 9.786095812831741014e-01
8.611710471834947977e-01 7.927769625060064607e-02 9.784151872342548018e-01
8.611710471834947977e-01 7.927769625060064607e-02 9.784151872342548018e-01
8.609956751271213848e-01 8.053853755278002347e-02 9.786514395338162808e-01
8.609956751271213848e-01 8.053853755278002347e-02 9.786514395338162808e-01
8.613094176277135139e-01 8.026502048063381689e-02 9.785301839463413920e-01
8.611126037911360775e-01 7.997112311620853398e-02 9.780515347735057041e-01
8.611643763365002258e-01 7.910180071378063171e-02 9.786432476322269869e-01
8.609247162168081058e-01 8.123739847812740111e-02 9.779283907765966566e-01
8.610447685944291329e-01 8.066078814867029545e-02 9.787908758337072745e-01
8.611757494037169947e-01 8.022872065911498818e-02 9.789261642189377444e-01
8.611757494037169947e-01 8.022872065911498818e-02 9.789261642189377444e-01
8.611004231422482169e-01 7.971861162038172688e-02 9.785364959001527918e-01
8.611004231422482169e-01 7.971861162038172688e-02 9.785364959001527918e-01
8.612131772651026029e-01 8.083209622133767647e-02 9.791204705091195448e-01
8.612131772651026029e-01 8.083209622133767647e-02 9.791204705091195448e-01
8.609064730197277804e-01 8.092025162454677401e-02 9.780502577127310193e-01
8.609064730197277804e-01 8.092025162454677401e-02 9.780502577127310193e-01
8.611799733846187133e-01 7.973216658297491155e-02 9.782465172664973618e-01
8.610315798141540133e-01 7.957989547253953300e-02 9.781060683029833003e-01
8.611366426840010302e-01 8.003977022536017116e-02 9.786153620971909106e-01
8.610346962992454500e-01 8.047376232827878340e-02 9.782276640422402636e-01
8.610799898752533599e-01 7.978395546052337306e-02 9.782432370548497236e-01
8.610799898752533599e-01 7.978395546052337306e-02 9.782432370548497236e-01
8.610529662327790490e-01 7.954199621048135826e-02 9.777342350335999077e-01
8.612556985373486240e-01 7.980293110647755650e-02 9.786159963636900105e-01
8.610953351171021231e-01 8.006247209214191474e-02 9.786455671119640431e-01
8.611582599811699046e-01 8.066465678064138611e-02 9.787923782962196784e-01
8.611225158340982677e-01 7.993520774672227547e-02 9.781017413875284783e-01
8.611225158340982677e-01 7.993520774672227547e-02 9.781017413875284783e-01
8.610831442980904082e-01 8.023815634490930049e-02 9.783058258986609967e-01
8.610992065077965885e-01 8.006995815501891101e-02 9.785209713788837194e-01
8.610992065077965885e-01 8.006995815501891101e-02 9.785209713788837194e-01
8.610426819149896716e-01 7.876567337811631042e-02 9.781435784776220110e-01
8.611845987903561372e-01 8.021232659987792557e-02 9.785462474099982932e-01
8.611845987903561372e-01 8.021232659987792557e-02 9.785462474099982932e-01
8.609009461131978957e-01 8.042772139508740092e-02 9.776972556925505042e-01
8.610839970850761027e-01 8.076204540746904914e-02 9.782973785845328063e-01
8.610839970850761027e-01 8.076204540746904914e-02 9.782973785845328063e-01
8.610905833862266823e-01 8.044367993153282714e-02 9.784027162113212439e-01
8.610905833862266823e-01 8.044367993153282714e-02 9.784027162113212439e-01
8.610941647297557511e-01 8.019655753183642377e-02 9.783249063345469398e-01
8.610941647297557511e-01 8.019655753183642377e-02 9.783249063345469398e-01
8.611071447891068820e-01 7.930478094360370045e-02 9.784831833179712390e-01
8.610788081886932011e-01 8.035752103607525509e-02 9.788022750196451183e-01
8.611870593287451747e-01 7.949041782820144564e-02 9.789776548096233988e-01
8.610431196057252157e-01 8.061904761993542168e-02 9.775908360625310545e-01
8.610431196057252157e-01 8.061904761993542168e-02 9.775908360625310545e-01
8.610708205141035521e-01 7.969676733567256088e-02 9.785992793510428500e-01
8.610892644302294840e-01 7.955068272069241997e-02 9.781258381158148829e-01
8.611325555303781520e-01 7.966335414813698057e-02 9.784547484555307095e-01
8.610549018990670822e-01 8.015404960906225007e-02 9.785375370865283529e-01
8.612584205654499891e-01 8.055033272262283883e-02 9.789964685330256877e-01
8.611969815871257650e-01 7.977524074492263473e-02 9.787895252768571419e-01
8.611969815871257650e-01 7.977524074492263473e-02 9.787895252768571419e-01
8.612184925495024457e-01 8.038050195570466128e-02 9.788075346132640853e-01
8.610928656939218495e-01 8.017116766860686583e-02 9.781190342389259884e-01
8.611744723891970876e-01 7.947438162095900316e-02 9.785078623392935437e-01
8.611744723891970876e-01 7.947438162095900316e-02 9.785078623392935437e-01
8.609856209666824078e-01 8.080669058576110675e-02 9.781797480660332500e-01
8.609856209666824078e-01 8.080669058576110675e-02 9.781797480660332500e-01
8.610204695270471387e-01 7.970876135059602741e-02 9.789137186748422259e-01
8.608970094235286474e-01 8.027026785208128679e-02 9.788388689160522071e-01
8.608970094235286474e-01 8.027026785208128679e-02 9.788388689160522071e-01
8.609668230951257328e-01 8.018082685156215084e-02 9.787560522820120124e-01
8.611446884821361003e-01 8.043888642215846208e-02 9.787526489347828651e-01
8.611446884821361003e-01 8.043888642215846208e-02 9.787526489347828651e-01
8.611086795702524999e-01 8.026431402726233455e-02 9.784147741444324531e-01
8.610740840184736289e-01 7.971160101411310650e-02 9.785725687744023515e-01
8.610740840184736289e-01 7.971160101411310650e-02 9.785725687744023515e-01
8.612657484175493261e-01 8.027919847571744760e-02 9.785803484716164569e-01
8.610145309535470748e-01 8.067788858111733796e-02 9.791651676309155450e-01
8.611731897048064965e-01 8.008745649529612487e-02 9.785812021435711383e-01
8.611046246215374733e-01 7.968692129904315913e-02 9.788902219679490591e-01
8.610196652621693314e-01 7.972809510106812492e-02 9.790895177404690397e-01
8.610746342225287231e-01 7.954550093180258463e-02 9.786707864076213959e-01
8.610746342225287231e-01 7.954550093180258463e-02 9.786707864076213959e-01
8.610938685822959737e-01 7.994673793072043511e-02 9.784758866379634767e-01
8.609607466582003266e-01 8.031344773307524942e-02 9.785376789642070694e-01
8.611374518798072808e-01 8.001623756236746210e-02 9.783437052959732538e-01
8.611374518798072808e-01 8.001623756236746210e-02 9.783437052959732538e-01
8.611600520060892494e-01 7.922913582832226409e-02 9.790837371219059948e-01
8.611449329794899077e-01 7.959530888071546240e-02 9.789906931725147476e-01
8.611449329794899077e-01 7.959530888071546240e-02 9.789906931725147476e-01
8.611151369013478885e-01 7.960050226639087123e-02 9.785200782271141762e-01
8.611151369013478885e-01 7.960050226639087123e-02 9.785200782271141762e-01
8.611672905911361697e-01 8.061690356676155800e-02 9.787886083531891490e-01
8.611672905911361697e-01 8.061690356676155800e-02 9.787886083531891490e-01
8.612454019404709449e-01 8.020200280016877292e-02 9.786502331787036990e-01
8.612454019404709449e-01 8.020200280016877292e-02 9.786502331787036990e-01
8.611028428524144518e-01 8.027256715399828935e-02 9.788301135315324863e-01
8.611028428524144518e-01 8.027256715399828935e-02 9.788301135315324863e-01
8.610860109341097468e-01 8.018062163917349938e-02 9.784308233893054263e-01
8.610645015164819505e-01 8.032588471283880205e-02 9.790451677737581626e-01
8.611623026531135539e-01 8.002684760475951842e-02 9.791946859012983229e-01
8.611623026531135539e-01 8.002684760475951842e-02 9.791946859012983229e-01
8.610215064850836875e-01 8.067261403022703281e-02 9.789722139263212775e-01
8.610215064850836875e-01 8.067261403022703281e-02 9.789722139263212775e-01
8.610691914985841855e-01 7.993271980457304637e-02 9.784280613400820892e-01
8.610691914985841855e-01 7.993271980457304637e-02 9.784280613400820892e-01
8.610968560033823715e-01 8.022720087568925573e-02 9.793151118654163101e-01
8.610968560033823715e-01 8.022720087568925573e-02 9.793151118654163101e-01
8.611769405459352988e-01 8.052260173396505460e-02 9.784684243231172029e-01
8.611135363262710785e-01 8.050658882368190439e-02 9.789033965468800780e-01
8.610619433295426672e-01 8.018032623802488768e-02 9.785585226762369970e-01
8.611279671443734518e-01 8.110562540092441930e-02 9.782848541844366697e-01
8.611279671443734518e-01 8.110562540092441930e-02 9.782848541844366697e-01
8.612287881092203223e-01 8.038202484910199341e-02 9.792875208814871835e-01
8.612287881092203223e-01 8.038202484910199341e-02 9.792875208814871835e-01
8.610917590612073846e-01 8.045620803692046796e-02 9.784790804134683162e-01
8.610917590612073846e-01 8.045620803692046796e-02 9.784790804134683162e-01
8.611867479362611544e-01 8.045558083443478392e-02 9.782735077210131802e-01
8.611294057187151019e-01 8.045336110724778111e-02 9.786684897406927597e-01
8.611294057187151019e-01 8.045336110724778111e-02 9.786684897406927597e-01
8.609524165684071528e-01 7.999803096542731917e-02 9.791161167927663334e-01
8.613076402467190196e-01 8.038350887628260832e-02 9.789445078097036568e-01
8.612503511637794595e-01 8.035223838777845462e-02 9.782076878527878883e-01
8.610984356667709116e-01 8.107971074133576983e-02 9.782059051818963180e-01
8.610323954868804863e-01 7.985368514835892995e-02 9.782329151362181285e-01
8.610323954868804863e-01 7.985368514835892995e-02 9.782329151362181285e-01
8.609225662132868884e-01 7.985655960332031789e-02 9.788967094143672387e-01
8.609651023248553470e-01 8.095971682972359640e-02 9.787292681940249484e-01
8.609651023248553470e-01 8.095971682972359640e-02 9.787292681940249484e-01
8.610440435600041909e-01 7.971684422105790313e-02 9.781322329454169573e-01
8.611567205847170392e-01 7.930026179539363673e-02 9.782353434476039888e-01
8.611455869711168720e-01 8.041972667643629280e-02 9.785848990779222323e-01
8.611455869711168720e-01 8.041972667643629280e-02 9.785848990779222323e-01
8.611099145838337909e-01 8.017903776486046130e-02 9.792125468908758901e-01
8.610014227595433889e-01 8.069436059489458468e-02 9.790156528258264768e-01
8.610014227595433889e-01 8.069436059489458468e-02 9.790156528258264768e-01
8.611282572934022550e-01 7.948967169792471588e-02 9.786257002910755398e-01
8.610340431255470994e-01 7.950238866090054979e-02 9.788770207118503430e-01
8.610340431255470994e-01 7.950238866090054979e-02 9.788770207118503430e-01
8.610308305158178577e-01 7.982342132075832819e-02 9.779007634145028272e-01
8.610194562042682298e-01 8.065008705286622059e-02 9.779476308830107323e-01
8.611123882605196123e-01 8.064074879874572055e-02 9.786137694353032046e-01
8.611372166262000194e-01 8.016705229792629728e-02 9.790009494872931040e-01
8.611372166262000194e-01 8.016705229792629728e-02 9.790009494872931040e-01
8.612205470495515325e-01 8.038680761218293391e-02 9.788535626905398024e-01
8.610821001457727997e-01 8.001706315398855740e-02 9.795801735264331178e-01
8.609530456363518880e-01 8.036003421196129259e-02 9.793035544836595774e-01
8.609530456363518880e-01 8.036003421196129259e-02 9.793035544836595774e-01
8.609030381992218706e-01 8.071193397004859660e-02 9.794234115712211475e-01
8.611120529195199769e-01 8.092628149989404551e-02 9.796005808348721144e-01
8.610476538764934018e-01 7.960672304343961725e-02 9.794130931925122407e-01
8.610540636899181033e-01 8.078893124599940967e-02 9.796276870170169682e-01
8.610023024992934371e-01 7.984904446207996553e-02 9.800001808794682745e-01
8.610023024992934371e-01 7.984904446207996553e-02 9.800001808794682745e-01
8.610131848509304797e-01 8.031005427876082570e-02 9.828040678491427595e-01
8.608672975401777672e-01 8.119779247230507480e-02 9.846378126390469276e-01
8.607146418483089256e-01 8.110604304391803854e-02 9.869561868599310284e-01
8.603670476922828936e-01 7.972103195194484015e-02 9.965434736965130824e-01
8.603670476922828936e-01 7.972103195194484015e-02 9.965434736965130824e-01
8.595331915261406053e-01 8.027161268533380967e-02 1.007141476526243418e+00
8.593704103198060995e-01 7.981433841768072190e-02 1.011619040139343451e+00
8.593704103198060995e-01 7.981433841768072190e-02 1.011619040139343451e+00
8.587748768674099420e-01 8.010442665894802750e-02 1.019247356205243982e+00
8.580807670003270937e-01 8.006288534670655266e-02 1.026959478353316246e+00
8.580807670003270937e-01 8.006288534670655266e-02 1.026959478353316246e+00
8.570939972506285143e-01 7.901736303514318716e-02 1.035128360820811277e+00
8.561760554977821958e-01 8.008728619265545468e-02 1.044096809100572454e+00
8.553239684289682954e-01 7.954154374774290159e-02 1.049982448133728763e+00
8.553239684289682954e-01 7.954154374774290159e-02 1.049982448133728763e+00
8.541288942323398414e-01 7.778245062111817376e-02 1.060141771611142980e+00
8.531469201440647909e-01 7.901244098149447226e-02 1.066881000972499605e+00
8.531469201440647909e-01 7.901244098149447226e-02 1.066881000972499605e+00
8.516886604545300665e-01 7.745289529882261326e-02 1.076446943902380049e+00
8.516886604545300665e-01 7.745289529882261326e-02 1.076446943902380049e+00
8.485324566693950299e-01 7.754758044511805837e-02 1.093110724033441894e+00
8.485324566693950299e-01 7.754758044511805837e-02 1.093110724033441894e+00
8.452742650170362859e-01 7.527998164462031128e-02 1.109798689975688202e+00
8.452742650170362859e-01 7.527998164462031128e-02 1.109798689975688202e+00
8.400973642118918505e-01 7.352040880437550607e-02 1.131760428090214488e+00
8.383432518291138447e-01 7.385036327024736835e-02 1.138257582880888741e+00
8.383432518291138447e-01 7.385036327024736835e-02 1.138257582880888741e+00
8.357229873957094934e-01 7.272331020578372274e-02 1.148695848395508312e+00
8.338139466069468542e-01 7.333061700117522730e-02 1.154994532231882198e+00
8.309547908727913379e-01 7.134676121270626392e-02 1.165789748961020500e+00
8.290073607498930075e-01 7.138864519911164441e-02 1.171994311118187193e+00
8.290073607498930075e-01 7.138864519911164441e-02 1.171994311118187193e+00
8.261402613591242172e-01 6.958462084167742201e-02 1.181546162032647285e+00
8.232552822171245177e-01 6.987525686604433017e-02 1.190712281376243853e+00
8.210503889484604967e-01 6.918110243160489892e-02 1.197424785534917602e+00
8.210503889484604967e-01 6.918110243160489892e-02 1.197424785534917602e+00
8.185681726629236987e-01 6.812270323474724221e-02 1.205856002149489736e+00
8.156270881612571744e-01 7.032160422326712290e-02 1.214470582839062951e+00
8.135976754357879814e-01 7.050700340175410086e-02 1.220598182235350881e+00
8.119509098773654010e-01 7.055609996192697964e-02 1.225595172427564439e+00
8.102451187058806736e-01 7.084132296100560666e-02 1.230402200286628389e+00
8.102451187058806736e-01 7.084132296100560666e-02 1.230402200286628389e+00
8.075199093170143394e-01 7.173091763678493549e-02 1.238309217479069968e+00
8.061175811978121830e-01 7.228357784028620336e-02 1.241699229272691163e+00
8.041414629756270527e-01 7.303368059792990363e-02 1.248322399981980357e+00
8.018830522925226578e-01 7.347578615396506418e-02 1.254623726793375305e+00
8.000588070738559043e-01 7.637940247012461881e-02 1.259016197597173203e+00
8.000588070738559043e-01 7.637940247012461881e-02 1.259016197597173203e+00
7.979791059889564941e-01 7.933828353953957524e-02 1.264174966981099324e+00
7.964763360297277828e-01 8.244765109736612585e-02 1.267760450833443020e+00
7.941949846850955286e-01 8.662623437707807350e-02 1.272687667846674309e+00
7.928010435718836346e-01 8.983343265051987880e-02 1.275789951492889651e+00
7.906051715059670970e-01 9.569687528314115010e-02 1.279961676602412446e+00
7.889202445637294447e-01 1.018076683363253604e-01 1.282735001705482158e+00
7.889202445637294447e-01 1.018076683363253604e-01 1.282735001705482158e+00
7.865130343282179526e-01 1.076035328169715893e-01 1.286559961267657926e+00
7.851775370549167743e-01 1.131923980927514173e-01 1.288936342968081572e+00
7.840283310465706590e-01 1.174895049639117645e-01 1.290202308902609563e+00
7.830437074127371000e-01 1.218478908802874960e-01 1.291176544132379478e+00
7.830437074127371000e-01 1.218478908802874960e-01 1.291176544132379478e+00
7.811863505839337085e-01 1.284028201380524870e-01 1.293289807029375460e+00
7.797511456290528997e-01 1.338040895858840507e-01 1.295215727730536504e+00
7.778311498511215616e-01 1.422241139733710080e-01 1.296034496232912892e+00
7.771843367753311638e-01 1.466912747171148224e-01 1.295937791299692332e+00
7.758785501928995298e-01 1.548836548817856540e-01 1.296425588864747791e+00
7.743622298388809222e-01 1.619868007812410859e-01 1.296704799956994059e+00
7.731053506215586069e-01 1.675448351645308920e-01 1.296918833176013752e+00
7.731053506215586069e-01 1.675448351645308920e-01 1.296918833176013752e+00
7.703878744939407497e-01 1.757540311866737648e-01 1.298952332113105790e+00
7.687465734892509062e-01 1.825628942916341368e-01 1.298332142481203766e+00
7.687465734892509062e-01 1.825628942916341368e-01 1.298332142481203766e+00
7.662226138897373362e-01 1.915654925839202494e-01 1.298597406958956757e+00
7.639766803438785558e-01 1.999841560600487678e-01 1.297627393779355209e+00
7.639766803438785558e-01 1.999841560600487678e-01 1.297627393779355209e+00
7.610561457298159471e-01 2.076774225722433087e-01 1.297996203983149854e+00
7.585220627682173200e-01 2.153625927618800784e-01 1.297566820324756121e+00
7.556210057446298700e-01 2.245125044499382549e-01 1.296777692488502609e+00
7.527666812049136347e-01 2.304113578753895220e-01 1.297311244036168265e+00
7.513526840280614350e-01 2.350480777659093301e-01 1.296105722756853540e+00
7.478686549290110008e-01 2.435268211482732037e-01 1.295988417321820352e+00
7.478686549290110008e-01 2.435268211482732037e-01 1.295988417321820352e+00
7.447190140587458540e-01 2.523673542074366671e-01 1.294398535897209879e+00
7.425015725390928800e-01 2.559680582964926621e-01 1.294401019648687257e+00
7.425015725390928800e-01 2.559680582964926621e-01 1.294401019648687257e+00
7.388063035867332706e-01 2.644669687894226073e-01 1.294060687675994359e+00
7.355270671122430270e-01 2.719921592737508664e-01 1.292796427610366727e+00
7.355270671122430270e-01 2.719921592737508664e-01 1.292796427610366727e+00
7.282469700450238115e-01 2.869329334437501489e-01 1.291492777875098419e+00
7.232511424424967750e-01 2.974036660013457123e-01 1.290142841553244102e+00
7.232511424424967750e-01 2.974036660013457123e-01 1.290142841553244102e+00
7.170323792328564538e-01 3.085507464504511077e-01 1.289638563434332141e+00
7.129357751231837348e-01 3.154854083704999312e-01 1.288595394719442844e+00
7.091322003700616383e-01 3.223490463891991453e-01 1.288121129329161008e+00
7.063359092318008958e-01 3.272134431705998603e-01 1.287504827343562752e+00
7.036961387935236623e-01 3.312970605191235540e-01 1.287158844211693909e+00
7.012983867291550100e-01 3.355829762783514303e-01 1.286309068243907783e+00
7.012983867291550100e-01 3.355829762783514303e-01 1.286309068243907783e+00
6.979798037471356409e-01 3.411823847785909747e-01 1.286354428022798979e+00
6.979798037471356409e-01 3.411823847785909747e-01 1.286354428022798979e+00
6.912153969955786570e-01 3.519959049201528689e-01 1.285331553589424303e+00
6.844229397360397371e-01 3.622487663320972939e-01 1.283749064258572048e+00
6.769437656526975378e-01 3.739677226249009667e-01 1.282278936572559092e+00
6.727567718636393579e-01 3.800376866797054443e-01 1.281225003384981465e+00
6.680167670843802918e-01 3.858792114126919359e-01 1.281352319562348852e+00
6.640015466965651925e-01 3.912903409307644242e-01 1.280717873384809913e+00
6.601895151673463635e-01 3.967639326710706849e-01 1.280350304112230608e+00
6.601895151673463635e-01 3.967639326710706849e-01 1.280350304112230608e+00
6.564852328696123562e-01 4.026408520828783089e-01 1.278192131352443139e+00
6.537957151001509981e-01 4.067555721608935859e-01 1.276619778477518841e+00
6.505787419280256723e-01 4.122194212537849678e-01 1.273899039311453318e+00
6.478437055380422693e-01 4.164103659556537274e-01 1.272549845346067965e+00
6.478437055380422693e-01 4.164103659556537274e-01 1.272549845346067965e+00
6.425186297313953965e-01 4.248820918188844775e-01 1.268641681262571153e+00
6.366887233397503509e-01 4.351982479965795791e-01 1.262585070403267951e+00
6.366887233397503509e-01 4.351982479965795791e-01 1.262585070403267951e+00
6.313082430900368580e-01 4.448849842955393541e-01 1.255298784364920817e+00
6.313082430900368580e-01 4.448849842955393541e-01 1.255298784364920817e+00
6.271023755921066867e-01 4.513482604737572013e-01 1.251181922558139981e+00
6.271023755921066867e-01 4.513482604737572013e-01 1.251181922558139981e+00
6.204405105883139537e-01 4.623975612791084155e-01 1.243353955545541289e+00
6.204405105883139537e-01 4.623975612791084155e-01 1.243353955545541289e+00
6.138093230190898586e-01 4.735981902789134779e-01 1.233294344809179766e+00
6.108918266128848806e-01 4.783364258274063752e-01 1.229618773130753961e+00
6.108918266128848806e-01 4.783364258274063752e-01 1.229618773130753961e+00
6.066673182574598977e-01 4.843004466234153149e-01 1.225526811076846911e+00
6.013614314752018242e-01 4.926543978423665315e-01 1.217124401553207891e+00
6.013614314752018242e-01 4.926543978423665315e-01 1.217124401553207891e+00
5.944023274249137234e-01 5.028329743811201791e-01 1.207605507347784268e+00
5.903905435716144678e-01 5.082284956342071336e-01 1.202904144070954029e+00
5.872315740870699408e-01 5.124951492519541629e-01 1.198601279995390678e+00
5.872315740870699408e-01 5.124951492519541629e-01 1.198601279995390678e+00
5.844772681230285816e-01 5.159333559491263710e-01 1.194364224529940621e+00
5.828706329794820507e-01 5.177464928386763532e-01 1.192652647253870768e+00
5.794980396253984756e-01 5.216574977599267582e-01 1.188380848918858979e+00
5.794980396253984756e-01 5.216574977599267582e-01 1.188380848918858979e+00
5.779008169726891353e-01 5.238436040757615819e-01 1.183631539225510565e+00
5.743525758225532796e-01 5.271621393122460919e-01 1.180286943283525458e+00
5.722485796675430558e-01 5.293089869239053780e-01 1.178015903405269738e+00
5.704376186959883022e-01 5.311119477760721796e-01 1.175552505752344601e+00
5.704376186959883022e-01 5.311119477760721796e-01 1.175552505752344601e+00
5.675239800303731874e-01 5.334967029297404961e-01 1.172713903592685902e+00
5.638645723490486317e-01 5.368883524639096461e-01 1.169703797444183291e+00
5.614769417265459417e-01 5.388620615263568503e-01 1.166130616279952958e+00
5.587586365989066772e-01 5.412699189431856572e-01 1.163617520519578008e+00
5.557797771468160342e-01 5.438121607019846815e-01 1.160334325386249033e+00
5.540031967323004736e-01 5.455081388777278661e-01 1.158131713296617349e+00
5.528053800094325787e-01 5.461380610473323127e-01 1.156597325700437606e+00
5.501270098745528747e-01 5.481292153895840347e-01 1.154153921626875245e+00
5.501270098745528747e-01 5.481292153895840347e-01 1.154153921626875245e+00
5.475842040375130670e-01 5.498648382445231464e-01 1.151788197947444026e+00
5.456532389198723854e-01 5.513069552684441987e-01 1.150249735523914518e+00
5.438205131251676594e-01 5.527460433983026888e-01 1.147043954082230588e+00
5.421047908839261575e-01 5.539346598045290504e-01 1.145605516121351197e+00
5.421047908839261575e-01 5.539346598045290504e-01 1.145605516121351197e+00
5.400369816018567581e-01 5.555279784469345783e-01 1.142375085174146987e+00
5.386744647361474403e-01 5.563827203405239397e-01 1.141146603462036335e+00
5.363971635212150257e-01 5.582644082660004337e-01 1.139473449424221574e+00
5.360370156405007691e-01 5.582380067184666839e-01 1.138037412764653755e+00
5.352164192802469911e-01 5.590453951589652304e-01 1.134638473655210422e+00
5.335351223949439392e-01 5.601934306905989036e-01 1.132844929008602008e+00
5.329646067631604867e-01 5.607129197108919882e-01 1.129562427458282281e+00
5.329646067631604867e-01 5.607129197108919882e-01 1.129562427458282281e+00
5.328479495646644137e-01 5.612688516179584752e-01 1.123981075386513595e+00
5.320754657196223869e-01 5.623164011850908528e-01 1.121869598747791574e+00
5.328361052873016313e-01 5.616825533690328331e-01 1.120278838992793347e+00
5.328335731209138393e-01 5.619131666189316476e-01 1.117443914569096641e+00
5.328335731209138393e-01 5.619131666189316476e-01 1.117443914569096641e+00
5.321074371192394681e-01 5.629357874625180447e-01 1.115592061337657315e+00
5.326822341905347313e-01 5.621979417203275542e-01 1.113763158678215515e+00
5.322425858000787713e-01 5.627729013106528289e-01 1.111367380008277284e+00
5.322640292520636196e-01 5.627474204620521725e-01 1.108589397785990194e+00
5.323402406760538996e-01 5.628676993042593946e-01 1.105682190090040873e+00
5.324032657974661076e-01 5.629807461273026448e-01 1.104207712296152444e+00
5.326900877084661534e-01 5.630538365794705014e-01 1.102766487528344719e+00
5.326900877084661534e-01 5.630538365794705014e-01 1.102766487528344719e+00
5.322951042448781367e-01 5.638359281444189630e-01 1.099861834855637488e+00
5.322951042448781367e-01 5.638359281444189630e-01 1.099861834855637488e+00
5.321574839714702243e-01 5.649309272265559123e-01 1.096042768615161700e+00
5.321574839714702243e-01 5.649309272265559123e-01 1.096042768615161700e+00
5.329501297455393471e-01 5.653909170924092953e-01 1.092232502601192534e+00
5.329501297455393471e-01 5.653909170924092953e-01 1.092232502601192534e+00
5.338644121066004056e-01 5.657295109790868581e-01 1.088292450416926238e+00
5.336137718394683427e-01 5.662706944587396762e-01 1.087343042927769066e+00
5.336137718394683427e-01 5.662706944587396762e-01 1.087343042927769066e+00
5.345909236375958606e-01 5.658619026968695342e-01 1.085158317365228164e+00
5.344643078338709996e-01 5.665600896497680061e-01 1.083366322694899742e+00
5.344643078338709996e-01 5.665600896497680061e-01 1.083366322694899742e+00
5.337697986387214266e-01 5.671446723945769985e-01 1.082469618679266166e+00
5.345416375452236579e-01 5.669501594448803639e-01 1.081281068864909711e+00
5.347754963254285343e-01 5.669685670700541635e-01 1.080489935741119512e+00
5.343170221240046702e-01 5.676700167967422272e-01 1.079303186646752843e+00
5.343170221240046702e-01 5.676700167967422272e-01 1.079303186646752843e+00
5.345621313259062424e-01 5.675085188141404391e-01 1.079037804693532276e+00
5.345621313259062424e-01 5.675085188141404391e-01 1.079037804693532276e+00
5.345559715070772322e-01 5.677665563916667324e-01 1.078680059208331432e+00
5.345559715070772322e-01 5.677665563916667324e-01 1.078680059208331432e+00
5.352360415797673410e-01 5.672441451662521006e-01 1.077553157798490702e+00
5.349836263947550519e-01 5.675614779900592932e-01 1.077333941630656877e+00
5.349836263947550519e-01 5.675614779900592932e-01 1.077333941630656877e+00
5.345544584529599019e-01 5.676909697651302267e-01 1.077844537593352747e+00
5.347656251423453799e-01 5.677581343199102903e-01 1.077716202290438741e+00
5.351264719112033275e-01 5.670250442383002465e-01 1.077648508508638692e+00
5.355405417324723416e-01 5.671675375637126315e-01 1.076676760692067303e+00
5.350749293693151110e-01 5.671951227685553265e-01 1.076054966427814286e+00
5.363852960639908796e-01 5.656468360006295937e-01 1.076392333807437485e+00
5.363852960639908796e-01 5.656468360006295937e-01 1.076392333807437485e+00
5.365720094661442507e-01 5.651972167718245510e-01 1.075405267734832027e+00
5.364924675232843887e-01 5.648463011971472936e-01 1.074848247108055821e+00
5.369690655580597882e-01 5.642703307843910387e-01 1.073273896580988707e+00
5.369690655580597882e-01 5.642703307843910387e-01 1.073273896580988707e+00
5.391428463040469632e-01 5.613532723195391316e-01 1.070889570452625783e+00
5.399867035524392733e-01 5.593024493080219761e-01 1.068318278171258351e+00
5.407482978196515022e-01 5.578796809214056074e-01 1.066843820376487173e+00
5.420571637191413661e-01 5.562939169547459484e-01 1.066013128421331446e+00
5.420571637191413661e-01 5.562939169547459484e-01 1.066013128421331446e+00
5.426151250796416026e-01 5.551554609552415975e-01 1.065056583549226055e+00
5.431355982351413481e-01 5.544202300876814871e-01 1.063988525560087828e+00
5.433507356153509660e-01 5.534786202016018786e-01 1.062653506627016409e+00
5.444146414503263642e-01 5.520665359788727855e-01 1.061857792989058247e+00
5.449368339238928050e-01 5.511936792735545598e-01 1.061274157717416955e+00
5.449368339238928050e-01 5.511936792735545598e-01 1.061274157717416955e+00
5.454304880206303219e-01 5.498978897879837069e-01 1.060081017805218906e+00
5.465232777435535816e-01 5.478913840545409641e-01 1.058928650678407690e+00
5.467967742172693546e-01 5.474341580847525979e-01 1.058297952588370450e+00
5.471411560166051791e-01 5.467952229569665867e-01 1.058150944690674944e+00
5.471411560166051791e-01 5.467952229569665867e-01 1.058150944690674944e+00
5.478088236599254479e-01 5.455826951921163293e-01 1.056604514713355369e+00
5.478088236599254479e-01 5.455826951921163293e-01 1.056604514713355369e+00
5.488417615477604317e-01 5.437190511138456639e-01 1.056738584067918651e+00
5.488417615477604317e-01 5.437190511138456639e-01 1.056738584067918651e+00
5.496171689219898626e-01 5.421301154329760674e-01 1.054332500362480829e+00
5.501437923793240925e-01 5.413492305327257670e-01 1.053741725281282848e+00
5.515240369393544784e-01 5.396922634781593509e-01 1.053314025033786905e+00
5.508100822513111172e-01 5.398486424788278004e-01 1.053061684790570496e+00
5.513257393753875357e-01 5.391302661289234521e-01 1.052975855386681259e+00
5.517966836214691639e-01 5.380783447777588435e-01 1.052023503714278441e+00
5.517966836214691639e-01 5.380783447777588435e-01 1.052023503714278441e+00
5.521700160895759435e-01 5.374166275340652721e-01 1.051364534008439877e+00
5.519461058479177007e-01 5.374293530451819123e-01 1.051849203546082467e+00
5.519461058479177007e-01 5.374293530451819123e-01 1.051849203546082467e+00
5.520478001461671669e-01 5.373825344028551054e-01 1.050844708571187835e+00
5.530618462628839049e-01 5.356270955407474998e-01 1.050209695515306629e+00
5.537557086337389078e-01 5.343688036175787692e-01 1.049514899718829941e+00
5.537557086337389078e-01 5.343688036175787692e-01 1.049514899718829941e+00
5.544298789782398096e-01 5.331096360157081548e-01 1.049591962514798915e+00
5.547671621192423741e-01 5.325016970769849145e-01 1.049044272252885213e+00
5.556136875340584869e-01 5.318369546396616299e-01 1.048727643894397321e+00
5.556682461505793036e-01 5.321968724052428268e-01 1.048619074547601837e+00
5.570802486064759806e-01 5.319120990980386043e-01 1.048851795506571927e+00
5.580316610446554026e-01 5.318966568586430688e-01 1.047815820380136653e+00
5.577698178152417086e-01 5.328409681708697887e-01 1.048259828508759650e+00
5.577698178152417086e-01 5.328409681708697887e-01 1.048259828508759650e+00
5.608400285160366483e-01 5.321185225371810601e-01 1.048018106906366542e+00
5.633134502270199517e-01 5.319153137001220166e-01 1.048260210010937055e+00
5.633134502270199517e-01 5.319153137001220166e-01 1.048260210010937055e+00
5.647991339624270912e-01 5.323144459551197860e-01 1.048469299545548905e+00
5.647991339624270912e-01 5.323144459551197860e-01 1.048469299545548905e+00
5.658246343935403599e-01 5.324392851082018208e-01 1.048255827341389779e+00
5.672121297480557933e-01 5.325094945882605790e-01 1.047431615295911556e+00
5.689441688137314435e-01 5.317534209209955343e-01 1.047392365271415215e+00
5.689441688137314435e-01 5.317534209209955343e-01 1.047392365271415215e+00
5.697148729183997284e-01 5.316753841649851653e-01 1.048196881232346112e+00
5.706679140892122470e-01 5.314239035089142194e-01 1.047658834869965139e+00
5.706679140892122470e-01 5.314239035089142194e-01 1.047658834869965139e+00
5.718060996430169851e-01 5.312576652867966320e-01 1.046878325838421331e+00
5.718060996430169851e-01 5.312576652867966320e-01 1.046878325838421331e+00
5.740667600058745323e-01 5.299543506663355608e-01 1.046529628597059558e+00
5.749372389399877159e-01 5.297255876182290768e-01 1.046664475536334571e+00
5.749372389399877159e-01 5.297255876182290768e-01 1.046664475536334571e+00
5.770873754517463761e-01 5.279950611464430121e-01 1.046015731895354905e+00
5.770873754517463761e-01 5.279950611464430121e-01 1.046015731895354905e+00
5.784131917071149154e-01 5.270259048691628978e-01 1.045488356607086944e+00
5.786697524165406170e-01 5.268871830842102311e-01 1.045561557242776995e+00
5.796628871334444932e-01 5.263480203902086707e-01 1.045582781833369834e+00
5.801582777559440851e-01 5.262463934332501925e-01 1.045326525359160375e+00
5.801582777559440851e-01 5.262463934332501925e-01 1.045326525359160375e+00
5.801781361293555372e-01 5.265251145943574684e-01 1.044842394075017111e+00
5.819591011434513961e-01 5.247081174951335747e-01 1.044981760671128024e+00
5.819591011434513961e-01 5.247081174951335747e-01 1.044981760671128024e+00
5.815565603321121158e-01 5.255096344850761492e-01 1.045451455540164165e+00
5.812936608318050036e-01 5.257594729178516335e-01 1.045560101554083854e+00
5.812754571259216574e-01 5.260001732775780869e-01 1.045422072577802286e+00
5.812754571259216574e-01 5.260001732775780869e-01 1.045422072577802286e+00
5.817627692387656868e-01 5.258723615114756500e-01 1.045510280964690786e+00
5.814362203725061962e-01 5.257665447672486003e-01 1.045564220396268951e+00
5.817005803604302638e-01 5.258060477882501305e-01 1.045778504848529522e+00
5.824567969789892219e-01 5.250289271005272873e-01 1.045300874159197146e+00
5.816999377160447793e-01 5.258818965782364740e-01 1.044716109540726912e+00
5.816431992308260801e-01 5.260253556391356611e-01 1.044943623048797177e+00
5.820320103092524455e-01 5.253831925599860009e-01 1.045676748140829559e+00
5.820320103092524455e-01 5.253831925599860009e-01 1.045676748140829559e+00
5.816317101712490389e-01 5.256912520898113783e-01 1.044954951873175775e+00
5.808147254298960949e-01 5.267644885399966892e-01 1.045155273338581381e+00
5.808147254298960949e-01 5.267644885399966892e-01 1.045155273338581381e+00
5.800236653594649239e-01 5.275920275593412034e-01 1.044778848172243535e+00
5.800236653594649239e-01 5.275920275593412034e-01 1.044778848172243535e+00
5.784957813966962181e-01 5.289916996278121175e-01 1.045436417584428401e+00
5.784957813966962181e-01 5.289916996278121175e-01 1.045436417584428401e+00
5.757518458034797115e-01 5.320271820720526845e-01 1.044472567527988893e+00
5.750685175896402823e-01 5.330078816590452240e-01 1.042476729986270056e+00
5.734724135277984303e-01 5.349682720897142030e-01 1.041225767041730199e+00
5.723969606945812361e-01 5.365727728328506529e-01 1.038699349458689580e+00
5.707535647376966725e-01 5.387114672230784995e-01 1.035044848683474239e+00
5.694626892962914022e-01 5.404411790333280008e-01 1.033527494371636823e+00
5.694626892962914022e-01 5.404411790333280008e-01 1.033527494371636823e+00
5.694271696771877611e-01 5.407757678069671226e-01 1.030891965814850542e+00
5.694271696771877611e-01 5.407757678069671226e-01 1.030891965814850542e+00
5.660628478890955551e-01 5.451273041887256809e-01 1.023981666000098212e+00
5.660628478890955551e-01 5.451273041887256809e-01 1.023981666000098212e+00
5.641391283098390330e-01 5.477280644216601102e-01 1.018897524820324030e+00
5.641391283098390330e-01 5.477280644216601102e-01 1.018897524820324030e+00
5.611788268446072925e-01 5.512556677005169270e-01 1.013802486470863462e+00
5.611788268446072925e-01 5.512556677005169270e-01 1.013802486470863462e+00
5.605021017336414557e-01 5.523393133458097681e-01 1.010761259517481969e+00
5.597961229226380286e-01 5.529625341873609656e-01 1.010347719960940971e+00
5.597961229226380286e-01 5.529625341873609656e-01 1.010347719960940971e+00
5.594485381557644521e-01 5.536070081344038885e-01 1.009559142866710335e+00
5.589798518839818042e-01 5.536807385316282470e-01 1.010344484895479678e+00
5.593216397703794085e-01 5.530914874766066358e-01 1.011048273708968548e+00
5.593216397703794085e-01 5.530914874766066358e-01 1.011048273708968548e+00
5.593689866021738233e-01 5.529696208937254776e-01 1.013446939867851171e+00
5.590186422884902973e-01 5.535958206864446396e-01 1.013820379914071479e+00
5.594683801394458866e-01 5.527937555831359262e-01 1.015231094482386798e+00
5.596660284191540269e-01 5.522987214804691014e-01 1.015931280641295675e+00
5.596660284191540269e-01 5.522987214804691014e-01 1.015931280641295675e+00
5.597063318272726962e-01 5.525531930590783514e-01 1.015899764678122708e+00
5.589845588173555369e-01 5.530828591758655266e-01 1.016022148671418934e+00
5.589845588173555369e-01 5.530828591758655266e-01 1.016022148671418934e+00
5.593363682163838835e-01 5.528874273211765722e-01 1.015030710450484985e+00
5.594315158666580690e-01 5.525647777463071897e-01 1.015543711502795876e+00
5.591534488980117734e-01 5.530659855904551669e-01 1.016198681372552315e+00
5.595752567247602727e-01 5.524539270480783859e-01 1.016601433710392133e+00
5.595752567247602727e-01 5.524539270480783859e-01 1.016601433710392133e+00
5.592055289782814631e-01 5.524221270596803013e-01 1.015713548033349234e+00
5.592055289782814631e-01 5.524221270596803013e-01 1.015713548033349234e+00
5.592285179026516007e-01 5.530981147221911698e-01 1.015116561141750307e+00
5.592285179026516007e-01 5.530981147221911698e-01 1.015116561141750307e+00
5.591528388637527769e-01 5.531440344130360565e-01 1.016150362592793677e+00
5.586652391331147216e-01 5.534352664611850159e-01 1.015776557952252857e+00
5.586652391331147216e-01 5.534352664611850159e-01 1.015776557952252857e+00
5.599088999744715744e-01 5.520368726915829694e-01 1.015609147235313037e+00
5.598112091933747925e-01 5.522327617959073010e-01 1.017101502236726240e+00
5.597133933142391937e-01 5.522889612290814432e-01 1.015504747618827253e+00
5.597133933142391937e-01 5.522889612290814432e-01 1.015504747618827253e+00
5.597239672917521114e-01 5.523021805113762506e-01 1.015712804371913247e+00
5.591313092744067959e-01 5.528585401189131110e-01 1.015600263890795052e+00
5.594413841058308856e-01 5.526559892977831456e-01 1.015688021028957833e+00
5.594413841058308856e-01 5.526559892977831456e-01 1.015688021028957833e+00
5.596253693014708874e-01 5.524385199673331748e-01 1.015091356937246614e+00
5.592679845981849418e-01 5.530935323565240314e-01 1.015241858810716602e+00
5.591906151472727515e-01 5.525135378339712799e-01 1.015744831195503739e+00
5.594741679102911425e-01 5.525931548399123372e-01 1.015435967276999030e+00
5.594741679102911425e-01 5.525931548399123372e-01 1.015435967276999030e+00
5.594219167687995986e-01 5.525812057912331543e-01 1.016392968810895248e+00
5.592768472247516831e-01 5.528122826296995029e-01 1.015770084585188249e+00
5.592768472247516831e-01 5.528122826296995029e-01 1.015770084585188249e+00
5.591581527058747669e-01 5.527987476424418567e-01 1.016159270761020972e+00
5.591581527058747669e-01 5.527987476424418567e-01 1.016159270761020972e+00
5.594588214544915505e-01 5.527509928879453804e-01 1.015129060842184794e+00
5.594588214544915505e-01 5.527509928879453804e-01 1.015129060842184794e+00
5.593957477933404476e-01 5.526714629375713006e-01 1.016263148335488697e+00
5.593509158112982549e-01 5.527241933901763105e-01 1.016282615256345778e+00
5.594182360238019180e-01 5.526923224819759728e-01 1.015609499890201439e+00
5.594767048396120934e-01 5.525604654670557281e-01 1.015581254479572593e+00
5.594767048396120934e-01 5.525604654670557281e-01 1.015581254479572593e+00
5.592554754856691179e-01 5.529813418987701290e-01 1.015864217057402374e+00
5.590041895602007038e-01 5.530039338120240622e-01 1.015917854166302536e+00
5.594230431579505503e-01 5.526959431957363389e-01 1.016401569257196824e+00
5.594230431579505503e-01 5.526959431957363389e-01 1.016401569257196824e+00
5.591343456811150858e-01 5.530186556627595396e-01 1.015682612517126326e+00
5.591343456811150858e-01 5.530186556627595396e-01 1.015682612517126326e+00
5.594124551411371327e-01 5.528095197346415413e-01 1.016187410572691352e+00
5.590441911274689479e-01 5.530955836151281169e-01 1.016401064858569736e+00
5.595039400579568944e-01 5.524226554694651181e-01 1.016197036056189607e+00
5.594440423668172180e-01 5.526414787189127820e-01 1.015438149550659475e+00
5.594440423668172180e-01 5.526414787189127820e-01 1.015438149550659475e+00
5.588048211354089689e-01 5.533303715648436594e-01 1.016128337125096870e+00
5.588048211354089689e-01 5.533303715648436594e-01 1.016128337125096870e+00
5.595031629638581583e-01 5.524822282565966525e-01 1.016528215716894890e+00
5.595031629638581583e-01 5.524822282565966525e-01 1.016528215716894890e+00
5.592682243477572479e-01 5.528263437700707827e-01 1.016099957485501193e+00
5.592682243477572479e-01 5.528263437700707827e-01 1.016099957485501193e+00
5.593173088412621841e-01 5.526808781999255071e-01 1.016687873808268749e+00
5.593949139375071766e-01 5.527590575966220277e-01 1.015756679081636804e+00
5.593949139375071766e-01 5.527590575966220277e-01 1.015756679081636804e+00
5.591382613715674132e-01 5.531094757753534097e-01 1.015884077206559599e+00
5.591382613715674132e-01 5.531094757753534097e-01 1.015884077206559599e+00
5.592895615125109687e-01 5.528012448541819168e-01 1.015893229147201149e+00
5.592895615125109687e-01 5.528012448541819168e-01 1.015893229147201149e+00
5.592131264290980397e-01 5.528436853181409871e-01 1.015268111300908549e+00
5.591109921638519609e-01 5.529798509259865602e-01 1.016171980998635149e+00
5.592798236598102157e-01 5.530079675907791925e-01 1.015336075084139367e+00
5.592798236598102157e-01 5.530079675907791925e-01 1.015336075084139367e+00
5.594777597653627366e-01 5.526751858152791907e-01 1.015551635777306227e+00
5.596039390625806575e-01 5.523098220097641953e-01 1.015606110743988433e+00
5.598893997159029023e-01 5.522424001508912106e-01 1.015676409996072227e+00
5.598893997159029023e-01 5.522424001508912106e-01 1.015676409996072227e+00
5.597006831029922580e-01 5.521762070733572392e-01 1.016126283987338397e+00
5.593057656624426111e-01 5.531132836097978345e-01 1.015907716426623697e+00
5.595013641674704274e-01 5.525421951274362975e-01 1.016081275199660627e+00
5.590495603806733271e-01 5.528074456834437544e-01 1.016221740545596219e+00
5.596391235789702767e-01 5.523980136839092836e-01 1.015335406037584765e+00
5.595738868573424396e-01 5.525021933861335999e-01 1.015533924410801703e+00
5.597360728385980533e-01 5.523699805316347744e-01 1.015490661372602466e+00
5.593009806060996736e-01 5.529077850869280608e-01 1.015712918989070790e+00
5.596299014807096794e-01 5.524151357822504327e-01 1.016192580318294514e+00
5.596299014807096794e-01 5.524151357822504327e-01 1.016192580318294514e+00
5.591123329380524032e-01 5.530041466062260991e-01 1.015343148414865837e+00
5.598544574459599632e-01 5.520762765137416928e-01 1.016010506139374270e+00
5.598544574459599632e-01 5.520762765137416928e-01 1.016010506139374270e+00
5.588597351766162458e-01 5.533002539514925155e-01 1.015805609115818076e+00
5.592418377813053176e-01 5.529165281603236615e-01 1.015992856911855036e+00
5.592418377813053176e-01 5.529165281603236615e-01 1.015992856911855036e+00
5.594750864765800635e-01 5.524189131144279230e-01 1.015928078433134374e+00
5.589463081052555848e-01 5.530188391730362918e-01 1.015771990896489285e+00
5.589463081052555848e-01 5.530188391730362918e-01 1.015771990896489285e+00
5.593320783348174619e-01 5.528791232753831331e-01 1.016134656839877470e+00
5.593665378612994177e-01 5.529970448408405570e-01 1.015773718872020837e+00
5.593410129947395948e-01 5.528824471818417630e-01 1.015706158376349588e+00
5.591718858235422696e-01 5.531431845576352258e-01 1.015997816445600277e+00
5.592662424685451716e-01 5.528859970495407783e-01 1.015637324195786784e+00
5.592662424685451716e-01 5.528859970495407783e-01 1.015637324195786784e+00
5.600279562711510950e-01 5.521160099259136977e-01 1.015140352490759845e+00
5.592350496027763684e-01 5.529758385339584859e-01 1.016419764791812064e+00
5.590933795194570344e-01 5.531224847350389995e-01 1.016031299939003540e+00
5.592054347364504574e-01 5.530023063575022491e-01 1.015786682152154174e+00
5.596097998298358300e-01 5.527170535935229667e-01 1.015816499403666029e+00
5.591608089647047697e-01 5.529285028034569560e-01 1.015797328992535720e+00
5.593334480007949860e-01 5.526919667147481841e-01 1.015479663732436588e+00
5.593334480007949860e-01 5.526919667147481841e-01 1.015479663732436588e+00
5.595294893902144073e-01 5.525637666020234429e-01 1.015639570469835773e+00
5.595294893902144073e-01 5.525637666020234429e-01 1.015639570469835773e+00
5.592903460533477089e-01 5.528588672413550231e-01 1.016044077235459309e+00
5.591452081726425716e-01 5.528181233466737954e-01 1.015836466819450834e+00
5.593634076618506645e-01 5.523944280240060678e-01 1.015886192077948280e+00
5.591853466051638355e-01 5.530725217526442083e-01 1.015797371385716241e+00
5.595170585813362685e-01 5.525656153238084345e-01 1.016012299641465777e+00
5.592546022053195287e-01 5.529239319922018003e-01 1.015705931395884276e+00
5.600885103017062550e-01 5.520688476171179415e-01 1.015439243525143365e+00
5.594569238954132384e-01 5.527479637050680683e-01 1.016059046224123463e+00
5.594569238954132384e-01 5.527479637050680683e-01 1.016059046224123463e+00
5.588409043040144519e-01 5.530793677603605962e-01 1.015528807068235340e+00
5.595613144113508186e-01 5.524856431910578625e-01 1.016294278068812895e+00
5.598585657205809030e-01 5.523112459615590053e-01 1.016122564200362843e+00
5.598585657205809030e-01 5.523112459615590053e-01 1.016122564200362843e+00
5.591474039241622895e-01 5.529991239559058913e-01 1.016028215024400660e+00
5.590192164511894601e-01 5.529695995269494624e-01 1.015705619895935996e+00
5.590192164511894601e-01 5.529695995269494624e-01 1.015705619895935996e+00
5.593623584076613531e-01 5.527134145592405012e-01 1.015634995056578838e+00
5.591285181645632152e-01 5.530754994874784725e-01 1.015605263072596909e+00
5.591285181645632152e-01 5.530754994874784725e-01 1.015605263072596909e+00
5.593265177994758419e-01 5.528499636895252145e-01 1.016784273198036104e+00
5.590520799290757958e-01 5.530243803628195343e-01 1.015943496571600990e+00
5.596831362451997194e-01 5.524457253506281917e-01 1.015934087886640969e+00
5.596831362451997194e-01 5.524457253506281917e-01 1.015934087886640969e+00
5.592074467468245436e-01 5.531230959981882078e-01 1.015323101452333399e+00
5.600177915554974684e-01 5.521628466374122191e-01 1.015915145993068203e+00
5.590433704770843004e-01 5.531832524737413381e-01 1.015864217057402374e+00
5.594689938186133693e-01 5.527157512116447347e-01 1.015271955367283763e+00
5.594689938186133693e-01 5.527157512116447347e-01 1.015271955367283763e+00
5.589614493145534935e-01 5.530923581278833767e-01 1.016530308010950012e+00
5.592173295458908733e-01 5.528081381674355699e-01 1.015484132482465274e+00
5.592173295458908733e-01 5.528081381674355699e-01 1.015484132482465274e+00
5.591855162697265680e-01 5.530036508690440167e-01 1.015334207748417095e+00
5.592849507862426295e-01 5.525178688884768707e-01 1.015762210532115351e+00
5.595731885600493394e-01 5.525233286106854269e-01 1.015658085068213090e+00
5.590912418576045040e-01 5.532037070312550986e-01 1.015859413427859792e+00
5.590061634893433995e-01 5.530492727619860105e-01 1.016022383073529323e+00
5.590061634893433995e-01 5.530492727619860105e-01 1.016022383073529323e+00
5.593495111502326811e-01 5.528501446710669676e-01 1.015771696331456919e+00
5.592404669165719211e-01 5.528980396260800845e-01 1.015563477077126908e+00
5.592404669165719211e-01 5.528980396260800845e-01 1.015563477077126908e+00
5.594900136446232519e-01 5.527154860915960422e-01 1.016228927915046487e+00
5.594893804367871981e-01 5.525677741713130864e-01 1.015324955308828603e+00
5.594893804367871981e-01 5.525677741713130864e-01 1.015324955308828603e+00
5.593156322983562356e-01 5.529431022134753126e-01 1.015681883906357275e+00
5.593156322983562356e-01 5.529431022134753126e-01 1.015681883906357275e+00
5.592059312538713023e-01 5.530864082488868849e-01 1.015319658740292841e+00
5.592940353655233565e-01 5.529766578192887305e-01 1.015673832197091730e+00
5.593917919078318368e-01 5.527256084992684393e-01 1.015675271077908892e+00
5.593917919078318368e-01 5.527256084992684393e-01 1.015675271077908892e+00
5.590695877306953721e-01 5.529576782565959192e-01 1.015876835797026256e+00
5.590695877306953721e-01 5.529576782565959192e-01 1.015876835797026256e+00
5.592622355678035229e-01 5.530925181562801329e-01 1.014992489510665230e+00
5.592622355678035229e-01 5.530925181562801329e-01 1.014992489510665230e+00
5.593626838062030204e-01 5.528875547044557193e-01 1.015944540836860810e+00
5.593626838062030204e-01 5.528875547044557193e-01 1.015944540836860810e+00
5.600743713034118665e-01 5.518042366758321160e-01 1.017189010522823622e+00
5.600743713034118665e-01 5.518042366758321160e-01 1.017189010522823622e+00
5.591375772668861766e-01 5.530249984701326449e-01 1.016373657533017560e+00
5.600066794820043325e-01 5.518638169940369709e-01 1.016700761317375967e+00
5.600066794820043325e-01 5.518638169940369709e-01 1.016700761317375967e+00
5.589931206368153882e-01 5.531860008392031069e-01 1.016189530511231620e+00
5.596442079164897221e-01 5.525188140906566181e-01 1.016579218192014800e+00
5.590280593814848098e-01 5.528021779671765668e-01 1.015991870037200595e+00
5.590280593814848098e-01 5.528021779671765668e-01 1.015991870037200595e+00
5.595101321911096770e-01 5.524586422191641866e-01 1.015600467529938822e+00
5.593145960017519291e-01 5.528101753131833274e-01 1.016122068280095325e+00
5.592371772715508671e-01 5.529218786124759921e-01 1.015339840427598617e+00
5.595590750387662293e-01 5.526537860216327314e-01 1.016213131115587975e+00
5.595590750387662293e-01 5.526537860216327314e-01 1.016213131115587975e+00
5.591017395701027848e-01 5.529547927386166961e-01 1.015963940694436518e+00
5.591361515001254112e-01 5.530458022795068374e-01 1.016212842330693311e+00
5.592656125658586053e-01 5.528016619453124392e-01 1.016111908107804496e+00
5.586861243290873746e-01 5.531819538870939024e-01 1.016141239090973425e+00
5.590060658973177166e-01 5.532115875078962297e-01 1.015499472392252134e+00
5.593028532255885921e-01 5.527906801746853560e-01 1.016340045515357060e+00
5.593028532255885921e-01 5.527906801746853560e-01 1.016340045515357060e+00
5.597197310135820780e-01 5.523555247343265862e-01 1.015078691438369596e+00
5.597197310135820780e-01 5.523555247343265862e-01 1.015078691438369596e+00
5.593274206144916993e-01 5.528569174326500857e-01 1.015783800158731154e+00
5.593274206144916993e-01 5.528569174326500857e-01 1.015783800158731154e+00
5.594281846052773233e-01 5.526000614396617827e-01 1.015917854166302536e+00
5.595035498529722373e-01 5.526631244889042005e-01 1.015640845707993734e+00
5.597249983111488580e-01 5.524347785274343892e-01 1.015272529821862779e+00
5.593503959869147169e-01 5.529647404958241141e-01 1.015734433989779806e+00
5.593503959869147169e-01 5.529647404958241141e-01 1.015734433989779806e+00
5.596443171514894344e-01 5.524201359231537545e-01 1.015701873406075428e+00
5.598172372631473603e-01 5.521441384108078942e-01 1.015624896890558793e+00
5.590566841296988887e-01 5.530943494083914169e-01 1.016028425680769676e+00
5.591136503017940518e-01 5.531276626545165165e-01 1.015429696706031670e+00
5.590289273238082668e-01 5.530218361732042176e-01 1.015604220989406059e+00
5.595108016249165095e-01 5.527296856329079189e-01 1.015782128567929599e+00
5.590195776102886427e-01 5.530957641803129210e-01 1.016304084835250920e+00
5.591866569256528363e-01 5.532141388444018482e-01 1.015465586827860589e+00
5.592894275519552094e-01 5.527442000320937909e-01 1.016081275199660627e+00
5.592894275519552094e-01 5.527442000320937909e-01 1.016081275199660627e+00
5.593827552211299015e-01 5.526735334339091255e-01 1.016030988275395508e+00
5.593827552211299015e-01 5.526735334339091255e-01 1.016030988275395508e+00
5.596077766874734127e-01 5.523825997694804535e-01 1.016240874343191436e+00
5.596077766874734127e-01 5.523825997694804535e-01 1.016240874343191436e+00
5.595724067099803190e-01 5.523333397215240970e-01 1.016451922196678126e+00
5.595724067099803190e-01 5.523333397215240970e-01 1.016451922196678126e+00
5.592331794975995418e-01 5.529304625873066037e-01 1.016292289974455532e+00
5.595354700279731031e-01 5.526420491294814497e-01 1.016092877403046435e+00
5.589834226152206043e-01 5.530947923091067420e-01 1.016052796882005671e+00
5.590014464210996126e-01 5.530942864754260224e-01 1.015929897101095936e+00
5.590014464210996126e-01 5.530942864754260224e-01 1.015929897101095936e+00
5.593230277051083332e-01 5.529403239773840184e-01 1.015634124898745272e+00
5.594325494461800385e-01 5.526790469072000445e-01 1.015521605793925808e+00
5.589828498517716016e-01 5.530674341601932165e-01 1.016338875696160882e+00
5.589828498517716016e-01 5.530674341601932165e-01 1.016338875696160882e+00
5.590637427676742321e-01 5.528813082453729599e-01 1.016217558854468628e+00
5.590637427676742321e-01 5.528813082453729599e-01 1.016217558854468628e+00
5.595584260518963182e-01 5.526326603006553873e-01 1.015302508922156788e+00
5.595584260518963182e-01 5.526326603006553873e-01 1.015302508922156788e+00
5.594932315424717695e-01 5.529295017614186403e-01 1.015407442114655945e+00
5.594932315424717695e-01 5.529295017614186403e-01 1.015407442114655945e+00
5.595876612019016205e-01 5.528467741626720278e-01 1.015364551519351011e+00
5.595876612019016205e-01 5.528467741626720278e-01 1.015364551519351011e+00
5.591967019760434310e-01 5.529988379897786688e-01 1.016214810918611100e+00
5.595493390994596972e-01 5.527249700602306914e-01 1.015583988567633211e+00
5.588846491318447685e-01 5.532664912150075942e-01 1.014968764878607210e+00
5.588846491318447685e-01 5.532664912150075942e-01 1.014968764878607210e+00
5.591883259229399883e-01 5.529434450569933324e-01 1.016386209011774122e+00
5.591344059654287380e-01 5.530366325576410169e-01 1.015271991344031788e+00
5.591141818582916478e-01 5.533111202383691474e-01 1.015817828175013648e+00
5.591141818582916478e-01 5.533111202383691474e-01 1.015817828175013648e+00
5.588004319254490371e-01 5.532270097974278933e-01 1.015094868899249825e+00
5.588004319254490371e-01 5.532270097974278933e-01 1.015094868899249825e+00
5.593630593151952546e-01 5.527525384622460347e-01 1.016165599463621394e+00
5.590664666727283016e-01 5.530680665239182670e-01 1.015698059157783995e+00
5.593620259786381554e-01 5.529840651552497821e-01 1.015500856208374270e+00
5.589617663460189068e-01 5.531010330889040150e-01 1.016646648879004911e+00
5.589617663460189068e-01 5.531010330889040150e-01 1.016646648879004911e+00
5.584293939698379283e-01 5.537429816521086678e-01 1.015849145862351532e+00
5.584293939698379283e-01 5.537429816521086678e-01 1.015849145862351532e+00
5.595125653635956153e-01 5.525527561174309321e-01 1.015724160244308338e+00
5.595776565524147594e-01 5.525750920439667091e-01 1.016138546106531759e+00
5.591546660259565371e-01 5.527349171233180147e-01 1.015648784059069554e+00
5.589701184445466930e-01 5.532233895076675845e-01 1.015791615257873870e+00
5.591607149190004344e-01 5.527659943580237600e-01 1.016342798981920037e+00
5.591607149190004344e-01 5.527659943580237600e-01 1.016342798981920037e+00
5.592759845989170309e-01 5.527546477953065862e-01 1.015626852675412195e+00
5.591967859521402850e-01 5.530163290950393939e-01 1.016108965119401963e+00
5.591967859521402850e-01 5.530163290950393939e-01 1.016108965119401963e+00
5.598347144833167865e-01 5.522630457172166274e-01 1.016510763100410442e+00
5.599589402937054095e-01 5.520335893247066972e-01 1.015261643714191031e+00
5.599589402937054095e-01 5.520335893247066972e-01 1.015261643714191031e+00
5.595765211214026591e-01 5.529115085545627251e-01 1.015146341274292707e+00
5.595765211214026591e-01 5.529115085545627251e-01 1.015146341274292707e+00
5.588657797470906186e-01 5.532141077519869832e-01 1.016009797853409058e+00
5.588657797470906186e-01 5.532141077519869832e-01 1.016009797853409058e+00
5.596811902392424543e-01 5.526043228462289569e-01 1.016348689967590424e+00
5.596811902392424543e-01 5.526043228462289569e-01 1.016348689967590424e+00
5.590048138037113645e-01 5.528204027508616392e-01 1.016308164224595245e+00
5.590048138037113645e-01 5.528204027508616392e-01 1.016308164224595245e+00
5.594442553277347852e-01 5.527974010851781639e-01 1.016165575524362819e+00
5.594442553277347852e-01 5.527974010851781639e-01 1.016165575524362819e+00
5.598913642017087078e-01 5.522881215059727289e-01 1.015804141832056251e+00
5.594736656686087883e-01 5.525840334748928218e-01 1.015304096136507184e+00
5.594504492898274561e-01 5.524014358577373773e-01 1.015929267121314261e+00
5.595610380764824976e-01 5.524950881285786153e-01 1.015790696102956359e+00
5.594806565063722426e-01 5.528352557671647460e-01 1.015619164606195390e+00
5.591743006073705002e-01 5.529750617523413458e-01 1.016079004469976788e+00
5.591743006073705002e-01 5.529750617523413458e-01 1.016079004469976788e+00
5.593968982769742526e-01 5.528044769814129955e-01 1.015876500976052199e+00
5.593968982769742526e-01 5.528044769814129955e-01 1.015876500976052199e+00
5.594073246851146708e-01 5.528175999527671358e-01 1.016023397673034179e+00
5.599178613826746309e-01 5.522337136971884330e-01 1.015417610191504227e+00
5.588822098543509975e-01 5.534293580492611886e-01 1.016437051964769189e+00
5.588822098543509975e-01 5.534293580492611886e-01 1.016437051964769189e+00
5.590606020530675124e-01 5.530103114288320576e-01 1.015583055525363321e+00
5.589814647983800677e-01 5.530494552034691536e-01 1.015963545381449951e+00
5.594661123116484447e-01 5.526558489293375009e-01 1.015792788745199848e+00
5.594228061692695375e-01 5.527827331433101676e-01 1.016408489231604761e+00
5.594228061692695375e-01 5.527827331433101676e-01 1.016408489231604761e+00
5.590179998959439178e-01 5.529818080823467596e-01 1.015744116580083789e+00
5.590179998959439178e-01 5.529818080823467596e-01 1.015744116580083789e+00
5.594445376236834022e-01 5.525453053692741534e-01 1.015897154431483207e+00
5.594445376236834022e-01 5.525453053692741534e-01 1.015897154431483207e+00
5.590482103579141882e-01 5.532621933939991798e-01 1.016027228886352995e+00
5.590482103579141882e-01 5.532621933939991798e-01 1.016027228886352995e+00
5.596947320873056908e-01 5.525521043276000466e-01 1.015737558732786816e+00
5.596947320873056908e-01 5.525521043276000466e-01 1.015737558732786816e+00
5.593509289232756476e-01 5.528294742983772547e-01 1.015962951089359967e+00
5.594683163718942032e-01 5.524877940414013588e-01 1.015866586851190911e+00
5.591140677053614283e-01 5.530132280493202934e-01 1.016253458587967895e+00
5.590915087662720051e-01 5.530770592187801427e-01 1.015865805750684192e+00
5.596913905911359288e-01 5.523553251387223195e-01 1.016453216450591945e+00
5.596913905911359288e-01 5.523553251387223195e-01 1.016453216450591945e+00
5.591012004189116480e-01 5.530509874342991461e-01 1.015527750999455581e+00
5.590515386709947743e-01 5.531205349881134214e-01 1.015484452102738633e+00
5.592287538724853846e-01 5.527736200243564824e-01 1.016162187987812215e+00
5.592287538724853846e-01 5.527736200243564824e-01 1.016162187987812215e+00
5.595628739047708855e-01 5.527715804288031443e-01 1.015835506702663427e+00
5.589956921037202431e-01 5.531532081861015859e-01 1.016349971828182763e+00
5.589956921037202431e-01 5.531532081861015859e-01 1.016349971828182763e+00
5.589352058517567112e-01 5.530837263854903041e-01 1.015538324765622669e+00
5.589352058517567112e-01 5.530837263854903041e-01 1.015538324765622669e+00
5.593023138509182202e-01 5.527245159952983711e-01 1.016419157753260638e+00
5.593023138509182202e-01 5.527245159952983711e-01 1.016419157753260638e+00
5.591127070003190092e-01 5.527455083514202228e-01 1.016324730440483659e+00
5.591127070003190092e-01 5.527455083514202228e-01 1.016324730440483659e+00
5.592937308429691834e-01 5.527957075750082883e-01 1.016553719659656352e+00
5.592937308429691834e-01 5.527957075750082883e-01 1.016553719659656352e+00
5.592041250300072708e-01 5.529960441226462464e-01 1.016205071712054542e+00
5.595145118608236823e-01 5.523388970167815160e-01 1.016810223405615332e+00
5.595145118608236823e-01 5.523388970167815160e-01 1.016810223405615332e+00
5.594214567275095362e-01 5.529484990927864274e-01 1.015823177264509436e+00
5.592782761592880458e-01 5.529533124444224734e-01 1.015743359826960956e+00
5.592782761592880458e-01 5.529533124444224734e-01 1.015743359826960956e+00
5.590739671688818024e-01 5.532701300349257556e-01 1.017065527424211968e+00
5.598274792298816305e-01 5.529470726061740393e-01 1.016343099738814537e+00
5.598274792298816305e-01 5.529470726061740393e-01 1.016343099738814537e+00
5.578725640005940400e-01 5.558790402617800330e-01 1.017461610762357305e+00
5.578725640005940400e-01 5.558790402617800330e-01 1.017461610762357305e+00
5.576436879236035260e-01 5.565003195637595601e-01 1.017975580185147333e+00
5.575861957811022451e-01 5.567270233385441802e-01 1.018392224502594257e+00
5.561150195542422514e-01 5.587515015356687709e-01 1.019109350883206311e+00
5.558394216015627443e-01 5.589768425345768010e-01 1.020915171134199717e+00
5.558394216015627443e-01 5.589768425345768010e-01 1.020915171134199717e+00
5.558229750808530989e-01 5.593637618808142697e-01 1.022612650008102086e+00
5.553437020445479710e-01 5.599425140437952475e-01 1.024107893111391165e+00
5.553437020445479710e-01 5.599425140437952475e-01 1.024107893111391165e+00
5.550867368071945585e-01 5.601480372543686803e-01 1.024622419515505811e+00
5.550867368071945585e-01 5.601480372543686803e-01 1.024622419515505811e+00
5.550074396289551570e-01 5.599574516588670114e-01 1.025367369593988887e+00
5.550678323009806681e-01 5.603244098815044483e-01 1.025935301137354871e+00
5.550956528448184324e-01 5.602924560731159520e-01 1.025510250386813871e+00
5.552028874864591845e-01 5.599149273659034254e-01 1.025571465350792799e+00
5.542692166491854922e-01 5.607857734029491059e-01 1.025456056725623677e+00
5.553586745103059608e-01 5.597626377292401756e-01 1.025103788303737495e+00
5.548375705611326980e-01 5.602168021483880933e-01 1.025343181447669672e+00
5.548375705611326980e-01 5.602168021483880933e-01 1.025343181447669672e+00
5.550820425222041665e-01 5.598102170946688272e-01 1.025527891034973216e+00
5.550058605628117592e-01 5.603335094990826715e-01 1.025123540646787346e+00
5.552468984372805894e-01 5.600584906883826486e-01 1.025413913826113355e+00
5.552468984372805894e-01 5.600584906883826486e-01 1.025413913826113355e+00
5.553028992902062644e-01 5.597121841064862657e-01 1.025472149986064396e+00
5.553435560977965091e-01 5.598865569376743068e-01 1.024998002331409142e+00
5.550138862862020739e-01 5.599673711689143740e-01 1.025186417195034005e+00
5.545334574280317286e-01 5.606637703489769642e-01 1.024891781597168317e+00
5.545334574280317286e-01 5.606637703489769642e-01 1.024891781597168317e+00
5.547709561862570471e-01 5.603295291390126831e-01 1.024846720969917024e+00
5.547709561862570471e-01 5.603295291390126831e-01 1.024846720969917024e+00
5.551129244687288411e-01 5.599238970021687134e-01 1.025716033250914982e+00
5.551129244687288411e-01 5.599238970021687134e-01 1.025716033250914982e+00
5.548559077882176949e-01 5.601985799272835020e-01 1.025368106869693818e+00
5.553327927123371532e-01 5.598953297919784244e-01 1.025318560936452572e+00
5.553327927123371532e-01 5.598953297919784244e-01 1.025318560936452572e+00
5.546197168088610185e-01 5.603987358707811506e-01 1.025262294770316718e+00
5.548922892966495768e-01 5.601769624157955096e-01 1.025091760717547817e+00
5.550022089360066024e-01 5.601128364565264306e-01 1.024662133592685986e+00
5.550022089360066024e-01 5.601128364565264306e-01 1.024662133592685986e+00
5.544896674809979276e-01 5.606268108375231929e-01 1.025356158589729505e+00
5.551358037324789496e-01 5.598049360110912698e-01 1.024905012056704923e+00
5.551358037324789496e-01 5.598049360110912698e-01 1.024905012056704923e+00
5.547810810910703827e-01 5.605755614713916479e-01 1.025312707887257035e+00
5.549793775803589790e-01 5.601047568503129126e-01 1.025400295825374730e+00
5.543201123355904203e-01 5.609686456871686433e-01 1.025400717155035224e+00
5.549457109021661561e-01 5.602416906080365244e-01 1.024550000139628381e+00
5.550093671575605514e-01 5.601153963496563470e-01 1.025677387791268824e+00
5.550093671575605514e-01 5.601153963496563470e-01 1.025677387791268824e+00
5.552042567370018000e-01 5.597426610786329082e-01 1.024914427076729417e+00
5.549373971842371800e-01 5.603959011721506567e-01 1.025136894278227739e+00
5.547650277955363807e-01 5.604150229784117254e-01 1.025192849383904647e+00
5.547650277955363807e-01 5.604150229784117254e-01 1.025192849383904647e+00
5.546252057064439134e-01 5.604976327303122785e-01 1.025682639435975929e+00
5.548895266818063554e-01 5.603756464023622597e-01 1.025126053261005143e+00
5.547993043935296464e-01 5.604341583820678929e-01 1.025516841997431428e+00
5.547993043935296464e-01 5.604341583820678929e-01 1.025516841997431428e+00
5.550086817428239172e-01 5.600327294429108260e-01 1.025570134060765248e+00
5.556591188677713067e-01 5.597960500385366078e-01 1.025126378752629908e+00
5.546614414192941878e-01 5.605459862758914724e-01 1.025479315599739261e+00
5.548618774311219193e-01 5.601411611670474855e-01 1.025242790243121593e+00
5.548618774311219193e-01 5.601411611670474855e-01 1.025242790243121593e+00
5.550174258955097306e-01 5.600385866453515549e-01 1.025022069117632162e+00
5.546048840738341257e-01 5.605729032263312428e-01 1.025787167881266893e+00
5.547226986550813921e-01 5.602641413156144168e-01 1.025482448846176231e+00
5.550862953352545537e-01 5.601610388976605570e-01 1.024673510706876289e+00
5.550862953352545537e-01 5.601610388976605570e-01 1.024673510706876289e+00
5.548691446689454354e-01 5.605573868384738923e-01 1.025468680293379009e+00
5.548691446689454354e-01 5.605573868384738923e-01 1.025468680293379009e+00
5.548482081019543433e-01 5.603852583438284629e-01 1.025823926217158011e+00
5.556469190091427590e-01 5.592621749719582924e-01 1.025106772777168773e+00
5.550840673240523548e-01 5.600906281284743216e-01 1.025160983194522757e+00
5.550840673240523548e-01 5.600906281284743216e-01 1.025160983194522757e+00
5.549886073594685332e-01 5.602253776261526541e-01 1.025402170216721309e+00
5.549597813369049337e-01 5.600970795292343762e-01 1.025403341906240495e+00
5.547797003530273718e-01 5.600578925180590417e-01 1.025639587953021792e+00
5.551716437222327105e-01 5.598286598437693939e-01 1.025099002508184753e+00
5.551716437222327105e-01 5.598286598437693939e-01 1.025099002508184753e+00
5.549644301896810017e-01 5.601788324393103258e-01 1.025017366129846952e+00
5.549644301896810017e-01 5.601788324393103258e-01 1.025017366129846952e+00
5.547926495607297115e-01 5.603875342268256343e-01 1.025464742550849628e+00
5.550673569566438870e-01 5.599421853002692906e-01 1.025695236251454645e+00
5.546365352618977118e-01 5.602517509636602000e-01 1.025329729184964123e+00
5.546365352618977118e-01 5.602517509636602000e-01 1.025329729184964123e+00
5.550315238608763968e-01 5.600906914387868696e-01 1.025093349058571190e+00
5.550315238608763968e-01 5.600906914387868696e-01 1.025093349058571190e+00
5.550494319258307829e-01 5.602280286201687387e-01 1.025413014496774355e+00
5.550494319258307829e-01 5.602280286201687387e-01 1.025413014496774355e+00
5.553240954369046412e-01 5.600489123167091687e-01 1.025928930024054164e+00
5.553240954369046412e-01 5.600489123167091687e-01 1.025928930024054164e+00
5.550857514400735493e-01 5.599765150343999354e-01 1.025024039316684288e+00
5.547226986550813921e-01 5.602641413156144168e-01 1.025482448846176231e+00
5.551403070597868972e-01 5.601289041098680421e-01 1.025254743229755627e+00
5.551403070597868972e-01 5.601289041098680421e-01 1.025254743229755627e+00
5.549080908049265348e-01 5.600824522610010625e-01 1.025504130834648864e+00
5.553361784201069629e-01 5.598315769841075706e-01 1.024717737607101053e+00
5.556817266327569449e-01 5.594896889624249026e-01 1.025488028921255346e+00
5.556817266327569449e-01 5.594896889624249026e-01 1.025488028921255346e+00
5.548922091906843823e-01 5.604068732795536301e-01 1.025234669071078297e+00
5.544702414398218204e-01 5.606537431142903927e-01 1.025766131414270088e+00
5.546387944350732457e-01 5.605202316835143916e-01 1.025432283234601449e+00
5.546387944350732457e-01 5.605202316835143916e-01 1.025432283234601449e+00
5.552561278314466220e-01 5.597465217955484018e-01 1.025362208968723987e+00
5.545810538239099863e-01 5.605416144546531143e-01 1.025610863560256991e+00
5.545810538239099863e-01 5.605416144546531143e-01 1.025610863560256991e+00
5.551581095058385484e-01 5.601383022028818548e-01 1.025019242686969978e+00
5.551581095058385484e-01 5.601383022028818548e-01 1.025019242686969978e+00
5.549724095594338324e-01 5.600865194166735339e-01 1.025330487457469353e+00
5.549724095594338324e-01 5.600865194166735339e-01 1.025330487457469353e+00
