7.212301284501232423e-01 2.185095208054845806e-01 1.065385326208321271e+00
7.229606515550618395e-01 2.156063703493117656e-01 1.065594612826777254e+00
7.243923453709565363e-01 2.138139251449107381e-01 1.065749072293390443e+00
7.268201183656041175e-01 2.093575603095068627e-01 1.065926298662580374e+00
7.290564168738464801e-01 2.068363467218606866e-01 1.065777986571627922e+00
7.307540561924786848e-01 2.042959614355098208e-01 1.065370694394884632e+00
7.307540561924786848e-01 2.042959614355098208e-01 1.065370694394884632e+00
7.332732772890220296e-01 1.999306342180268981e-01 1.065316270821494493e+00
7.350527915354214681e-01 1.973757787076973469e-01 1.064671527609263535e+00
7.372520507889189778e-01 1.938273696886866349e-01 1.064656316680256065e+00
7.388005384880184101e-01 1.920365678148862887e-01 1.064974682801083983e+00
7.388005384880184101e-01 1.920365678148862887e-01 1.064974682801083983e+00
7.413794062809013763e-01 1.882132760101402069e-01 1.065311808343314848e+00
7.448862790687825752e-01 1.824201795137285198e-01 1.065418260679455997e+00
7.472089026758661490e-01 1.782105293006790436e-01 1.064802632659972215e+00
7.486718542293774314e-01 1.752718465779230517e-01 1.064582221660732575e+00
7.486718542293774314e-01 1.752718465779230517e-01 1.064582221660732575e+00
7.501675973241275219e-01 1.724122906571178560e-01 1.065268497275686066e+00
7.517663294070553448e-01 1.700185680995685011e-01 1.065191247975013411e+00
7.529133140052678419e-01 1.686670887912317396e-01 1.065503102189008899e+00
7.529133140052678419e-01 1.686670887912317396e-01 1.065503102189008899e+00
7.550441847554889563e-01 1.645300488288318208e-01 1.064703781267156479e+00
7.550441847554889563e-01 1.645300488288318208e-01 1.064703781267156479e+00
7.568542310409415164e-01 1.616730673825542697e-01 1.064941129289307398e+00
7.568542310409415164e-01 1.616730673825542697e-01 1.064941129289307398e+00
7.604172486072958703e-01 1.558337043949370171e-01 1.064793138503218994e+00
7.604172486072958703e-01 1.558337043949370171e-01 1.064793138503218994e+00
7.634295359393175051e-01 1.507467027496882106e-01 1.065340601743611337e+00
7.634295359393175051e-01 1.507467027496882106e-01 1.065340601743611337e+00
7.666945089183077044e-01 1.449066433937909737e-01 1.065602221231663149e+00
7.680971246352468196e-01 1.422246185209816438e-01 1.065829163942496383e+00
7.680971246352468196e-01 1.422246185209816438e-01 1.065829163942496383e+00
7.700238392841115553e-01 1.395570459005173736e-01 1.065481949639671244e+00
7.727312903892081808e-01 1.347393375655878967e-01 1.066487474012688397e+00
7.763026658937308699e-01 1.286399880609598867e-01 1.066498854732466306e+00
7.780721898865609054e-01 1.256436717653943713e-01 1.066480678687294237e+00
7.780721898865609054e-01 1.256436717653943713e-01 1.066480678687294237e+00
7.794755129847081854e-01 1.228433198894863659e-01 1.066817999512244874e+00
7.807501074789764406e-01 1.201429228553323458e-01 1.066649656482938635e+00
7.823913496318878336e-01 1.164642213997734571e-01 1.067550447506412592e+00
7.838599425023893286e-01 1.139688013674810263e-01 1.067121399656060898e+00
7.838599425023893286e-01 1.139688013674810263e-01 1.067121399656060898e+00
7.851798203683081345e-01 1.121589591530944702e-01 1.067414651171848305e+00
7.865921011373319116e-01 1.085013242969151970e-01 1.067099078010997015e+00
7.881102325184123902e-01 1.058489660774422081e-01 1.067473354118693152e+00
7.881102325184123902e-01 1.058489660774422081e-01 1.067473354118693152e+00
7.913665098910573903e-01 9.989050389453975332e-02 1.067749842160327312e+00
7.926172714579579059e-01 9.792098165178660107e-02 1.068323278164828860e+00
7.942116540475607778e-01 9.557755620512289885e-02 1.068305458346272552e+00
7.958317725999254355e-01 9.218954784717588169e-02 1.069211130092311279e+00
7.958317725999254355e-01 9.218954784717588169e-02 1.069211130092311279e+00
7.972146079283253250e-01 8.873844057827318110e-02 1.069327942229213457e+00
7.983934680235852399e-01 8.735448484140205527e-02 1.069166566326249068e+00
8.001813279522254074e-01 8.430043393440436739e-02 1.069552467551484032e+00
8.001813279522254074e-01 8.430043393440436739e-02 1.069552467551484032e+00
8.017135401179890097e-01 8.138328763995757165e-02 1.070051258978179431e+00
8.026301547464756991e-01 7.917629917708678133e-02 1.070526914801838814e+00
8.040589451368703733e-01 7.610213574066104769e-02 1.070586392761261330e+00
8.040589451368703733e-01 7.610213574066104769e-02 1.070586392761261330e+00
8.054172165845711051e-01 7.296296915763247903e-02 1.070672288023809759e+00
8.067646478621417483e-01 7.191535725500970699e-02 1.071431008673006113e+00
8.078024672960050223e-01 7.050094118048198799e-02 1.071852927512238818e+00
8.078024672960050223e-01 7.050094118048198799e-02 1.071852927512238818e+00
8.089490667748724384e-01 6.796329930084556159e-02 1.072302181092781748e+00
8.089490667748724384e-01 6.796329930084556159e-02 1.072302181092781748e+00
8.108758865907754743e-01 6.471225114431498893e-02 1.072329824454434366e+00
8.108758865907754743e-01 6.471225114431498893e-02 1.072329824454434366e+00
8.125800775314290236e-01 6.303060268953465661e-02 1.072548571695183028e+00
8.147457935571290610e-01 5.918989881037520218e-02 1.073436753845233405e+00
8.147457935571290610e-01 5.918989881037520218e-02 1.073436753845233405e+00
8.157684255840172982e-01 5.782500280324119613e-02 1.073273649754419523e+00
8.163867818976072721e-01 5.591912407710172145e-02 1.074252595955341505e+00
8.173696855800315353e-01 5.516375438690591243e-02 1.074582562173247879e+00
8.179097160512889264e-01 5.392220188145372545e-02 1.075155705724348154e+00
8.188672924197826219e-01 5.253275982682156786e-02 1.075384655158062142e+00
8.200854217130489898e-01 4.892152272279554071e-02 1.075025707244727347e+00
8.207434541209819301e-01 4.840634929704506345e-02 1.075326252570070196e+00
8.207434541209819301e-01 4.840634929704506345e-02 1.075326252570070196e+00
8.217472253329367593e-01 4.696408241493565949e-02 1.075887751363183487e+00
8.225974070323904819e-01 4.439105640449925172e-02 1.076125639372034648e+00
8.232934311298447660e-01 4.283268115417732808e-02 1.076232660690715992e+00
8.232934311298447660e-01 4.283268115417732808e-02 1.076232660690715992e+00
8.238934879633812436e-01 4.034800100163633135e-02 1.077139452036211642e+00
8.248238042449249630e-01 3.820589941883863194e-02 1.076764407400665924e+00
8.252687684001976942e-01 3.765482148182680566e-02 1.078194251014609639e+00
8.252687684001976942e-01 3.765482148182680566e-02 1.078194251014609639e+00
8.262229201655886257e-01 3.471558579050500887e-02 1.077820661125463264e+00
8.268222420458407607e-01 3.170965871346104886e-02 1.077963981935571525e+00
8.268222420458407607e-01 3.170965871346104886e-02 1.077963981935571525e+00
8.279186798351702015e-01 3.030037844600126998e-02 1.078601741575479389e+00
8.279186798351702015e-01 3.030037844600126998e-02 1.078601741575479389e+00
8.286251738752349327e-01 2.714177099874834007e-02 1.078498206463537112e+00
8.291095093890198386e-01 2.508651958500912951e-02 1.079212636542568049e+00
8.297311427901681302e-01 2.350712836677694775e-02 1.079058078273998245e+00
8.299640047556381406e-01 2.308751586164816197e-02 1.079374875681779367e+00
8.299640047556381406e-01 2.308751586164816197e-02 1.079374875681779367e+00
8.301425390051282438e-01 2.116904970850400428e-02 1.079474144667310398e+00
8.305189829183056149e-01 2.229159363102727401e-02 1.079085863439139148e+00
8.305638526985686942e-01 2.133159936916108682e-02 1.078915489822314555e+00
8.306442215572520382e-01 2.193970968421610560e-02 1.079535106745181050e+00
8.307668493819320155e-01 2.094531750720213595e-02 1.078810470650545916e+00
8.305699829502894982e-01 2.108423426916260571e-02 1.079780582038429859e+00
8.306575070248100046e-01 2.009638267841716910e-02 1.079135648057180763e+00
8.307247432880668914e-01 2.059631154223594621e-02 1.078305349164012439e+00
8.308963078700390970e-01 2.124925421278469131e-02 1.078091445449995023e+00
8.311790209837132126e-01 2.031802711531920450e-02 1.075141841162860601e+00
8.313857942886690999e-01 2.107379991392290333e-02 1.075089562591681647e+00
8.313857942886690999e-01 2.107379991392290333e-02 1.075089562591681647e+00
8.319477836114353986e-01 2.182120796932006737e-02 1.072312746537338324e+00
8.319477836114353986e-01 2.182120796932006737e-02 1.072312746537338324e+00
8.328085011867075726e-01 2.170556916945748718e-02 1.066823070345104263e+00
8.328085011867075726e-01 2.170556916945748718e-02 1.066823070345104263e+00
8.339493012043384113e-01 2.238627988280291262e-02 1.059121864038656380e+00
8.339493012043384113e-01 2.238627988280291262e-02 1.059121864038656380e+00
8.352250592280582309e-01 2.210482525258715067e-02 1.049846745734702935e+00
8.352250592280582309e-01 2.210482525258715067e-02 1.049846745734702935e+00
8.356520579447175301e-01 2.278795557195615815e-02 1.046378746287007999e+00
8.362915779581353570e-01 2.168822820860585518e-02 1.042998981872498065e+00
8.368732357162181890e-01 2.261484795351994745e-02 1.039865954064894460e+00
8.368732357162181890e-01 2.261484795351994745e-02 1.039865954064894460e+00
8.376688791476994966e-01 2.181562159767211004e-02 1.036753883269324383e+00
8.384122387937947840e-01 2.077651294956000746e-02 1.035371286705813354e+00
8.384122387937947840e-01 2.077651294956000746e-02 1.035371286705813354e+00
8.396146802401964759e-01 2.140028980844168802e-02 1.034050648313613374e+00
8.402634647896430886e-01 2.033777499753935611e-02 1.032309833982200331e+00
8.416032144257222791e-01 2.046130719165596343e-02 1.032361858825860512e+00
8.416032144257222791e-01 2.046130719165596343e-02 1.032361858825860512e+00
8.435483332739927009e-01 1.913218466161755935e-02 1.032237624129522136e+00
8.435483332739927009e-01 1.913218466161755935e-02 1.032237624129522136e+00
8.451163518358342230e-01 1.858322692955188468e-02 1.032016469096981304e+00
8.456493856768159123e-01 1.773522465406062940e-02 1.032876468514265955e+00
8.462348066157440174e-01 1.719836384960890183e-02 1.032170603318848912e+00
8.466170832918934464e-01 1.608679401490979363e-02 1.031230527928678864e+00
8.466170832918934464e-01 1.608679401490979363e-02 1.031230527928678864e+00
8.470682073593229777e-01 1.676519578417963105e-02 1.031021358276762889e+00
8.478682161405116657e-01 1.722266066810309790e-02 1.030939366429748816e+00
8.478682161405116657e-01 1.722266066810309790e-02 1.030939366429748816e+00
8.479079362132706521e-01 1.631158303539688090e-02 1.029661756727917155e+00
8.480950787388696899e-01 1.651691511268511478e-02 1.028792253814213797e+00
8.478597998980950123e-01 1.643886857194238812e-02 1.028754770528705453e+00
8.479161023570064293e-01 1.690502477881579077e-02 1.027603265560947055e+00
8.481642205674186918e-01 1.726960008909090780e-02 1.027339523990464798e+00
8.483020673164359815e-01 1.755597647884904119e-02 1.026668289304929704e+00
8.483262469033767683e-01 1.678152953442469883e-02 1.025434228444384921e+00
8.485645398706693765e-01 1.608627312126439599e-02 1.025895547745378833e+00
8.483743443966075271e-01 1.670073624198880821e-02 1.025021779471318117e+00
8.485443544020117024e-01 1.716098993432900108e-02 1.023927861587231813e+00
8.486555570101033119e-01 1.662098981802282924e-02 1.022314660173336831e+00
8.487739652744131780e-01 1.646030492079829030e-02 1.021159379311552762e+00
8.487739652744131780e-01 1.646030492079829030e-02 1.021159379311552762e+00
8.487536901671293155e-01 1.709770131440227145e-02 1.019936848580246913e+00
8.490702667555906080e-01 1.719976596819527623e-02 1.019495470493910094e+00
8.490007362199394336e-01 1.676494870088885911e-02 1.016962576272397500e+00
8.492402190484797941e-01 1.642022778651398493e-02 1.014828141980569143e+00
8.493494133252451617e-01 1.639385471942154601e-02 1.013716089391097031e+00
8.493494133252451617e-01 1.639385471942154601e-02 1.013716089391097031e+00
8.493070095270881525e-01 1.620752284834587817e-02 1.013067257185926273e+00
8.495940597050275489e-01 1.733624834193204720e-02 1.012123825248984588e+00
8.495940597050275489e-01 1.733624834193204720e-02 1.012123825248984588e+00
8.497185882636780763e-01 1.655588608750328469e-02 1.010863371365442243e+00
8.496165338716179516e-01 1.679839921763714647e-02 1.010806900802675656e+00
8.496464898792147613e-01 1.774945573823699316e-02 1.010612142252969692e+00
8.496464898792147613e-01 1.774945573823699316e-02 1.010612142252969692e+00
8.497324794881849774e-01 1.665034393316245850e-02 1.009054878025925861e+00
8.497324794881849774e-01 1.665034393316245850e-02 1.009054878025925861e+00
8.499810170271782095e-01 1.843861124455872455e-02 1.007052538202312331e+00
8.499810170271782095e-01 1.843861124455872455e-02 1.007052538202312331e+00
8.499778930169253899e-01 1.644387839999822062e-02 1.007457793396742352e+00
8.499859129796701884e-01 1.651402928925554611e-02 1.006594146390010103e+00
8.499984319631535001e-01 1.705947370720403353e-02 1.007063168797341257e+00
8.499122273255761417e-01 1.723272183179587122e-02 1.006923224928564453e+00
8.499122273255761417e-01 1.723272183179587122e-02 1.006923224928564453e+00
8.499478217488607434e-01 1.656047007893609799e-02 1.006838215781521884e+00
8.499478217488607434e-01 1.656047007893609799e-02 1.006838215781521884e+00
8.498143923212324591e-01 1.643101141216204639e-02 1.006853705440220459e+00
8.498143923212324591e-01 1.643101141216204639e-02 1.006853705440220459e+00
8.497455931850450561e-01 1.631593621920536183e-02 1.007187318884081861e+00
8.498729041935851880e-01 1.729717253158992094e-02 1.007033951790750281e+00
8.499364181755909575e-01 1.622955959500393605e-02 1.006755290106126077e+00
8.499219538107894989e-01 1.696987251682565909e-02 1.006129664073108110e+00
8.499219538107894989e-01 1.696987251682565909e-02 1.006129664073108110e+00
8.498618677553790857e-01 1.647769413781324452e-02 1.007177521817618882e+00
8.499968676796161304e-01 1.667152532027876485e-02 1.007201210708809525e+00
8.499111608243296034e-01 1.644761228212523671e-02 1.007130646998380286e+00
8.499241277282337803e-01 1.648702135649128195e-02 1.007166088739998466e+00
8.500722485179585952e-01 1.592124169186896407e-02 1.006660072583257737e+00
8.500722485179585952e-01 1.592124169186896407e-02 1.006660072583257737e+00
8.499503527485218202e-01 1.719066116772858741e-02 1.007404789659958277e+00
8.499503527485218202e-01 1.719066116772858741e-02 1.007404789659958277e+00
8.498720350717556826e-01 1.659426816560325910e-02 1.006882343674305069e+00
8.498720350717556826e-01 1.659426816560325910e-02 1.006882343674305069e+00
8.498064586958904432e-01 1.725948911034954833e-02 1.006861763540364940e+00
8.501078812311507749e-01 1.700073229375436909e-02 1.007098424980965579e+00
8.501078812311507749e-01 1.700073229375436909e-02 1.007098424980965579e+00
8.498387800146637305e-01 1.680146844533157366e-02 1.006964690867100831e+00
8.499485163776393515e-01 1.739077849975514609e-02 1.005910996391489398e+00
8.498093036845080217e-01 1.791756913851283092e-02 1.006927229896431353e+00
8.498093036845080217e-01 1.791756913851283092e-02 1.006927229896431353e+00
8.500751373500234909e-01 1.661042948499599423e-02 1.006866799740736784e+00
8.500527036491338784e-01 1.602182131803163087e-02 1.007156366727852692e+00
8.497384156225180618e-01 1.708969917197552743e-02 1.007499423431891916e+00
8.497343036772944114e-01 1.758175154308748087e-02 1.007343567117349847e+00
8.498632161177276378e-01 1.755980153947858322e-02 1.007370894725625909e+00
8.498204626680120333e-01 1.629128321246844577e-02 1.006786405637881021e+00
8.498204626680120333e-01 1.629128321246844577e-02 1.006786405637881021e+00
8.499678913198508434e-01 1.730822835235445653e-02 1.006523793811646694e+00
8.498262650225303361e-01 1.750562574204162988e-02 1.007295792878558416e+00
8.499043124896392687e-01 1.668777708422505487e-02 1.006698039118574028e+00
8.499364962812793189e-01 1.668989139725172641e-02 1.006626086716784219e+00
8.499364962812793189e-01 1.668989139725172641e-02 1.006626086716784219e+00
8.498678704724359489e-01 1.633815884292245599e-02 1.007102818923292897e+00
8.499253892658419351e-01 1.714851324210944425e-02 1.007541158429270611e+00
8.499253892658419351e-01 1.714851324210944425e-02 1.007541158429270611e+00
8.498341173928889436e-01 1.655408225485814275e-02 1.006325751579619343e+00
8.499383709692431843e-01 1.713337212986281929e-02 1.006267708381085590e+00
8.499260336072306243e-01 1.708524973889203810e-02 1.007122061950636027e+00
8.498796090661627778e-01 1.738518690708508105e-02 1.007241232779390261e+00
8.499167876135302890e-01 1.676846543705871537e-02 1.006540237724920628e+00
8.499167876135302890e-01 1.676846543705871537e-02 1.006540237724920628e+00
8.498652131492693274e-01 1.749177725467332065e-02 1.007299245709166069e+00
8.498652131492693274e-01 1.749177725467332065e-02 1.007299245709166069e+00
8.500594771202597544e-01 1.717336647360968513e-02 1.007299856162244378e+00
8.500594771202597544e-01 1.717336647360968513e-02 1.007299856162244378e+00
8.498442270746725535e-01 1.725895335967558494e-02 1.007202892960047169e+00
8.498442270746725535e-01 1.725895335967558494e-02 1.007202892960047169e+00
8.499250057877160147e-01 1.620424019607165020e-02 1.006236575581705095e+00
8.499049212643056128e-01 1.645054177655081926e-02 1.006346217382177777e+00
8.498642132829636875e-01 1.727717859721697100e-02 1.006905398157686093e+00
8.498642132829636875e-01 1.727717859721697100e-02 1.006905398157686093e+00
8.499307679757615031e-01 1.672520504138820183e-02 1.006939801894504605e+00
8.498832234654032369e-01 1.666045392238597531e-02 1.006774216854435355e+00
8.498863506648092203e-01 1.644649624367652482e-02 1.006631726068595079e+00
8.499887585861048978e-01 1.607640690796843450e-02 1.006483951030044288e+00
8.499887585861048978e-01 1.607640690796843450e-02 1.006483951030044288e+00
8.500075854945787768e-01 1.714833243788754444e-02 1.006882546296131054e+00
8.498749965375945736e-01 1.717877263214638225e-02 1.006020864250906977e+00
8.498749965375945736e-01 1.717877263214638225e-02 1.006020864250906977e+00
8.500954868707392142e-01 1.668313930079512106e-02 1.007376425142048060e+00
8.500954868707392142e-01 1.668313930079512106e-02 1.007376425142048060e+00
8.497464325260692952e-01 1.621121294262267351e-02 1.006954295458073245e+00
8.497464325260692952e-01 1.621121294262267351e-02 1.006954295458073245e+00
8.499103066749631452e-01 1.677581844958071430e-02 1.007362254242731403e+00
8.501044705090914366e-01 1.743837027930265557e-02 1.007216256437834190e+00
8.499543643854509112e-01 1.691329840716412555e-02 1.006873678157242491e+00
8.498701819394151036e-01 1.773462434074963776e-02 1.006717827708731861e+00
8.498932633214054677e-01 1.755662268841224824e-02 1.006915772296279155e+00
8.500170680744928431e-01 1.639729069874771780e-02 1.006802799469783904e+00
8.498808282994816388e-01 1.678760198392321643e-02 1.006509572212323844e+00
8.498808282994816388e-01 1.678760198392321643e-02 1.006509572212323844e+00
8.499198827636911258e-01 1.655445290452192339e-02 1.006405632103047232e+00
8.499198827636911258e-01 1.655445290452192339e-02 1.006405632103047232e+00
8.499008138532466727e-01 1.736199961484377260e-02 1.006695944689542044e+00
8.499018935278288556e-01 1.673265667945744370e-02 1.006814898812055104e+00
8.499018935278288556e-01 1.673265667945744370e-02 1.006814898812055104e+00
8.498525145663288205e-01 1.678623433433896681e-02 1.007235803542109842e+00
8.499820840300224001e-01 1.583838598152374419e-02 1.006717958880333663e+00
8.498137978701796325e-01 1.689149920409193859e-02 1.007112705039495681e+00
8.498137978701796325e-01 1.689149920409193859e-02 1.007112705039495681e+00
8.499884194315087127e-01 1.669284670898601650e-02 1.006445887331980815e+00
8.498613223993455312e-01 1.688828076156324506e-02 1.006967513696991112e+00
8.498613223993455312e-01 1.688828076156324506e-02 1.006967513696991112e+00
8.498294160655248675e-01 1.653483649937348074e-02 1.006882728103631219e+00
8.498294160655248675e-01 1.653483649937348074e-02 1.006882728103631219e+00
8.498286053190353684e-01 1.668062115938382869e-02 1.006519008809301896e+00
8.498286053190353684e-01 1.668062115938382869e-02 1.006519008809301896e+00
8.499508761440931481e-01 1.651971569478814447e-02 1.006187497062423830e+00
8.498816240043557402e-01 1.739040641480021562e-02 1.007647368545605104e+00
8.499102625372859654e-01 1.620096511451757024e-02 1.007199326330093569e+00
8.498552274159599795e-01 1.602066668143240988e-02 1.007373068921815440e+00
8.498552274159599795e-01 1.602066668143240988e-02 1.007373068921815440e+00
8.498762367862159328e-01 1.648161511515635821e-02 1.006663941329716483e+00
8.499488619465322969e-01 1.677060682674063816e-02 1.006513974051833404e+00
8.498179579896720792e-01 1.655533726928331770e-02 1.006956591923643840e+00
8.500106577904905647e-01 1.688414343002176896e-02 1.006233247781901152e+00
8.500106577904905647e-01 1.688414343002176896e-02 1.006233247781901152e+00
8.498323404550547355e-01 1.733832699949871756e-02 1.006917434248779220e+00
8.499324873166727023e-01 1.627903222061614572e-02 1.006562446422415658e+00
8.498887707435758276e-01 1.658430542193660082e-02 1.007103304596429272e+00
8.498887707435758276e-01 1.658430542193660082e-02 1.007103304596429272e+00
8.499983364004859432e-01 1.719173193222014659e-02 1.007151002934805639e+00
8.499983364004859432e-01 1.719173193222014659e-02 1.007151002934805639e+00
8.500276696715275415e-01 1.722986369447622110e-02 1.006563172117576066e+00
8.500307056815676887e-01 1.695706700502484440e-02 1.007214347273816868e+00
8.499155828961599823e-01 1.762125752190949954e-02 1.007919176804272787e+00
8.499898845697978489e-01 1.622774577078729338e-02 1.006930139447454131e+00
8.499898845697978489e-01 1.622774577078729338e-02 1.006930139447454131e+00
8.498717012841306984e-01 1.650293181336192835e-02 1.006160086360672556e+00
8.498717012841306984e-01 1.650293181336192835e-02 1.006160086360672556e+00
8.498609103957063260e-01 1.692964044486061290e-02 1.006804394191771035e+00
8.498609103957063260e-01 1.692964044486061290e-02 1.006804394191771035e+00
8.498071450151457595e-01 1.684913547832985956e-02 1.007071636935452208e+00
8.497381288880381245e-01 1.683425504668327119e-02 1.006449112038153793e+00
8.497381288880381245e-01 1.683425504668327119e-02 1.006449112038153793e+00
8.498286910642075531e-01 1.671271067784811312e-02 1.007578488909561809e+00
8.498286910642075531e-01 1.671271067784811312e-02 1.007578488909561809e+00
8.499102968720286810e-01 1.708188297279500042e-02 1.006570755303045628e+00
8.499930281304212132e-01 1.669326717954449854e-02 1.006681723632605774e+00
8.498882964026681641e-01 1.771074303813686621e-02 1.006963851662237230e+00
8.498882964026681641e-01 1.771074303813686621e-02 1.006963851662237230e+00
8.498567489987423063e-01 1.596600863476914031e-02 1.007197900008288460e+00
8.499198667515667216e-01 1.702932809703019620e-02 1.007517080292810174e+00
8.499198667515667216e-01 1.702932809703019620e-02 1.007517080292810174e+00
8.498584542322502600e-01 1.697439489108248586e-02 1.006928694985540051e+00
8.499561681755679610e-01 1.608757237784964531e-02 1.006452757085218197e+00
8.499956967430235544e-01 1.740570776358532287e-02 1.006882383072214227e+00
8.498704698735003449e-01 1.684495081506586986e-02 1.006691445043672140e+00
8.500436495938791248e-01 1.739788250717939563e-02 1.007472623292891445e+00
8.499922570592112203e-01 1.793444667152768388e-02 1.006849740787756575e+00
8.499922570592112203e-01 1.793444667152768388e-02 1.006849740787756575e+00
8.499740544999452307e-01 1.663876917574129075e-02 1.006467805073773869e+00
8.500175177619831990e-01 1.611911236411863943e-02 1.007063168797341257e+00
8.498942624935490464e-01 1.704176242181150089e-02 1.007349192130269078e+00
8.498942624935490464e-01 1.704176242181150089e-02 1.007349192130269078e+00
8.499834588583423667e-01 1.704268604412262009e-02 1.006143342202780344e+00
8.498910826387828799e-01 1.714120300751858714e-02 1.007214585119156069e+00
8.498909382677251045e-01 1.691311487064038263e-02 1.006460187353151792e+00
8.498909382677251045e-01 1.691311487064038263e-02 1.006460187353151792e+00
8.500079973806093925e-01 1.710700063434191995e-02 1.007068640790293124e+00
8.499484971230020225e-01 1.717213806787637118e-02 1.007162954345984796e+00
8.499484971230020225e-01 1.717213806787637118e-02 1.007162954345984796e+00
8.498873539171517555e-01 1.723182943098501216e-02 1.006402071794100905e+00
8.498520690341557771e-01 1.623476860491815041e-02 1.007507760237387640e+00
8.497872038182755494e-01 1.649827327506482241e-02 1.006845642244888595e+00
8.497872038182755494e-01 1.649827327506482241e-02 1.006845642244888595e+00
8.498857343422125954e-01 1.690716664038434056e-02 1.006921484023458824e+00
8.500933373120793668e-01 1.629091169607039744e-02 1.007600203769766445e+00
8.497647760930475691e-01 1.654379713908027058e-02 1.006892811476201466e+00
8.499846083122062357e-01 1.666003076068986108e-02 1.006634212668505279e+00
8.497484839660375266e-01 1.713779507140734612e-02 1.006662224905709557e+00
8.497484839660375266e-01 1.713779507140734612e-02 1.006662224905709557e+00
8.500616909026619261e-01 1.683589761577855212e-02 1.006621104969486868e+00
8.499025452521286050e-01 1.640439924650836587e-02 1.006605359307678915e+00
8.499025452521286050e-01 1.640439924650836587e-02 1.006605359307678915e+00
8.498331030127891372e-01 1.728369101725185306e-02 1.007198970183206033e+00
8.499357586176854440e-01 1.739746398613361764e-02 1.006491085868239654e+00
8.499357586176854440e-01 1.739746398613361764e-02 1.006491085868239654e+00
8.499938665861695997e-01 1.730444699841280840e-02 1.007377347834256920e+00
8.499287859453750205e-01 1.704472225001215854e-02 1.006889192623118046e+00
8.501276740773151541e-01 1.732964616927928567e-02 1.006757392874523704e+00
8.501276740773151541e-01 1.732964616927928567e-02 1.006757392874523704e+00
8.499554892419238783e-01 1.681729546630683289e-02 1.007310600956823343e+00
8.499554892419238783e-01 1.681729546630683289e-02 1.007310600956823343e+00
8.498549052804708070e-01 1.729311984126482779e-02 1.006855167410818375e+00
8.498549052804708070e-01 1.729311984126482779e-02 1.006855167410818375e+00
8.498727783998112351e-01 1.685024643856710899e-02 1.007097892028229413e+00
8.498727783998112351e-01 1.685024643856710899e-02 1.007097892028229413e+00
8.499922619155391157e-01 1.691683563801000753e-02 1.007122206707067091e+00
8.499699717645621266e-01 1.669740035874673831e-02 1.007378924098270012e+00
8.498609330225604941e-01 1.727182596175172100e-02 1.006986158779110241e+00
8.498609330225604941e-01 1.727182596175172100e-02 1.006986158779110241e+00
8.498872863864910254e-01 1.719055814418527992e-02 1.007021743254394641e+00
8.499792097209661890e-01 1.629784528266732188e-02 1.007410270600221924e+00
8.499792097209661890e-01 1.629784528266732188e-02 1.007410270600221924e+00
8.498953589037272494e-01 1.736658011463698345e-02 1.007263922635743825e+00
8.498953589037272494e-01 1.736658011463698345e-02 1.007263922635743825e+00
8.501058770911202878e-01 1.675854961831970899e-02 1.006850148781847976e+00
8.499980509061813017e-01 1.820468259632028116e-02 1.007675511060827089e+00
8.498630141983885000e-01 1.726306115745315437e-02 1.006932638778822442e+00
8.498630141983885000e-01 1.726306115745315437e-02 1.006932638778822442e+00
8.499059533054373894e-01 1.867784090806741057e-02 1.007182442767424746e+00
8.499020001723865958e-01 1.702497963488183372e-02 1.007338671227004046e+00
8.499586374998272520e-01 1.787248161112006337e-02 1.006804651282270147e+00
8.500139834380907589e-01 1.748766843262073920e-02 1.007384057234734787e+00
8.500139834380907589e-01 1.748766843262073920e-02 1.007384057234734787e+00
8.498376163763469160e-01 1.668229115727345654e-02 1.007206941896442443e+00
8.500512606657119052e-01 1.782376922185139809e-02 1.006634184328537351e+00
8.499453675970274347e-01 1.655510044730109862e-02 1.006477931059125197e+00
8.499453675970274347e-01 1.655510044730109862e-02 1.006477931059125197e+00
8.498684757395760236e-01 1.718645276112416506e-02 1.007284394363531899e+00
8.499648952647399502e-01 1.791048294482465095e-02 1.006991998549621403e+00
8.499028439000625434e-01 1.674248041725604971e-02 1.006865477776060835e+00
8.500365751771024048e-01 1.634670303022163138e-02 1.006783504347418035e+00
8.499535379925182710e-01 1.675308954508389001e-02 1.007317377421151017e+00
8.499991214703171982e-01 1.750658598160166265e-02 1.006572842004540558e+00
8.500281678045101819e-01 1.761806126867634589e-02 1.006858684146672012e+00
8.498944968084688467e-01 1.752061081850461374e-02 1.007910617458874558e+00
8.498944968084688467e-01 1.752061081850461374e-02 1.007910617458874558e+00
8.499724444927004852e-01 1.811268562382564382e-02 1.007692589318734067e+00
8.498947484863265123e-01 1.803684479450258157e-02 1.007206383189471310e+00
8.498947484863265123e-01 1.803684479450258157e-02 1.007206383189471310e+00
8.499555390327234727e-01 1.675829802125136311e-02 1.007662519202940921e+00
8.496848027120792457e-01 1.621156660285890880e-02 1.009623995441355060e+00
8.496848027120792457e-01 1.621156660285890880e-02 1.009623995441355060e+00
8.497206138865200931e-01 1.758254778670052462e-02 1.011544360930819897e+00
8.497206138865200931e-01 1.758254778670052462e-02 1.011544360930819897e+00
8.490297420706675036e-01 1.682143036655908350e-02 1.017051001457858428e+00
8.490297420706675036e-01 1.682143036655908350e-02 1.017051001457858428e+00
8.488226234339815157e-01 1.725856655787491242e-02 1.020489387276653392e+00
8.484323976846794846e-01 1.583420917881185261e-02 1.024688739881298272e+00
8.482352424384861367e-01 1.611035832005509524e-02 1.028253080183886059e+00
8.474369965245397429e-01 1.555052335358686477e-02 1.033667656085796915e+00
8.474369965245397429e-01 1.555052335358686477e-02 1.033667656085796915e+00
8.469846902535880240e-01 1.631543016959611722e-02 1.039286725709879677e+00
8.463078656016572721e-01 1.635899651568961319e-02 1.044204681122522960e+00
8.457532676277114136e-01 1.569857547423007468e-02 1.048177065278224962e+00
8.452659791155259228e-01 1.591313915977713919e-02 1.051532685654997579e+00
8.447933213275102826e-01 1.563165515667599634e-02 1.055853061928715420e+00
8.447933213275102826e-01 1.563165515667599634e-02 1.055853061928715420e+00
8.437730012231752230e-01 1.609523180337545448e-02 1.062526225937290514e+00
8.428768121968593929e-01 1.568364170537076344e-02 1.067009285523963902e+00
8.418665890763703530e-01 1.611397044005808202e-02 1.073922945761805803e+00
8.418665890763703530e-01 1.611397044005808202e-02 1.073922945761805803e+00
8.409074248402123031e-01 1.534047602675731037e-02 1.079385493605970581e+00
8.400394333091353305e-01 1.450697986243550119e-02 1.084298012897369601e+00
8.385997034711013542e-01 1.536127248659960656e-02 1.092497540655659183e+00
8.375827124855275141e-01 1.364837099229123177e-02 1.096903931843151492e+00
8.375827124855275141e-01 1.364837099229123177e-02 1.096903931843151492e+00
8.360540798872115875e-01 1.340273114300433513e-02 1.104183960331999170e+00
8.346289440852840968e-01 1.428771702239093125e-02 1.110898917669064456e+00
8.333324136905831958e-01 1.376273787708776411e-02 1.116758019528600876e+00
8.333324136905831958e-01 1.376273787708776411e-02 1.116758019528600876e+00
8.315143266763675989e-01 1.284149410938420846e-02 1.123621690348448388e+00
8.292084939063744109e-01 1.280083178250682532e-02 1.133219392906564815e+00
8.292084939063744109e-01 1.280083178250682532e-02 1.133219392906564815e+00
8.256729256730482858e-01 1.201560200760120461e-02 1.146042386301724836e+00
8.223195923558518361e-01 1.088247249146342271e-02 1.157549725898292969e+00
8.223195923558518361e-01 1.088247249146342271e-02 1.157549725898292969e+00
8.186385262654178874e-01 1.088320271868300354e-02 1.170369389176621588e+00
8.147117446474719804e-01 8.999209921530838818e-03 1.181576636519809931e+00
8.147117446474719804e-01 8.999209921530838818e-03 1.181576636519809931e+00
8.123283561357400595e-01 9.456819746921772685e-03 1.189054242348519974e+00
8.099576303995705828e-01 8.330605448712620487e-03 1.195181211050303283e+00
8.084250774500019165e-01 8.275754746796808170e-03 1.199515981108798091e+00
8.084250774500019165e-01 8.275754746796808170e-03 1.199515981108798091e+00
8.058900008208674803e-01 7.114030696289500369e-03 1.206005900794649310e+00
8.008383087937833711e-01 7.070640899320978362e-03 1.218864019202205773e+00
8.008383087937833711e-01 7.070640899320978362e-03 1.218864019202205773e+00
7.972366256388520034e-01 6.054991221957278097e-03 1.227484432607071296e+00
7.948649065574890926e-01 5.218638606179906020e-03 1.233399895747463670e+00
7.948649065574890926e-01 5.218638606179906020e-03 1.233399895747463670e+00
7.925473348445964961e-01 4.530875643177997153e-03 1.238423456494097907e+00
7.911487743267885397e-01 4.622312306796921150e-03 1.241765405176957326e+00
7.896156664805704661e-01 4.286581071705123855e-03 1.245199911024018391e+00
7.875143945757988595e-01 3.425106552405658353e-03 1.250287098848307243e+00
7.875143945757988595e-01 3.425106552405658353e-03 1.250287098848307243e+00
7.854773484906448777e-01 3.702908929190061246e-03 1.254218868101357520e+00
7.843937240817427936e-01 2.856141335795451749e-03 1.256741248839393865e+00
7.843937240817427936e-01 2.856141335795451749e-03 1.256741248839393865e+00
7.824079451573250354e-01 3.436369392032815814e-03 1.260561251439002328e+00
7.824079451573250354e-01 3.436369392032815814e-03 1.260561251439002328e+00
7.797394612515525791e-01 2.278435316009574073e-03 1.265813240423938613e+00
7.797394612515525791e-01 2.278435316009574073e-03 1.265813240423938613e+00
7.764008036766057996e-01 2.349152751649429514e-03 1.271016114313067380e+00
7.748783234285323562e-01 2.876862163620665623e-03 1.272680351254480868e+00
7.734488256548390783e-01 1.538617409949982317e-03 1.274711085036596359e+00
7.726129133490055034e-01 1.936161849160760850e-03 1.275270814095328831e+00
7.711523166631787385e-01 2.926346387167141037e-03 1.276870497127036819e+00
7.711523166631787385e-01 2.926346387167141037e-03 1.276870497127036819e+00
7.697836709890329976e-01 3.136843869405893902e-03 1.277443729722265164e+00
7.682579206132529315e-01 4.409535220300353497e-03 1.278594444434306254e+00
7.674029287942356614e-01 4.078084366619744161e-03 1.278216982409849267e+00
7.674029287942356614e-01 4.078084366619744161e-03 1.278216982409849267e+00
7.665093280180120816e-01 4.291747585415908728e-03 1.277813895535146571e+00
7.651937472867325063e-01 5.393876508690678695e-03 1.277717227234295594e+00
7.644923544603460241e-01 6.824734174443777834e-03 1.276270801241839115e+00
7.638784043602504514e-01 7.117673072711841464e-03 1.275817877352832141e+00
7.638784043602504514e-01 7.117673072711841464e-03 1.275817877352832141e+00
7.627705503096134931e-01 9.031949942620492999e-03 1.274300182994146269e+00
7.604591644986939958e-01 1.494722791693600672e-02 1.273206321276840969e+00
7.604591644986939958e-01 1.494722791693600672e-02 1.273206321276840969e+00
7.592820565227970109e-01 1.783118494490438730e-02 1.272331811443265570e+00
7.583512856024342552e-01 2.060239616247963937e-02 1.271548083382575189e+00
7.574726198220333995e-01 2.406214798875270025e-02 1.270453738556737378e+00
7.566385103686021907e-01 2.541009501497333914e-02 1.269894566123075830e+00
7.566385103686021907e-01 2.541009501497333914e-02 1.269894566123075830e+00
7.551188909578278041e-01 2.893174147258869774e-02 1.269538230347214691e+00
7.551188909578278041e-01 2.893174147258869774e-02 1.269538230347214691e+00
7.529858352937652821e-01 3.636628534153971137e-02 1.267679190094483044e+00
7.529858352937652821e-01 3.636628534153971137e-02 1.267679190094483044e+00
7.506754725470370371e-01 4.285376817300308450e-02 1.265941910479142507e+00
7.480661120048930357e-01 4.813053738438004270e-02 1.264312394104729620e+00
7.470590735831613705e-01 5.227057443557709543e-02 1.263501021974402061e+00
7.470590735831613705e-01 5.227057443557709543e-02 1.263501021974402061e+00
7.454725278501288521e-01 5.554611759299087764e-02 1.262870966053374788e+00
7.454725278501288521e-01 5.554611759299087764e-02 1.262870966053374788e+00
7.429391864704503190e-01 6.240006989690229100e-02 1.261457473731051548e+00
7.429391864704503190e-01 6.240006989690229100e-02 1.261457473731051548e+00
7.394421802240598307e-01 6.943415073670504423e-02 1.259876566735971037e+00
7.394421802240598307e-01 6.943415073670504423e-02 1.259876566735971037e+00
7.379576598795102305e-01 7.192293228088419976e-02 1.259021425236300118e+00
7.365743990595513546e-01 7.473949471688033641e-02 1.258532606083857974e+00
7.348231453271456548e-01 7.771458561599801917e-02 1.257267731114011244e+00
7.348231453271456548e-01 7.771458561599801917e-02 1.257267731114011244e+00
7.329816348266364745e-01 8.053066158558928878e-02 1.256463982561700998e+00
7.308238365943865444e-01 8.421955636663781830e-02 1.255900502800336049e+00
7.295313034405117580e-01 8.627029047588224975e-02 1.255662267099120433e+00
7.295313034405117580e-01 8.627029047588224975e-02 1.255662267099120433e+00
7.277973707044049778e-01 8.961796181133836747e-02 1.254106341379242817e+00
7.255933236955161014e-01 9.267191108308454883e-02 1.253919331070102006e+00
7.255933236955161014e-01 9.267191108308454883e-02 1.253919331070102006e+00
7.240620376186979179e-01 9.571237052344154506e-02 1.252297355648514854e+00
7.226438858042131264e-01 9.782502715750931999e-02 1.252223908334366254e+00
7.226438858042131264e-01 9.782502715750931999e-02 1.252223908334366254e+00
7.206382405825128012e-01 1.002971442782837758e-01 1.251919509764495064e+00
7.179475286835667047e-01 1.042367756766731657e-01 1.250791897258170637e+00
7.179475286835667047e-01 1.042367756766731657e-01 1.250791897258170637e+00
7.163235420912854590e-01 1.076998676037252411e-01 1.247348688183258059e+00
7.163235420912854590e-01 1.076998676037252411e-01 1.247348688183258059e+00
7.156611761380891057e-01 1.115481731433402152e-01 1.241259190188464867e+00
7.155802796662394938e-01 1.133934725194028076e-01 1.239083437970961210e+00
7.155802796662394938e-01 1.133934725194028076e-01 1.239083437970961210e+00
7.156639311972227135e-01 1.147614760097134812e-01 1.234681989068435071e+00
7.158256394386000032e-01 1.164330107283646776e-01 1.230944792186277503e+00
7.158256394386000032e-01 1.164330107283646776e-01 1.230944792186277503e+00
7.161012378154666402e-01 1.180588999227410313e-01 1.225879223638096649e+00
7.167094973812583314e-01 1.191127380760996640e-01 1.222402029428265147e+00
7.174668275794003902e-01 1.207302435883286229e-01 1.216474780672719191e+00
7.180453904948492783e-01 1.227073207754469930e-01 1.212697712888685997e+00
7.180453904948492783e-01 1.227073207754469930e-01 1.212697712888685997e+00
7.189123513415118794e-01 1.248284356418226382e-01 1.207036286740607034e+00
7.202433914648962432e-01 1.254409567278292614e-01 1.201106081875455089e+00
7.207537756793394035e-01 1.271672378559201011e-01 1.197396255893758532e+00
7.207537756793394035e-01 1.271672378559201011e-01 1.197396255893758532e+00
7.223438730571837274e-01 1.281074263636099164e-01 1.190590624665523123e+00
7.233008722866322016e-01 1.299878215712470531e-01 1.185194227790300259e+00
7.248099750093250915e-01 1.319836101923350935e-01 1.178063657870186631e+00
7.259519885062406530e-01 1.333107590944042908e-01 1.172871749672800057e+00
7.269758462664687171e-01 1.335247912872692955e-01 1.168757397176325430e+00
7.278951024703709249e-01 1.337117509780525737e-01 1.165018786578862819e+00
7.278951024703709249e-01 1.337117509780525737e-01 1.165018786578862819e+00
7.293537294357297363e-01 1.343656401796094468e-01 1.158955265090518605e+00
7.293537294357297363e-01 1.343656401796094468e-01 1.158955265090518605e+00
7.313295397907131346e-01 1.362291671099500057e-01 1.148942850139772265e+00
7.313295397907131346e-01 1.362291671099500057e-01 1.148942850139772265e+00
7.334712780207809368e-01 1.362181592806566144e-01 1.141483904294115170e+00
7.354062499178050105e-01 1.372214383758032508e-01 1.132369016676158857e+00
7.359764544592696245e-01 1.374503011514980610e-01 1.128901528600400050e+00
7.368989429692802684e-01 1.381462520993131937e-01 1.123487779161083999e+00
7.373666992479162019e-01 1.388727040177382410e-01 1.119973896842503702e+00
7.373666992479162019e-01 1.388727040177382410e-01 1.119973896842503702e+00
7.376967585624428780e-01 1.387184480689088173e-01 1.117559671043441227e+00
7.376967585624428780e-01 1.387184480689088173e-01 1.117559671043441227e+00
7.393830743870135613e-01 1.404568207691247739e-01 1.106108082127930548e+00
7.393830743870135613e-01 1.404568207691247739e-01 1.106108082127930548e+00
7.398619949937327300e-01 1.398984439446774308e-01 1.102385207886619867e+00
7.405809793749246195e-01 1.402723185388295712e-01 1.098042945502404999e+00
7.410238306507711536e-01 1.406033963322048108e-01 1.094843451546009039e+00
7.410238306507711536e-01 1.406033963322048108e-01 1.094843451546009039e+00
7.414845834992882523e-01 1.419273655466631590e-01 1.090380194127938740e+00
7.418095756233277216e-01 1.419284295346972258e-01 1.086965029684292983e+00
7.421607011555568789e-01 1.424578300151468080e-01 1.083925006367932209e+00
7.421607011555568789e-01 1.424578300151468080e-01 1.083925006367932209e+00
7.425009861405332812e-01 1.422252305495224078e-01 1.081546391469139667e+00
7.426383189588962042e-01 1.432430695795609554e-01 1.075603750799308589e+00
7.426383189588962042e-01 1.432430695795609554e-01 1.075603750799308589e+00
7.425700108256182430e-01 1.431019686907152866e-01 1.070970046082897476e+00
7.425051729767000452e-01 1.435922688967682659e-01 1.068605107318171488e+00
7.428125650832012594e-01 1.427730377314092025e-01 1.066634359104195573e+00
7.425181931180514505e-01 1.432709638992548662e-01 1.064259049293347914e+00
7.425181931180514505e-01 1.432709638992548662e-01 1.064259049293347914e+00
7.423874338835980691e-01 1.431450071226895437e-01 1.062356089206004217e+00
7.423378157978518521e-01 1.439502148591683128e-01 1.060643438434316632e+00
7.423378157978518521e-01 1.439502148591683128e-01 1.060643438434316632e+00
7.424259989316406294e-01 1.436473529761438939e-01 1.058298977784470907e+00
7.422301480218007619e-01 1.442928207440467847e-01 1.056563846822687891e+00
7.424927594015351406e-01 1.440853661167755539e-01 1.055542074305869438e+00
7.426671394804349458e-01 1.441220090849532898e-01 1.053572333463751676e+00
7.426671394804349458e-01 1.441220090849532898e-01 1.053572333463751676e+00
7.427353620146933677e-01 1.439634576542003219e-01 1.052011072821585014e+00
7.426636512689763769e-01 1.445177284550429042e-01 1.051059541409602005e+00
7.430044442029749563e-01 1.446551995799674473e-01 1.049955951053581638e+00
7.431157888974244674e-01 1.446623105615521543e-01 1.048803923545973849e+00
7.433870054669761140e-01 1.445164512331129081e-01 1.048181026474799937e+00
7.432664221675761018e-01 1.448473182107253288e-01 1.047446154024098242e+00
7.435487685784299972e-01 1.448559517872668179e-01 1.045344360186348354e+00
7.436235617247313190e-01 1.452832838545647098e-01 1.044926195346672859e+00
7.439204840106692362e-01 1.441814976388700043e-01 1.043124332112870700e+00
7.440722110537851819e-01 1.446788854411879266e-01 1.042463203871180744e+00
7.442568803795095445e-01 1.445293035714800833e-01 1.042079554730113822e+00
7.442568803795095445e-01 1.445293035714800833e-01 1.042079554730113822e+00
7.440878094157030720e-01 1.450587276301442130e-01 1.042416654567540846e+00
7.444248791109957519e-01 1.443877555236666721e-01 1.040618050926109373e+00
7.444248791109957519e-01 1.443877555236666721e-01 1.040618050926109373e+00
7.445095713432439144e-01 1.435462209853533011e-01 1.040378189733718983e+00
7.445095713432439144e-01 1.435462209853533011e-01 1.040378189733718983e+00
7.443029041255028178e-01 1.453687242859423578e-01 1.039484293410914528e+00
7.444971840401078955e-01 1.450688810274315399e-01 1.038772095257568751e+00
7.446797761471083410e-01 1.455034897700100693e-01 1.037763088242397380e+00
7.447350794897917847e-01 1.444557265883444352e-01 1.037890016443455021e+00
7.447987600770971106e-01 1.451823923469657551e-01 1.036981206647655807e+00
7.447742829226881023e-01 1.449961194321467139e-01 1.036153909529809791e+00
7.447742829226881023e-01 1.449961194321467139e-01 1.036153909529809791e+00
7.447585585267055830e-01 1.452980650925626005e-01 1.036233193611465264e+00
7.448821707964553562e-01 1.449034600361571445e-01 1.036280726323995038e+00
7.448821707964553562e-01 1.449034600361571445e-01 1.036280726323995038e+00
7.447881421325176499e-01 1.443169991789686746e-01 1.036456720628116779e+00
7.447881421325176499e-01 1.443169991789686746e-01 1.036456720628116779e+00
7.449147643409671504e-01 1.441846218037128868e-01 1.035679609594538642e+00
7.449147643409671504e-01 1.441846218037128868e-01 1.035679609594538642e+00
7.448715638661861371e-01 1.446893298863246580e-01 1.035739056589844553e+00
7.448715638661861371e-01 1.446893298863246580e-01 1.035739056589844553e+00
7.450240404549509643e-01 1.444766454748766249e-01 1.035071664304083150e+00
7.449062659569098965e-01 1.447075952217108108e-01 1.035443368285232424e+00
7.449167002278985761e-01 1.454736739469021933e-01 1.034247628122142881e+00
7.449108250327128866e-01 1.456258987380198433e-01 1.034506108795080426e+00
7.449108250327128866e-01 1.456258987380198433e-01 1.034506108795080426e+00
7.450653714124876315e-01 1.453119220741912743e-01 1.033164317767801155e+00
7.452567971676612446e-01 1.446837925280703707e-01 1.033373367912361118e+00
7.452567971676612446e-01 1.446837925280703707e-01 1.033373367912361118e+00
7.451638874798449663e-01 1.446142226060795899e-01 1.033086585531411750e+00
7.451638874798449663e-01 1.446142226060795899e-01 1.033086585531411750e+00
7.454389425467842223e-01 1.447879315931998867e-01 1.032935631466228132e+00
7.454389425467842223e-01 1.447879315931998867e-01 1.032935631466228132e+00
7.451536507470709614e-01 1.452074739387597679e-01 1.032540764605355932e+00
7.454339880537579344e-01 1.446672744452657255e-01 1.032083791866221123e+00
7.453862811300717706e-01 1.447092693316026635e-01 1.031744546721521605e+00
7.450828516693503989e-01 1.445823228564460106e-01 1.032696884461596909e+00
7.450828516693503989e-01 1.445823228564460106e-01 1.032696884461596909e+00
7.454683909494055349e-01 1.448203929585568928e-01 1.032248573148544679e+00
7.452465818264643049e-01 1.450189391619471913e-01 1.032469593486348147e+00
7.452655097494451653e-01 1.449061336124891908e-01 1.032773043603347762e+00
7.452655097494451653e-01 1.449061336124891908e-01 1.032773043603347762e+00
7.455735182983103115e-01 1.445596303976550145e-01 1.032218136517569995e+00
7.452765571761122976e-01 1.448506186674889396e-01 1.032101302199197823e+00
7.454987907764637489e-01 1.440933851766796336e-01 1.032220701374189087e+00
7.454331511070171334e-01 1.446351716551995403e-01 1.031713836064559020e+00
7.454331511070171334e-01 1.446351716551995403e-01 1.031713836064559020e+00
7.454890155801096041e-01 1.444464370970558187e-01 1.032051553139903932e+00
7.454000494908032959e-01 1.443941253031740257e-01 1.032272273638606297e+00
7.454000494908032959e-01 1.443941253031740257e-01 1.032272273638606297e+00
7.453795359266949250e-01 1.446478543667645278e-01 1.032530833831748929e+00
7.455830502561261452e-01 1.441566577773450430e-01 1.032385830538981031e+00
7.452764820484300001e-01 1.455828229553696174e-01 1.032140762103439524e+00
7.452764820484300001e-01 1.455828229553696174e-01 1.032140762103439524e+00
7.454806917555012458e-01 1.440055105937665669e-01 1.032519600293557271e+00
7.454806917555012458e-01 1.440055105937665669e-01 1.032519600293557271e+00
7.453237767607184816e-01 1.448714487074912183e-01 1.032521548000395084e+00
7.454775734467384840e-01 1.446847677902440010e-01 1.032459147073009564e+00
7.454775734467384840e-01 1.446847677902440010e-01 1.032459147073009564e+00
7.452775007315184386e-01 1.457182230320538951e-01 1.032578604172854186e+00
7.452650476389998113e-01 1.448347163039409857e-01 1.032491928275950155e+00
7.453540551418001980e-01 1.443670133759185348e-01 1.032401469896842894e+00
7.454349190885553034e-01 1.450468615448689824e-01 1.032440054521460926e+00
7.454349190885553034e-01 1.450468615448689824e-01 1.032440054521460926e+00
7.452315634228237062e-01 1.450788977520627299e-01 1.032606763821668272e+00
7.452315634228237062e-01 1.450788977520627299e-01 1.032606763821668272e+00
7.452336394051857216e-01 1.451117552719221881e-01 1.032287690624523746e+00
7.452445087544119495e-01 1.448644593996921137e-01 1.031956642232999544e+00
7.452445087544119495e-01 1.448644593996921137e-01 1.031956642232999544e+00
7.454451556950058011e-01 1.443893139455378061e-01 1.031765290584483630e+00
7.454261319735154823e-01 1.444844748309746796e-01 1.032841206521093458e+00
7.454261319735154823e-01 1.444844748309746796e-01 1.032841206521093458e+00
7.452317162293176089e-01 1.455914312216530504e-01 1.031863720239626359e+00
7.453855869841475856e-01 1.447900517981704493e-01 1.032590096471803998e+00
7.453416036325937188e-01 1.455572674288167223e-01 1.032176459535184776e+00
7.453416036325937188e-01 1.455572674288167223e-01 1.032176459535184776e+00
7.454954077338191709e-01 1.446383718030533339e-01 1.032089550783083842e+00
7.452158212474212506e-01 1.451976542010103011e-01 1.032545285806274027e+00
7.452209622364026620e-01 1.452759954863719616e-01 1.032118056859498090e+00
7.452209622364026620e-01 1.452759954863719616e-01 1.032118056859498090e+00
7.453045165355129953e-01 1.451785368991054259e-01 1.032358101060328881e+00
7.453045165355129953e-01 1.451785368991054259e-01 1.032358101060328881e+00
7.451555536734679741e-01 1.449757943735072163e-01 1.032038330794132985e+00
7.451555536734679741e-01 1.449757943735072163e-01 1.032038330794132985e+00
7.452560421523072298e-01 1.450864557684158063e-01 1.032720560340514737e+00
7.452560421523072298e-01 1.450864557684158063e-01 1.032720560340514737e+00
7.454082355420379447e-01 1.448847023025164327e-01 1.031843992964311507e+00
7.454082355420379447e-01 1.448847023025164327e-01 1.031843992964311507e+00
7.451621510369377255e-01 1.458512521168781884e-01 1.032166562314457359e+00
7.454247358797047029e-01 1.447454214345634260e-01 1.032038932353233074e+00
7.453032987992656011e-01 1.447888294224033978e-01 1.031873158333794782e+00
7.453032987992656011e-01 1.447888294224033978e-01 1.031873158333794782e+00
7.452289179898106131e-01 1.451406760275605057e-01 1.033116605743591876e+00
7.451996377074631139e-01 1.455427863353686568e-01 1.032448531944621939e+00
7.454170542955362855e-01 1.444604069961274995e-01 1.032804013714595737e+00
7.454170542955362855e-01 1.444604069961274995e-01 1.032804013714595737e+00
7.453703927275711072e-01 1.448780164685655458e-01 1.032510459611466036e+00
7.453703927275711072e-01 1.448780164685655458e-01 1.032510459611466036e+00
7.453006652915689090e-01 1.445161716668418306e-01 1.034168385398251289e+00
7.453006652915689090e-01 1.445161716668418306e-01 1.034168385398251289e+00
7.447117313655716719e-01 1.444851058358794238e-01 1.038157550408580265e+00
7.441003324506557659e-01 1.451335397387688020e-01 1.042232077233391729e+00
7.441003324506557659e-01 1.451335397387688020e-01 1.042232077233391729e+00
7.435943954913734055e-01 1.428351001386330976e-01 1.047270852990520584e+00
7.435943954913734055e-01 1.428351001386330976e-01 1.047270852990520584e+00
7.422088386562605278e-01 1.424909559732863151e-01 1.053099452261932800e+00
7.422088386562605278e-01 1.424909559732863151e-01 1.053099452261932800e+00
7.419262677347677748e-01 1.410734299431627425e-01 1.054586163661948017e+00
7.409848567366926764e-01 1.397560600462704472e-01 1.055396975648793312e+00
7.409848567366926764e-01 1.397560600462704472e-01 1.055396975648793312e+00
7.404185106080450884e-01 1.373751833475118922e-01 1.056736412750998166e+00
7.398976920704568583e-01 1.352711390146923986e-01 1.057210880030900135e+00
7.398976920704568583e-01 1.352711390146923986e-01 1.057210880030900135e+00
7.392296772884070499e-01 1.326571225463366033e-01 1.058476713184182127e+00
7.384018112198854622e-01 1.300759214417297471e-01 1.058830144052687272e+00
7.377776945164942202e-01 1.279587759581716222e-01 1.059766976409528993e+00
7.369710638554304305e-01 1.253705390972885136e-01 1.061308200475274965e+00
7.362396281892735761e-01 1.236133095710198471e-01 1.063348777065207251e+00
7.356780658625116098e-01 1.234084931621830111e-01 1.064417966525256443e+00
7.356780658625116098e-01 1.234084931621830111e-01 1.064417966525256443e+00
7.349758078695847185e-01 1.214740432289295041e-01 1.067555190589577263e+00
7.349758078695847185e-01 1.214740432289295041e-01 1.067555190589577263e+00
7.336444690093949506e-01 1.202343863403388252e-01 1.072355745974107100e+00
7.329928936181235866e-01 1.181915813768754930e-01 1.076117282084100069e+00
7.321722750706373128e-01 1.183863332879687286e-01 1.078871682987387004e+00
7.321722750706373128e-01 1.183863332879687286e-01 1.078871682987387004e+00
7.314891834427329487e-01 1.179931555561181816e-01 1.082351975688090384e+00
7.307938240405279506e-01 1.174096691210500254e-01 1.084825538368733522e+00
7.303153671908347855e-01 1.175089766740038538e-01 1.086918260060931285e+00
7.298847429010314469e-01 1.176974831884710776e-01 1.088256638146879673e+00
7.295884199368037892e-01 1.168244460114518518e-01 1.090120674709582627e+00
7.291849814647501926e-01 1.167738278610946229e-01 1.090734006592368299e+00
7.291849814647501926e-01 1.167738278610946229e-01 1.090734006592368299e+00
7.288721097460807430e-01 1.158997658483361809e-01 1.091889490116825012e+00
7.288721097460807430e-01 1.158997658483361809e-01 1.091889490116825012e+00
7.277226963848265617e-01 1.140076757077422426e-01 1.093957016500008983e+00
7.277226963848265617e-01 1.140076757077422426e-01 1.093957016500008983e+00
7.269921480460742602e-01 1.122594074025871219e-01 1.096374320397730084e+00
7.259882813226936626e-01 1.080710533567213888e-01 1.096693246284739409e+00
7.260136883864194424e-01 1.062455778320684080e-01 1.096787267516267983e+00
7.254702244666723088e-01 1.054818689196726639e-01 1.096549404757114932e+00
7.249335068514414226e-01 1.047974555831096277e-01 1.096691702397084356e+00
7.245412008768925549e-01 1.039722560251143263e-01 1.096463970191521309e+00
7.244305502000274455e-01 1.021960061304542505e-01 1.096638813484246633e+00
7.240894150226034887e-01 1.015893156900191663e-01 1.096802110489461857e+00
7.240894150226034887e-01 1.015893156900191663e-01 1.096802110489461857e+00
7.237321796505795657e-01 1.000104762567741307e-01 1.097529537947969036e+00
7.235099591008014031e-01 1.001090132610927136e-01 1.097454115831085986e+00
7.235099591008014031e-01 1.001090132610927136e-01 1.097454115831085986e+00
7.235411189307818791e-01 9.833010005965985012e-02 1.097898982465625783e+00
7.235411189307818791e-01 9.833010005965985012e-02 1.097898982465625783e+00
7.230947788840152990e-01 9.946228683732075138e-02 1.099264988377615326e+00
7.230947788840152990e-01 9.946228683732075138e-02 1.099264988377615326e+00
7.226250203631336966e-01 9.943592315296466422e-02 1.100136597520430470e+00
7.226250203631336966e-01 9.943592315296466422e-02 1.100136597520430470e+00
7.229067998191677225e-01 9.845096037952290324e-02 1.099991764824302720e+00
7.227680702458761930e-01 9.887913086415928143e-02 1.099844804866948467e+00
7.225890522738346311e-01 9.922856628991671979e-02 1.100272154073630659e+00
7.226915009186999361e-01 9.972155682747922689e-02 1.100436036072476531e+00
7.226915009186999361e-01 9.972155682747922689e-02 1.100436036072476531e+00
7.228914339197869410e-01 1.001381599668480921e-01 1.100138292988667832e+00
7.228478153055896138e-01 9.960682716899017797e-02 1.099999328593606940e+00
7.227195645888991882e-01 9.927138850683159266e-02 1.100385436031402708e+00
7.226001931633927455e-01 9.911202945750209603e-02 1.100251119646603382e+00
7.228028541535016505e-01 9.967432551992642942e-02 1.100624116150683118e+00
7.228028541535016505e-01 9.967432551992642942e-02 1.100624116150683118e+00
7.227788624670687945e-01 9.942919268027280988e-02 1.100084493860630896e+00
7.228336781048527726e-01 9.935095659927775658e-02 1.099986850973977415e+00
7.228336781048527726e-01 9.935095659927775658e-02 1.099986850973977415e+00
7.226512728782529260e-01 9.987390729785371180e-02 1.100195579810441915e+00
7.227479888868095781e-01 1.014160188220499109e-01 1.099780317632645055e+00
7.227479888868095781e-01 1.014160188220499109e-01 1.099780317632645055e+00
7.221226356277111735e-01 1.035931756031573531e-01 1.100328347592482103e+00
7.218186504663531844e-01 1.055275748484267168e-01 1.100033925187760664e+00
7.218186504663531844e-01 1.055275748484267168e-01 1.100033925187760664e+00
7.212838139646320368e-01 1.080910649330604351e-01 1.100150396208838366e+00
7.212145206258007146e-01 1.098804899199124635e-01 1.100110752541644032e+00
7.209381285520335414e-01 1.116584211676933808e-01 1.100106792919493648e+00
7.209381285520335414e-01 1.116584211676933808e-01 1.100106792919493648e+00
7.204722381094947892e-01 1.145890845846823242e-01 1.099626482882207767e+00
7.196189412731140989e-01 1.194600758535129953e-01 1.099558670017098949e+00
7.190489084097829720e-01 1.225742769824196415e-01 1.099682212893575706e+00
7.186324128440805259e-01 1.263295886096054976e-01 1.098962357913088050e+00
7.179600384830786552e-01 1.286132595978345949e-01 1.100036801681663956e+00
7.174153119927761946e-01 1.314227017380341922e-01 1.099340779973861926e+00
7.174153119927761946e-01 1.314227017380341922e-01 1.099340779973861926e+00
7.170956611461004604e-01 1.345107076714773531e-01 1.099576664204341858e+00
7.164895963750439467e-01 1.367935158833192000e-01 1.099461946117567201e+00
7.162448969083400341e-01 1.390795556567705482e-01 1.099469485636231036e+00
7.162448969083400341e-01 1.390795556567705482e-01 1.099469485636231036e+00
7.157711176236360995e-01 1.410601975395964214e-01 1.099810165719763866e+00
7.152280473329533095e-01 1.431804480549980774e-01 1.099026792232951966e+00
7.149797254872513053e-01 1.443684668270343030e-01 1.098950947106505094e+00
7.147715776784581143e-01 1.463360580787945453e-01 1.099394796495570370e+00
7.147715776784581143e-01 1.463360580787945453e-01 1.099394796495570370e+00
7.147145216044961114e-01 1.480068998762451571e-01 1.097375842604844998e+00
7.145042073154832529e-01 1.501747554641554294e-01 1.096736325762758479e+00
7.143759234636495314e-01 1.524798927405960902e-01 1.094406798508322121e+00
7.143759234636495314e-01 1.524798927405960902e-01 1.094406798508322121e+00
7.144505794521277542e-01 1.550547784513821581e-01 1.092236547712185590e+00
7.150420328207558462e-01 1.568782180892014100e-01 1.087906785962045042e+00
7.150420328207558462e-01 1.568782180892014100e-01 1.087906785962045042e+00
7.152365799595374884e-01 1.590997984203129934e-01 1.084203316484095403e+00
7.155512848452605379e-01 1.610833478226947058e-01 1.081673522765972617e+00
7.160619139027888380e-01 1.629757561141083611e-01 1.076904802299795350e+00
7.161760028244492648e-01 1.642715144028524532e-01 1.075152666477130925e+00
7.160626316062345120e-01 1.673191083776952304e-01 1.071807954955938502e+00
7.163902241097083179e-01 1.691147402288063484e-01 1.068460760328976411e+00
7.164560326465724271e-01 1.704620244021426423e-01 1.066066360772075505e+00
7.166792265758158420e-01 1.709083939889412818e-01 1.063699807657228824e+00
7.169284041088096471e-01 1.721030435779987156e-01 1.061707168900556386e+00
7.173092402213023799e-01 1.726202388539692101e-01 1.059380270811915770e+00
7.173092402213023799e-01 1.726202388539692101e-01 1.059380270811915770e+00
7.175150725536989516e-01 1.731055044416853761e-01 1.057157217391343940e+00
7.174598302618320211e-01 1.740225578397373296e-01 1.054767826672229125e+00
7.177879746362185731e-01 1.745287809799243584e-01 1.053473362090952659e+00
7.177879746362185731e-01 1.745287809799243584e-01 1.053473362090952659e+00
7.181467475118374910e-01 1.749344129591375585e-01 1.050944941778066966e+00
7.179872521780716887e-01 1.754320604686236962e-01 1.050738717982531600e+00
7.184108458538067676e-01 1.751764700934322072e-01 1.049293825387201062e+00
7.187123306679363832e-01 1.750160735585866434e-01 1.048414383509166825e+00
7.191561461549069723e-01 1.751570952751251853e-01 1.046996042218134582e+00
7.191561461549069723e-01 1.751570952751251853e-01 1.046996042218134582e+00
7.200552164674409727e-01 1.751612718321208795e-01 1.045860156343391578e+00
7.207992036705229699e-01 1.748719641169750594e-01 1.045029710809225465e+00
7.207992036705229699e-01 1.748719641169750594e-01 1.045029710809225465e+00
7.216702237671771547e-01 1.749908502060925075e-01 1.044660299910825429e+00
7.226016798095534766e-01 1.743060836763290489e-01 1.043684130574621616e+00
7.235112239068641760e-01 1.747057599663054683e-01 1.044246643498573324e+00
7.242017540754784877e-01 1.756520717347638261e-01 1.044122223704888608e+00
7.252923293019013506e-01 1.763193645225539508e-01 1.044553118046580353e+00
7.256448011102164530e-01 1.767758753405722638e-01 1.044833783487248313e+00
7.256448011102164530e-01 1.767758753405722638e-01 1.044833783487248313e+00
7.260411549878784676e-01 1.779886900439110464e-01 1.045068332660635813e+00
7.266746477282319816e-01 1.777258504845837805e-01 1.044827852625715758e+00
7.266746477282319816e-01 1.777258504845837805e-01 1.044827852625715758e+00
7.268097506760214932e-01 1.781677008425420206e-01 1.045630929473610582e+00
7.268097506760214932e-01 1.781677008425420206e-01 1.045630929473610582e+00
7.266223491302792326e-01 1.798798221999798608e-01 1.045212220058477470e+00
7.266223491302792326e-01 1.798798221999798608e-01 1.045212220058477470e+00
7.270788646776238373e-01 1.789375688454493685e-01 1.044942209212024409e+00
7.270662754419510154e-01 1.790900605022482106e-01 1.045362420511523505e+00
7.271766985705333530e-01 1.791159179246415434e-01 1.044900084322957223e+00
7.270532282137874835e-01 1.791185029366249570e-01 1.045390713210920586e+00
7.270242352106690564e-01 1.784037113481135028e-01 1.046003745215766667e+00
7.270242352106690564e-01 1.784037113481135028e-01 1.046003745215766667e+00
7.270790985452322275e-01 1.790542266043558262e-01 1.044926249207243751e+00
7.272697877060066984e-01 1.789664131892182430e-01 1.044866460139485254e+00
7.270709657569028872e-01 1.791550519626942117e-01 1.045101316971535743e+00
7.268981485708020385e-01 1.794773385140543687e-01 1.045117709157126207e+00
7.268705564690142173e-01 1.792395705031277209e-01 1.044997186691181135e+00
7.271195417650229142e-01 1.784334506115300423e-01 1.044859892965985804e+00
7.271553330395077452e-01 1.786017284015902207e-01 1.044998087420690780e+00
7.272836579408626934e-01 1.787945755660330094e-01 1.044708138480315185e+00
7.272836579408626934e-01 1.787945755660330094e-01 1.044708138480315185e+00
7.271761123531086390e-01 1.785143028476800231e-01 1.044617212818623075e+00
7.271761123531086390e-01 1.785143028476800231e-01 1.044617212818623075e+00
7.271828143691243529e-01 1.787474887095221177e-01 1.045211432219437686e+00
7.271828143691243529e-01 1.787474887095221177e-01 1.045211432219437686e+00
7.271219052716978437e-01 1.790642442538484258e-01 1.044511261672870006e+00
7.270959203330511489e-01 1.787653438196017963e-01 1.044792069828978098e+00
7.271522940585574135e-01 1.793419133652818243e-01 1.044470237861280459e+00
7.271522940585574135e-01 1.793419133652818243e-01 1.044470237861280459e+00
7.272306036570151955e-01 1.786818538351911678e-01 1.044720736267955585e+00
7.270758152263746554e-01 1.792027299306278298e-01 1.045109992626682693e+00
7.273215443345055764e-01 1.787501363881461025e-01 1.044138011784427444e+00
7.273215443345055764e-01 1.787501363881461025e-01 1.044138011784427444e+00
7.272080507876379496e-01 1.787316721802131858e-01 1.044723496242567551e+00
7.271141646869196951e-01 1.791371836307379672e-01 1.045326605585596091e+00
7.272183706742916254e-01 1.790604582185238991e-01 1.044731765499280707e+00
7.271455749882116404e-01 1.787584894880015762e-01 1.045527413648955406e+00
7.271234917970398337e-01 1.790343744457233432e-01 1.045113034268254415e+00
7.269425273632261764e-01 1.789620219547635727e-01 1.045398734542387853e+00
7.269425273632261764e-01 1.789620219547635727e-01 1.045398734542387853e+00
7.269688203798845283e-01 1.797326284004151509e-01 1.045147351189965379e+00
7.269688203798845283e-01 1.797326284004151509e-01 1.045147351189965379e+00
7.271117250869969517e-01 1.787288926389112853e-01 1.044394759336601863e+00
7.271117250869969517e-01 1.787288926389112853e-01 1.044394759336601863e+00
7.269912007744731008e-01 1.792358601412349650e-01 1.045192402337864923e+00
7.269912007744731008e-01 1.792358601412349650e-01 1.045192402337864923e+00
7.271621116136822716e-01 1.788388959146456347e-01 1.045098676741054167e+00
7.270256718124638029e-01 1.789587766158279580e-01 1.044707338457683932e+00
7.270256718124638029e-01 1.789587766158279580e-01 1.044707338457683932e+00
7.270568263822217991e-01 1.790693278209176398e-01 1.045438093981630789e+00
7.271137388937324308e-01 1.789389992534349549e-01 1.045080458343666141e+00
7.272781409672894881e-01 1.778883795394740341e-01 1.045188843089656316e+00
7.270915429511661809e-01 1.791769383287294681e-01 1.044334667386537907e+00
7.273096467395495646e-01 1.788922772070259126e-01 1.044921349985644010e+00
7.273096467395495646e-01 1.788922772070259126e-01 1.044921349985644010e+00
7.272399775239886122e-01 1.787944280809927178e-01 1.044498689060864738e+00
7.268872175330082230e-01 1.795318473002869286e-01 1.045300330441089720e+00
7.268872175330082230e-01 1.795318473002869286e-01 1.045300330441089720e+00
7.272106733855745464e-01 1.782652044505161348e-01 1.045041607855033305e+00
7.272106733855745464e-01 1.782652044505161348e-01 1.045041607855033305e+00
7.273230939159108788e-01 1.772914439663761665e-01 1.045276980698554903e+00
7.273230939159108788e-01 1.772914439663761665e-01 1.045276980698554903e+00
7.272310046499708136e-01 1.789359071911739152e-01 1.045274878355184622e+00
7.272618298470506781e-01 1.790359062950231950e-01 1.044810669887293209e+00
7.272618298470506781e-01 1.790359062950231950e-01 1.044810669887293209e+00
7.269312052343992470e-01 1.792892591516685452e-01 1.045164245543728221e+00
7.270070405825680426e-01 1.794690264664710322e-01 1.045109992626682693e+00
7.272802945706019484e-01 1.785709338122520307e-01 1.045101424208021212e+00
7.270671795851497698e-01 1.790353105426812363e-01 1.045849160509561226e+00
7.271948972918846898e-01 1.783935474015228007e-01 1.045330672832827545e+00
7.273626537783494106e-01 1.781153856757244081e-01 1.045174551662102935e+00
7.273626537783494106e-01 1.781153856757244081e-01 1.045174551662102935e+00
7.269794386132204522e-01 1.788508580543809734e-01 1.045106086965803316e+00
7.272246405042886996e-01 1.791876162450310728e-01 1.044964192771923539e+00
7.270755648610479627e-01 1.789380336506621039e-01 1.044949228284730136e+00
7.270755648610479627e-01 1.789380336506621039e-01 1.044949228284730136e+00
7.270032329734130716e-01 1.787652924535316490e-01 1.045342831509781911e+00
7.269953103122116511e-01 1.789580676152921768e-01 1.045402157768556828e+00
7.273509392899988324e-01 1.790676282739736558e-01 1.044459223931687664e+00
7.273509392899988324e-01 1.790676282739736558e-01 1.044459223931687664e+00
7.272057643356845125e-01 1.783161781758126896e-01 1.045025600854800896e+00
7.272057643356845125e-01 1.783161781758126896e-01 1.045025600854800896e+00
7.272030362073427234e-01 1.785607079744982451e-01 1.044607223120526118e+00
7.271641035597973257e-01 1.785052707612038714e-01 1.044908040937751359e+00
7.270988431998082202e-01 1.783909384258182129e-01 1.045032724581812733e+00
7.273925058244630204e-01 1.780444060331285716e-01 1.045189249412047383e+00
7.271672120804422157e-01 1.791265852669671477e-01 1.045206570794211975e+00
7.271672120804422157e-01 1.791265852669671477e-01 1.045206570794211975e+00
7.271638267897325703e-01 1.787655439534656110e-01 1.045014372105379064e+00
7.271638267897325703e-01 1.787655439534656110e-01 1.045014372105379064e+00
7.272332928133663499e-01 1.783386218309654381e-01 1.045169340909487099e+00
7.272155017104313668e-01 1.784221347033640992e-01 1.044680184639886322e+00
7.272090331465289603e-01 1.784368385871697993e-01 1.045133489066492061e+00
7.270993611215872399e-01 1.793523065958320672e-01 1.044590310627791840e+00
7.272051265547418986e-01 1.779668462829078757e-01 1.045349728851668880e+00
7.272051265547418986e-01 1.779668462829078757e-01 1.045349728851668880e+00
7.272516518883477277e-01 1.790794033318843514e-01 1.044623397681495813e+00
7.272505816061789474e-01 1.782584043458501910e-01 1.044895891696433710e+00
7.270506233838780474e-01 1.791889820698244484e-01 1.045435602938751485e+00
7.270660389388726719e-01 1.789733576825446870e-01 1.045370628296746540e+00
7.270660389388726719e-01 1.789733576825446870e-01 1.045370628296746540e+00
7.270970547697935826e-01 1.789412251162688094e-01 1.045207342229524938e+00
7.270970547697935826e-01 1.789412251162688094e-01 1.045207342229524938e+00
7.271027980850836014e-01 1.793204856388806445e-01 1.044367488286485735e+00
7.271027980850836014e-01 1.793204856388806445e-01 1.044367488286485735e+00
7.270041699947974445e-01 1.793306893340654851e-01 1.045271530918969738e+00
7.270041699947974445e-01 1.793306893340654851e-01 1.045271530918969738e+00
7.270605539093878411e-01 1.785690759888669543e-01 1.045301478758350555e+00
7.272074461382556088e-01 1.783889391674290947e-01 1.045125579527018678e+00
7.272981200905082044e-01 1.788456056617628021e-01 1.044865349074479033e+00
7.271763792142188487e-01 1.786516259072069013e-01 1.045202419591435561e+00
7.271041757407441519e-01 1.786784951534968469e-01 1.045094820973532457e+00
7.271497396747599318e-01 1.783452879948733416e-01 1.045136378213762152e+00
7.271691585719119999e-01 1.791525587148952714e-01 1.045353232518261954e+00
7.271092499099151008e-01 1.789521589904319865e-01 1.044740257149856966e+00
7.271807898388982228e-01 1.787149337548478711e-01 1.044948837216110871e+00
7.272206701002486007e-01 1.779475460616836702e-01 1.044675484710558822e+00
7.269715706599741978e-01 1.791420281148778937e-01 1.045165289167385714e+00
7.269715706599741978e-01 1.791420281148778937e-01 1.045165289167385714e+00
7.271500738746751180e-01 1.784373904897590402e-01 1.044990183845640797e+00
7.273053583508537479e-01 1.782977645701055436e-01 1.044753414340379383e+00
7.271735600300019975e-01 1.788608911941116930e-01 1.045054647814155357e+00
7.271735600300019975e-01 1.788608911941116930e-01 1.045054647814155357e+00
7.272081253195622486e-01 1.788467923058272013e-01 1.044684541453343218e+00
7.270783885917442291e-01 1.788315406387834539e-01 1.044595475467619217e+00
7.270662864115217117e-01 1.791994243117062680e-01 1.044953908698298406e+00
7.270662864115217117e-01 1.791994243117062680e-01 1.044953908698298406e+00
7.270804403110271430e-01 1.791336738890708935e-01 1.045134613612843655e+00
7.272351441872307865e-01 1.785142602143055535e-01 1.044783465045997506e+00
7.272351441872307865e-01 1.785142602143055535e-01 1.044783465045997506e+00
7.269182054850338304e-01 1.789370473388791072e-01 1.045293325189244671e+00
7.272106733855745464e-01 1.782652044505161348e-01 1.045026349065970805e+00
7.271237507455540205e-01 1.791511150402199937e-01 1.045112378860421742e+00
7.272401794324873103e-01 1.786851644193429844e-01 1.044861502369857309e+00
7.272401794324873103e-01 1.786851644193429844e-01 1.044861502369857309e+00
7.270624828369153247e-01 1.788679799196820908e-01 1.045007832411056992e+00
7.272763926987216854e-01 1.782219722010018326e-01 1.045356459199303201e+00
7.270647494685453793e-01 1.797355197363570134e-01 1.045468342913466131e+00
7.270647494685453793e-01 1.797355197363570134e-01 1.045468342913466131e+00
7.271401390508566154e-01 1.784880350467338839e-01 1.045179570158400351e+00
7.271401390508566154e-01 1.784880350467338839e-01 1.045179570158400351e+00
7.272497569012801311e-01 1.780494232438926960e-01 1.045019798232331709e+00
7.272497569012801311e-01 1.780494232438926960e-01 1.045019798232331709e+00
7.272680681229323207e-01 1.783153566277861923e-01 1.045162104359778521e+00
7.272680681229323207e-01 1.783153566277861923e-01 1.045162104359778521e+00
7.271352048054434691e-01 1.790497976309818051e-01 1.044953255018931326e+00
7.272603818112092222e-01 1.784876696957906905e-01 1.044612347553650622e+00
7.271673489269310231e-01 1.793666783330396530e-01 1.045275271016066654e+00
7.271202731193566748e-01 1.786561042643120545e-01 1.045182976838605171e+00
7.273646337878063584e-01 1.782802878873966657e-01 1.045174284245497631e+00
7.271748542093988688e-01 1.788277511088036953e-01 1.044792930552922217e+00
7.271748542093988688e-01 1.788277511088036953e-01 1.044792930552922217e+00
7.271364445614991734e-01 1.789952176020001007e-01 1.045447361751634663e+00
7.271517424773494831e-01 1.787673306994706779e-01 1.044912366766217016e+00
7.271517424773494831e-01 1.787673306994706779e-01 1.044912366766217016e+00
7.272083373922431093e-01 1.787283579920606325e-01 1.045448054382094982e+00
7.272430602581542169e-01 1.784446808839059706e-01 1.044824053201445002e+00
7.272430602581542169e-01 1.784446808839059706e-01 1.044824053201445002e+00
7.271854956682833881e-01 1.785242638010394733e-01 1.044904255755802147e+00
7.270943837385929198e-01 1.785831933932535420e-01 1.045092674582855707e+00
7.272620137297796106e-01 1.781710501107377775e-01 1.045222187775967537e+00
7.269907067199898876e-01 1.790131904646601602e-01 1.044892224871362130e+00
7.269907067199898876e-01 1.790131904646601602e-01 1.044892224871362130e+00
7.270824092687585560e-01 1.796553400317845994e-01 1.045202388579034469e+00
7.272205129525277645e-01 1.783605253387127998e-01 1.045081869372489480e+00
7.272213479749963794e-01 1.788232068872560310e-01 1.045519587182776267e+00
