6.849809181431452121e-01 1.417124168542157336e-01 1.200403112661334148e+00
6.851379918434544747e-01 1.414072252679046682e-01 1.199977506875423927e+00
6.847776410192726315e-01 1.416524512875307895e-01 1.200183755970007482e+00
6.850234046390368814e-01 1.413878194822611178e-01 1.199948311866397388e+00
6.850234046390368814e-01 1.413878194822611178e-01 1.199948311866397388e+00
6.850743750018021272e-01 1.414966465509933935e-01 1.200249232820316037e+00
6.850523680482266675e-01 1.412822632376727061e-01 1.200120122578099080e+00
6.847814547857010714e-01 1.418100708481646044e-01 1.200204296106261337e+00
6.851616831597013846e-01 1.414651856964620757e-01 1.199779415999476129e+00
6.848340487024791035e-01 1.417216532243584515e-01 1.200159568919376474e+00
6.849874633291064274e-01 1.409008270204055169e-01 1.200116992601412358e+00
6.850222333224889049e-01 1.423285145536240803e-01 1.200018302408440540e+00
6.854729794337468540e-01 1.414535525136400018e-01 1.199241604999272237e+00
6.853891408626725523e-01 1.412993494943714790e-01 1.199532796175917460e+00
6.850291586263667076e-01 1.414705191298544218e-01 1.200078531119893821e+00
6.850291586263667076e-01 1.414705191298544218e-01 1.200078531119893821e+00
6.850572579516742699e-01 1.411402980817169639e-01 1.199712813421083268e+00
6.850572579516742699e-01 1.411402980817169639e-01 1.199712813421083268e+00
6.849043202311323464e-01 1.414420103527698203e-01 1.200463852160353451e+00
6.849746118304608222e-01 1.415491368143463602e-01 1.199955861209354602e+00
6.849746118304608222e-01 1.415491368143463602e-01 1.199955861209354602e+00
6.848899930046394857e-01 1.412233035864457753e-01 1.200131918567764577e+00
6.848899930046394857e-01 1.412233035864457753e-01 1.200131918567764577e+00
6.849529556446359857e-01 1.417967425386492120e-01 1.199749287936489273e+00
6.850154237013834635e-01 1.413340625370003989e-01 1.200100930637584939e+00
6.850154237013834635e-01 1.413340625370003989e-01 1.200100930637584939e+00
6.849398174821862417e-01 1.419610507160951884e-01 1.199930739974707006e+00
6.849398174821862417e-01 1.419610507160951884e-01 1.199930739974707006e+00
6.849547355835216011e-01 1.412499563617273246e-01 1.200567412435529668e+00
6.847269688998569581e-01 1.419311338421310742e-01 1.200137325802266730e+00
6.849127380527735287e-01 1.417862418717340534e-01 1.200118849621601314e+00
6.850804083858020865e-01 1.416697396320468760e-01 1.200042348013262483e+00
6.851382086167590035e-01 1.414800787468991627e-01 1.199623717870919259e+00
6.850033477366618273e-01 1.415742535815420478e-01 1.200224562730966227e+00
6.850033477366618273e-01 1.415742535815420478e-01 1.200224562730966227e+00
6.848617457745596049e-01 1.421956034327665208e-01 1.200130907402659819e+00
6.847234111915800892e-01 1.420740823703043609e-01 1.200298737586429132e+00
6.850168080743347376e-01 1.411844032719363762e-01 1.200511846423869988e+00
6.853694907793489444e-01 1.416491974152718214e-01 1.199109715558953848e+00
6.849373972881819261e-01 1.417844569495717300e-01 1.200432990344326489e+00
6.846823157027780438e-01 1.416352562440901519e-01 1.200411036408649768e+00
6.850492610462559639e-01 1.421103841118954159e-01 1.199962942887361717e+00
6.850097987970771296e-01 1.422557910359606992e-01 1.199547441398095327e+00
6.850097987970771296e-01 1.422557910359606992e-01 1.199547441398095327e+00
6.850366539590997395e-01 1.418642365319024989e-01 1.199362969922099342e+00
6.850238529885596117e-01 1.419098775163822324e-01 1.199897517464657559e+00
6.850877096682885803e-01 1.424967559108303861e-01 1.199658074118569173e+00
6.850877096682885803e-01 1.424967559108303861e-01 1.199658074118569173e+00
6.850290037037767288e-01 1.413414265303110651e-01 1.199988626952994464e+00
6.850290037037767288e-01 1.413414265303110651e-01 1.199988626952994464e+00
6.850782033128440807e-01 1.420489495099169774e-01 1.200143729211499366e+00
6.850782033128440807e-01 1.420489495099169774e-01 1.200143729211499366e+00
6.852529485108972418e-01 1.419651388173179818e-01 1.199180864876800978e+00
6.851099867727046266e-01 1.421164953737765746e-01 1.199799311745881836e+00
6.852185498887523041e-01 1.417045046496628879e-01 1.199848075962685279e+00
6.850739394921300240e-01 1.411958495803541935e-01 1.200067294665362105e+00
6.850467204256884823e-01 1.415462839728975630e-01 1.200233999064689971e+00
6.850467204256884823e-01 1.415462839728975630e-01 1.200233999064689971e+00
6.853273795053839157e-01 1.417139476227581851e-01 1.199423694666007290e+00
6.851308595792959810e-01 1.417731701863265692e-01 1.199604261180919007e+00
6.850583749207945772e-01 1.424427920865257713e-01 1.199783369565952329e+00
6.850583749207945772e-01 1.424427920865257713e-01 1.199783369565952329e+00
6.851998972560018331e-01 1.407691992650145496e-01 1.200208250740186555e+00
6.851014641158370555e-01 1.420765877937127108e-01 1.200355712166635058e+00
6.855225539226859066e-01 1.413548083205311834e-01 1.200351454453334021e+00
6.855225539226859066e-01 1.413548083205311834e-01 1.200351454453334021e+00
6.864827009350413789e-01 1.415339537641813472e-01 1.199950430548650360e+00
6.878641656211582633e-01 1.413445636965731944e-01 1.199576491368804732e+00
6.886091519595294308e-01 1.408815770485034868e-01 1.200434742271962563e+00
6.886091519595294308e-01 1.408815770485034868e-01 1.200434742271962563e+00
6.899620636143628527e-01 1.418500792383141085e-01 1.199963987070533200e+00
6.910149273186907415e-01 1.410608785540456711e-01 1.200800954580439450e+00
6.922430063039847203e-01 1.411380736906726330e-01 1.200831737381649278e+00
6.941424815241472590e-01 1.400519541560286685e-01 1.200909643109430380e+00
6.953606083458023779e-01 1.406316289434179079e-01 1.201448352335997338e+00
6.971487124312395478e-01 1.403756388664646471e-01 1.201564080083290742e+00
6.988128517063302292e-01 1.408344260073003673e-01 1.201826658358229771e+00
7.003908192335663863e-01 1.398741942587681808e-01 1.201924953527746753e+00
7.003908192335663863e-01 1.398741942587681808e-01 1.201924953527746753e+00
7.018960211935157956e-01 1.397136148253408094e-01 1.203028550175837763e+00
7.031406451160047144e-01 1.398443512884818829e-01 1.202770783190399984e+00
7.049740752281287159e-01 1.388735509028313775e-01 1.203677156193892372e+00
7.064087829070322400e-01 1.391121782753291791e-01 1.203381989748194769e+00
7.064087829070322400e-01 1.391121782753291791e-01 1.203381989748194769e+00
7.083936583380676666e-01 1.387180252093681287e-01 1.203521737223095744e+00
7.091187886810648155e-01 1.385229065724522257e-01 1.204098113107415546e+00
7.106127242580403403e-01 1.387995887025070540e-01 1.205211438301406535e+00
7.120149519801957094e-01 1.386080436760321333e-01 1.204825626804639782e+00
7.120149519801957094e-01 1.386080436760321333e-01 1.204825626804639782e+00
7.136462937538798901e-01 1.375519085278732456e-01 1.205986776331555710e+00
7.155560711672248608e-01 1.378148971453723726e-01 1.205849589039007075e+00
7.155560711672248608e-01 1.378148971453723726e-01 1.205849589039007075e+00
7.171070184360560651e-01 1.374256353772270733e-01 1.206607088932949878e+00
7.187617693524841478e-01 1.373363685251700883e-01 1.206722828002885883e+00
7.187617693524841478e-01 1.373363685251700883e-01 1.206722828002885883e+00
7.205671784124767498e-01 1.367769776499061229e-01 1.207831979807973077e+00
7.220476325677162022e-01 1.363339976431016953e-01 1.207937382329693721e+00
7.232995857508397464e-01 1.362960450126321776e-01 1.208581345366807502e+00
7.243964985424614644e-01 1.354610127476811310e-01 1.209261455813388730e+00
7.243964985424614644e-01 1.354610127476811310e-01 1.209261455813388730e+00
7.256553444706133060e-01 1.358160028488120119e-01 1.210167168222856748e+00
7.276505749875816775e-01 1.346014528721234949e-01 1.210102650670166646e+00
7.287689965907603318e-01 1.349161227854862588e-01 1.210105946002334232e+00
7.287689965907603318e-01 1.349161227854862588e-01 1.210105946002334232e+00
7.301603812309427344e-01 1.343100893181610467e-01 1.211351759131509276e+00
7.311562386956179660e-01 1.343467555751968467e-01 1.211977933696496201e+00
7.325717768628529081e-01 1.336300588978935888e-01 1.212405563531023800e+00
7.332514179320474001e-01 1.344286702118703547e-01 1.212858393375326749e+00
7.342814241822089860e-01 1.336300762686359611e-01 1.213548862502247250e+00
7.342814241822089860e-01 1.336300762686359611e-01 1.213548862502247250e+00
7.359343912759354067e-01 1.323611122566009657e-01 1.213243851829989062e+00
7.365288784807120237e-01 1.322009810392527629e-01 1.214974689096403271e+00
7.373785657485003586e-01 1.320493529822770740e-01 1.215089466842992572e+00
7.373785657485003586e-01 1.320493529822770740e-01 1.215089466842992572e+00
7.385003190319875399e-01 1.326782126285158403e-01 1.215247259299521820e+00
7.402420255584950537e-01 1.308106923780757991e-01 1.216608279500125400e+00
7.402420255584950537e-01 1.308106923780757991e-01 1.216608279500125400e+00
7.432436120662457846e-01 1.305378658365811129e-01 1.218318649210704985e+00
7.441964009798314184e-01 1.302250689600647215e-01 1.217775406974658248e+00
7.441964009798314184e-01 1.302250689600647215e-01 1.217775406974658248e+00
7.450058454397192609e-01 1.293934107049335425e-01 1.219403070078206364e+00
7.454547362446500847e-01 1.298030873470205904e-01 1.219425839240017018e+00
7.454547362446500847e-01 1.298030873470205904e-01 1.219425839240017018e+00
7.469264928217097532e-01 1.295128552611249928e-01 1.219893163954869353e+00
7.469264928217097532e-01 1.295128552611249928e-01 1.219893163954869353e+00
7.490955826620592228e-01 1.282006349120922983e-01 1.220810640607969066e+00
7.490955826620592228e-01 1.282006349120922983e-01 1.220810640607969066e+00
7.508799864346881181e-01 1.279829073753715463e-01 1.221969834902996155e+00
7.517546126108022309e-01 1.268913878160551623e-01 1.222196623280581651e+00
7.530860471472776707e-01 1.260533036363145343e-01 1.222582705445783624e+00
7.541505932194428885e-01 1.248085641759787284e-01 1.222933922189485489e+00
7.550149472956972918e-01 1.236990150232276375e-01 1.223072815984384443e+00
7.550149472956972918e-01 1.236990150232276375e-01 1.223072815984384443e+00
7.570979422781127788e-01 1.213714518981332952e-01 1.222337766662947356e+00
7.570979422781127788e-01 1.213714518981332952e-01 1.222337766662947356e+00
7.602800239854514697e-01 1.167308342144505462e-01 1.219876625313156548e+00
7.602800239854514697e-01 1.167308342144505462e-01 1.219876625313156548e+00
7.645510563444903873e-01 1.113293953099815520e-01 1.215383309573592863e+00
7.645510563444903873e-01 1.113293953099815520e-01 1.215383309573592863e+00
7.677841321764162785e-01 1.077319291446466876e-01 1.211762401766056207e+00
7.677841321764162785e-01 1.077319291446466876e-01 1.211762401766056207e+00
7.717078433434285678e-01 1.025816076357276008e-01 1.206105004103710243e+00
7.732892741558726746e-01 1.014179702829847290e-01 1.202972547707046758e+00
7.755472763244871670e-01 9.801329736983942220e-02 1.199430878442970583e+00
7.755472763244871670e-01 9.801329736983942220e-02 1.199430878442970583e+00
7.776539172674474809e-01 9.650387373767820021e-02 1.195009927685287909e+00
7.797062826943300662e-01 9.420230138253619934e-02 1.191786402085652785e+00
7.812272608682330199e-01 9.222666265862014545e-02 1.188662738728691881e+00
7.812272608682330199e-01 9.222666265862014545e-02 1.188662738728691881e+00
7.834569722842184003e-01 8.983192567935603667e-02 1.184840031286681139e+00
7.849764617118920595e-01 8.748803718245527772e-02 1.181944066736333232e+00
7.871370720335948423e-01 8.575999346000549861e-02 1.178328655365673550e+00
7.871370720335948423e-01 8.575999346000549861e-02 1.178328655365673550e+00
7.891767685940654919e-01 8.317740600898122783e-02 1.174854581899070105e+00
7.900569769292995481e-01 8.165484386692967167e-02 1.172859375767451695e+00
7.922706332887059499e-01 7.882172822730713901e-02 1.169052074650136053e+00
7.922706332887059499e-01 7.882172822730713901e-02 1.169052074650136053e+00
7.940211678575114229e-01 7.608012643687389609e-02 1.166144667139552116e+00
7.950141374947965467e-01 7.541694149977748451e-02 1.163008340621197734e+00
7.965522864359207977e-01 7.334584302535004929e-02 1.160591001366550579e+00
7.976143782292017814e-01 7.144456818982442003e-02 1.158248753684599563e+00
7.987129521968266976e-01 7.061828174985512740e-02 1.155489943781929263e+00
7.987129521968266976e-01 7.061828174985512740e-02 1.155489943781929263e+00
7.999075852665861186e-01 6.705798399261857223e-02 1.153490449081343794e+00
8.015385349992113495e-01 6.706616429994542716e-02 1.149996202657135758e+00
8.015385349992113495e-01 6.706616429994542716e-02 1.149996202657135758e+00
8.024857673430451088e-01 6.360588758445567814e-02 1.147144677629410969e+00
8.030629412117954447e-01 6.304015151121002136e-02 1.145748580299682740e+00
8.046072015335556937e-01 6.140069813017375033e-02 1.141792466690097374e+00
8.052514161506962864e-01 5.975505471064970764e-02 1.139387243007294437e+00
8.062642352063408291e-01 5.735375609559433679e-02 1.136375303431386374e+00
8.067620197148356320e-01 5.710836597677645260e-02 1.134846421812875761e+00
8.072877781220153537e-01 5.714605089414302730e-02 1.133242022906306268e+00
8.079596501497648964e-01 5.564593146718225386e-02 1.130931723597553118e+00
8.079596501497648964e-01 5.564593146718225386e-02 1.130931723597553118e+00
8.087406246288383338e-01 5.536624191015232510e-02 1.127523618402694217e+00
8.087406246288383338e-01 5.536624191015232510e-02 1.127523618402694217e+00
8.101958161597864194e-01 5.338751803557495457e-02 1.122136135206065255e+00
8.110814475538136170e-01 5.280443704374161024e-02 1.119694252220202912e+00
8.110814475538136170e-01 5.280443704374161024e-02 1.119694252220202912e+00
8.120527755662962921e-01 5.209626792029051212e-02 1.115890952888448417e+00
8.124495271147480491e-01 5.201831553073670011e-02 1.114076907542789208e+00
8.126668539939471136e-01 5.081973443472377616e-02 1.113283643344674001e+00
8.134290857879189485e-01 5.097109736267616681e-02 1.110142546188119805e+00
8.139585702074247919e-01 5.033239052051011186e-02 1.107523071230424261e+00
8.142971725526465532e-01 5.017786513438950158e-02 1.106236950072097436e+00
8.147072325991514541e-01 4.989887262189784956e-02 1.104798820181987384e+00
8.147072325991514541e-01 4.989887262189784956e-02 1.104798820181987384e+00
8.155709506818753507e-01 4.890875466785427061e-02 1.100578858047689401e+00
8.160150979581834996e-01 4.885698484025427502e-02 1.099307779800716034e+00
8.160150979581834996e-01 4.885698484025427502e-02 1.099307779800716034e+00
8.171231811025634340e-01 4.706921771933278431e-02 1.095078310524617571e+00
8.171231811025634340e-01 4.706921771933278431e-02 1.095078310524617571e+00
8.179019817773184320e-01 4.601887581251146164e-02 1.090806147869130216e+00
8.184891873113742111e-01 4.440399633828789883e-02 1.087815889311910977e+00
8.184891873113742111e-01 4.440399633828789883e-02 1.087815889311910977e+00
8.187913563023795360e-01 4.370058029380480269e-02 1.086534749886102658e+00
8.191357773213151505e-01 4.296004863809026186e-02 1.085481429495790184e+00
8.191357773213151505e-01 4.296004863809026186e-02 1.085481429495790184e+00
8.193239571312168623e-01 4.316802143730147368e-02 1.084623253627590600e+00
8.195052745714828113e-01 4.226901143325392796e-02 1.083487474606051659e+00
8.195052745714828113e-01 4.226901143325392796e-02 1.083487474606051659e+00
8.201085914036012614e-01 4.064861365674904414e-02 1.082186480071294366e+00
8.201219997481641322e-01 4.092514519646624216e-02 1.081244672988586508e+00
8.204489265444226964e-01 3.933284417534888000e-02 1.079460290624085994e+00
8.204489265444226964e-01 3.933284417534888000e-02 1.079460290624085994e+00
8.209145167054576753e-01 3.894304640791598771e-02 1.077553644137226430e+00
8.210019289747676474e-01 3.877702424125667457e-02 1.076318083207239873e+00
8.212328037142615500e-01 3.769931651719954369e-02 1.075462257867686455e+00
8.212328037142615500e-01 3.769931651719954369e-02 1.075462257867686455e+00
8.214660651260503599e-01 3.658599760492760311e-02 1.074365238135131406e+00
8.217837645700076799e-01 3.601876452018050456e-02 1.072560071534983894e+00
8.217837645700076799e-01 3.601876452018050456e-02 1.072560071534983894e+00
8.221348515208031227e-01 3.605672204075703602e-02 1.071421634131118683e+00
8.224037708245623968e-01 3.534346688730030661e-02 1.069868345409769717e+00
8.224037708245623968e-01 3.534346688730030661e-02 1.069868345409769717e+00
8.227882933031789303e-01 3.460873159178463887e-02 1.067198258267578304e+00
8.227882933031789303e-01 3.460873159178463887e-02 1.067198258267578304e+00
8.231908258324829308e-01 3.407139027761092731e-02 1.065964225270306098e+00
8.232003205835753956e-01 3.343545452216058200e-02 1.064646773090865084e+00
8.233283690408750299e-01 3.403691518420279283e-02 1.064995913462282173e+00
8.233283690408750299e-01 3.403691518420279283e-02 1.064995913462282173e+00
8.235683759922649561e-01 3.456229467048392567e-02 1.064284061850301999e+00
8.238653835135876236e-01 3.578918655054180720e-02 1.063946929480386716e+00
8.242493829833749119e-01 3.565997056633404827e-02 1.064039116716999134e+00
8.246282414948051809e-01 3.762713917311014122e-02 1.063979586583503334e+00
8.249006692030875776e-01 3.866585338553391038e-02 1.065048017612670428e+00
8.254545111807274349e-01 3.922677329459514639e-02 1.064748322469633468e+00
8.262433076948457744e-01 3.923464276608683299e-02 1.065416049251043162e+00
8.269620086961093630e-01 4.130323335357150016e-02 1.065979428702152454e+00
8.269620086961093630e-01 4.130323335357150016e-02 1.065979428702152454e+00
8.284645015258815803e-01 4.195319737784612701e-02 1.066057003670717096e+00
8.295089902939195570e-01 4.265375856968525725e-02 1.066657913000340185e+00
8.308606708717154454e-01 4.222384992153482841e-02 1.066898150233015485e+00
8.308606708717154454e-01 4.222384992153482841e-02 1.066898150233015485e+00
8.323055035810651425e-01 4.309030253210872907e-02 1.067093646083623781e+00
8.334319663472018469e-01 4.373805004458219264e-02 1.067197223711817244e+00
8.348064502750274229e-01 4.243915731762097632e-02 1.066664871606889609e+00
8.348064502750274229e-01 4.243915731762097632e-02 1.066664871606889609e+00
8.362175434119706319e-01 4.278035957622945695e-02 1.065852423418716777e+00
8.373923163517567048e-01 4.189692978100219289e-02 1.064809332646230455e+00
8.381222049228053139e-01 4.255718051831834658e-02 1.063507791295072336e+00
8.387399171891437577e-01 4.222933733016631663e-02 1.062348216408220747e+00
8.387399171891437577e-01 4.222933733016631663e-02 1.062348216408220747e+00
8.395488354282513166e-01 4.193684943969015755e-02 1.060890766861833701e+00
8.401355292653638340e-01 4.130692311160842622e-02 1.058721909664918304e+00
8.405179773187057002e-01 4.167555095883784810e-02 1.056452179144145909e+00
8.410315978122042679e-01 4.060760310819315488e-02 1.054517413011704763e+00
8.410085520123194991e-01 4.256343827703648608e-02 1.052317966983172592e+00
8.410085520123194991e-01 4.256343827703648608e-02 1.052317966983172592e+00
8.415020666136799887e-01 4.230684608649051826e-02 1.049900180354802037e+00
8.415025016891378717e-01 4.249856814103562808e-02 1.049945906126534823e+00
8.415025016891378717e-01 4.249856814103562808e-02 1.049945906126534823e+00
8.417094374047285887e-01 4.204161916434434598e-02 1.048236726485466397e+00
8.421649748918865752e-01 4.133681624314533565e-02 1.043954262802266886e+00
8.425986213175568063e-01 4.225809977485570079e-02 1.042191001541939777e+00
8.428804010788940593e-01 4.233341429719679472e-02 1.037591486676407992e+00
8.428804010788940593e-01 4.233341429719679472e-02 1.037591486676407992e+00
8.434298625518065196e-01 4.225295537853317185e-02 1.034106518814441600e+00
8.434298625518065196e-01 4.225295537853317185e-02 1.034106518814441600e+00
8.435941055137640143e-01 4.240021484574811594e-02 1.030892359192464580e+00
8.435941055137640143e-01 4.240021484574811594e-02 1.030892359192464580e+00
8.438091898199614471e-01 4.250474773718614097e-02 1.029166309558974479e+00
8.441353964000698484e-01 4.209002669319758527e-02 1.028322196720181214e+00
8.441208728834338482e-01 4.270639912401139049e-02 1.026396828131257655e+00
8.443213422427623405e-01 4.333623278701655146e-02 1.025513884207558624e+00
8.442269838293235962e-01 4.297630192365424484e-02 1.024620708833671401e+00
8.442269838293235962e-01 4.297630192365424484e-02 1.024620708833671401e+00
8.444270322648035343e-01 4.312717841476469693e-02 1.023014036077272149e+00
8.444270322648035343e-01 4.312717841476469693e-02 1.023014036077272149e+00
8.446357997676179341e-01 4.329415944202294475e-02 1.020919248913362720e+00
8.446357997676179341e-01 4.329415944202294475e-02 1.020919248913362720e+00
8.448694524763681324e-01 4.330059639237955615e-02 1.019803301882490132e+00
8.448694524763681324e-01 4.330059639237955615e-02 1.019803301882490132e+00
8.446439087577285454e-01 4.348379607218023912e-02 1.020236976420529240e+00
8.446835070710957405e-01 4.208195554533027127e-02 1.020242232488828282e+00
8.446835070710957405e-01 4.208195554533027127e-02 1.020242232488828282e+00
8.447546574796255259e-01 4.265913945283024422e-02 1.020379663731431963e+00
8.446818287949751092e-01 4.258546622944787974e-02 1.020512263666799591e+00
8.447488993895152509e-01 4.277442444830679980e-02 1.019938291295807486e+00
8.445425869461680168e-01 4.284962211602665050e-02 1.020323604162934883e+00
8.445425869461680168e-01 4.284962211602665050e-02 1.020323604162934883e+00
8.448521316582278118e-01 4.269970834755031086e-02 1.019870745776991772e+00
8.448521316582278118e-01 4.269970834755031086e-02 1.019870745776991772e+00
8.448120877902368653e-01 4.296544987874006960e-02 1.020059667799213088e+00
8.448120877902368653e-01 4.296544987874006960e-02 1.020059667799213088e+00
8.447573795440566080e-01 4.290460062648500383e-02 1.020196516747687632e+00
8.446640138342310644e-01 4.206974626611928447e-02 1.020142082497541569e+00
8.447343112183550717e-01 4.311444958307709963e-02 1.020151331468172939e+00
8.446548486504706910e-01 4.218824345909617801e-02 1.020297214603363978e+00
8.446548486504706910e-01 4.218824345909617801e-02 1.020297214603363978e+00
8.445977621880967900e-01 4.251309582787046737e-02 1.020319545396247030e+00
8.448348982703305365e-01 4.227665843940661694e-02 1.019432783552586708e+00
8.447865707836607063e-01 4.295848119439332757e-02 1.020329934978939423e+00
8.447865707836607063e-01 4.295848119439332757e-02 1.020329934978939423e+00
8.446248086995238324e-01 4.277318600724079600e-02 1.020193212313348141e+00
8.446248086995238324e-01 4.277318600724079600e-02 1.020193212313348141e+00
8.447971658070642098e-01 4.251458255872195280e-02 1.020297946504009623e+00
8.447971658070642098e-01 4.251458255872195280e-02 1.020297946504009623e+00
8.447904279471727396e-01 4.254786822350244135e-02 1.020838969513295114e+00
8.447836878209312728e-01 4.221939707935010166e-02 1.020184342945746003e+00
8.447956034779131596e-01 4.273034452702670349e-02 1.019988220752865438e+00
8.447724525881132873e-01 4.188638090309258766e-02 1.019959118046938062e+00
8.448182288335527312e-01 4.309503132584659169e-02 1.020320659537370833e+00
8.448182288335527312e-01 4.309503132584659169e-02 1.020320659537370833e+00
8.445827967600377795e-01 4.321183178287094084e-02 1.020245497854910477e+00
8.447090797125917927e-01 4.309408738332023980e-02 1.019713631059345538e+00
8.444753100651630762e-01 4.388171875415869394e-02 1.020399766675923026e+00
8.444753100651630762e-01 4.388171875415869394e-02 1.020399766675923026e+00
8.446554720190200261e-01 4.241868865554154766e-02 1.020601328373843764e+00
8.447140436216127313e-01 4.237799805756287119e-02 1.020542489249093743e+00
8.447217814600844754e-01 4.273552881464479092e-02 1.020323358097274813e+00
8.447217814600844754e-01 4.273552881464479092e-02 1.020323358097274813e+00
8.447049586657178200e-01 4.296486407346278291e-02 1.020440595110877258e+00
8.446857925832752523e-01 4.215361891887342560e-02 1.020168035011012497e+00
8.445702697624150046e-01 4.303415024022545776e-02 1.020493668180070035e+00
8.445702697624150046e-01 4.303415024022545776e-02 1.020493668180070035e+00
8.445589047118720050e-01 4.258050096581149357e-02 1.020127739558999380e+00
8.446903695264929013e-01 4.390544906450227769e-02 1.020422745108584772e+00
8.445925860861895895e-01 4.270694174231905171e-02 1.020192078473444841e+00
8.447302740294242440e-01 4.308139785337096461e-02 1.020253646305274486e+00
8.447357285609391475e-01 4.282070126278653133e-02 1.020155281877907161e+00
8.448126919302367810e-01 4.204318469466696018e-02 1.020155190234820930e+00
8.446484999075074551e-01 4.371624540224122724e-02 1.020452352698486109e+00
8.447645701715417177e-01 4.330058082822740850e-02 1.020235017170733949e+00
8.449537154147376272e-01 4.284071881424890427e-02 1.019565715213270218e+00
8.449537154147376272e-01 4.284071881424890427e-02 1.019565715213270218e+00
8.447559910899410385e-01 4.260942588846752810e-02 1.020279082438104945e+00
8.448646311487030269e-01 4.367925266170322174e-02 1.020397316273535804e+00
8.448646311487030269e-01 4.367925266170322174e-02 1.020397316273535804e+00
8.448275725919967005e-01 4.301229960404874542e-02 1.020644398838276290e+00
8.448275725919967005e-01 4.301229960404874542e-02 1.020644398838276290e+00
8.447101614318668350e-01 4.357649639853353185e-02 1.020168866372969108e+00
8.447021862819141802e-01 4.283988745739709947e-02 1.020772162890584367e+00
8.447021862819141802e-01 4.283988745739709947e-02 1.020772162890584367e+00
8.446434429189793036e-01 4.328130348767440794e-02 1.020251833178231982e+00
8.446434429189793036e-01 4.328130348767440794e-02 1.020251833178231982e+00
8.447255321624410618e-01 4.276808969611939348e-02 1.020182957283245706e+00
8.447255321624410618e-01 4.276808969611939348e-02 1.020182957283245706e+00
8.447410932272610973e-01 4.328376209745608827e-02 1.019573381400255219e+00
8.448320908620904346e-01 4.263367061836251248e-02 1.020065874283565766e+00
8.447874373476812471e-01 4.268216442760147666e-02 1.019582373791838137e+00
8.447874373476812471e-01 4.268216442760147666e-02 1.019582373791838137e+00
8.446329401973021733e-01 4.377929628090061753e-02 1.019927807910591344e+00
8.446329401973021733e-01 4.377929628090061753e-02 1.019927807910591344e+00
8.447949686153539695e-01 4.266261394800714701e-02 1.020596272650688752e+00
8.447949686153539695e-01 4.266261394800714701e-02 1.020596272650688752e+00
8.447227308326112905e-01 4.260379405148953524e-02 1.020324808689639262e+00
8.447227308326112905e-01 4.260379405148953524e-02 1.020324808689639262e+00
8.448184218650535149e-01 4.321561473715951340e-02 1.020407650873643934e+00
8.449125140414640578e-01 4.274454777605594946e-02 1.019416913761875154e+00
8.447220922812574972e-01 4.334980598921940598e-02 1.019779429249892955e+00
8.447220922812574972e-01 4.334980598921940598e-02 1.019779429249892955e+00
8.447374260547264591e-01 4.354498113848834229e-02 1.020643903590275681e+00
8.447374260547264591e-01 4.354498113848834229e-02 1.020643903590275681e+00
8.447186641827564291e-01 4.292959772122216522e-02 1.020185462987220681e+00
8.447186641827564291e-01 4.292959772122216522e-02 1.020185462987220681e+00
8.447802248790718949e-01 4.344309416726467588e-02 1.020381742689822069e+00
8.446478205320384625e-01 4.238114752215510483e-02 1.020142082497541569e+00
8.447552095137907946e-01 4.350380491788846671e-02 1.020013549076547399e+00
8.446833396028865515e-01 4.288097680922124677e-02 1.020399374219195465e+00
8.445585976833296371e-01 4.291122416061618483e-02 1.020542732647277351e+00
8.447309722888604044e-01 4.209212037069755274e-02 1.020100308922901933e+00
8.448151450092142856e-01 4.331790338647212302e-02 1.020284460514107483e+00
8.446523344518609422e-01 4.369595721825275669e-02 1.020450502153361860e+00
8.446523344518609422e-01 4.369595721825275669e-02 1.020450502153361860e+00
8.446855658336983597e-01 4.367676618039550984e-02 1.019841659193995609e+00
8.446855658336983597e-01 4.367676618039550984e-02 1.019841659193995609e+00
8.448238404528403134e-01 4.246114133441185323e-02 1.019996012306378042e+00
8.448238404528403134e-01 4.246114133441185323e-02 1.019996012306378042e+00
8.448675374196816801e-01 4.270720810945576040e-02 1.020369178148903044e+00
8.448675374196816801e-01 4.270720810945576040e-02 1.020369178148903044e+00
8.448023327288132212e-01 4.292373918985603609e-02 1.020049267299115048e+00
8.448023327288132212e-01 4.292373918985603609e-02 1.020049267299115048e+00
8.447293299330819183e-01 4.270543096558440666e-02 1.020400349887038427e+00
8.446945423424049304e-01 4.327110402174409731e-02 1.020100846989421051e+00
8.446652558173891601e-01 4.338003117941369169e-02 1.019896588067346066e+00
8.447738553035408771e-01 4.277041659337135759e-02 1.019633811123652034e+00
8.448060483942071430e-01 4.359934793471911818e-02 1.020361383331600758e+00
8.448060483942071430e-01 4.359934793471911818e-02 1.020361383331600758e+00
8.447417172637022853e-01 4.297828885563892420e-02 1.019729384700248431e+00
8.447417172637022853e-01 4.297828885563892420e-02 1.019729384700248431e+00
8.448120188189061075e-01 4.310031044142380308e-02 1.020652891171935250e+00
8.448524283096682241e-01 4.414513878634324096e-02 1.020211213446344578e+00
8.448524283096682241e-01 4.414513878634324096e-02 1.020211213446344578e+00
8.447162135354642221e-01 4.300649008422129105e-02 1.020562550005578828e+00
8.447162135354642221e-01 4.300649008422129105e-02 1.020562550005578828e+00
8.447120654709598941e-01 4.359127449671984511e-02 1.020641921892851300e+00
8.447120654709598941e-01 4.359127449671984511e-02 1.020641921892851300e+00
8.446427646219887286e-01 4.298713557248998174e-02 1.020250615410140060e+00
8.447304313989856261e-01 4.481124104371103645e-02 1.019589667181177939e+00
8.445929769202698001e-01 4.404200755271860113e-02 1.020368473755481009e+00
8.445929769202698001e-01 4.404200755271860113e-02 1.020368473755481009e+00
8.446438232108914868e-01 4.343078209913742160e-02 1.020471269183650831e+00
8.446438232108914868e-01 4.343078209913742160e-02 1.020471269183650831e+00
8.446572938049468071e-01 4.343791312130197702e-02 1.019997126126917841e+00
8.446864450450840556e-01 4.419853549677543736e-02 1.020383196553247274e+00
8.446561055039076837e-01 4.363326628685922082e-02 1.020660558500651183e+00
8.446561055039076837e-01 4.363326628685922082e-02 1.020660558500651183e+00
8.447522687344634074e-01 4.334293774830581814e-02 1.019857766702131130e+00
8.447522687344634074e-01 4.334293774830581814e-02 1.019857766702131130e+00
8.446917012263730484e-01 4.262742177613987327e-02 1.020522917760156023e+00
8.446917012263730484e-01 4.262742177613987327e-02 1.020522917760156023e+00
8.448185348402111883e-01 4.329376342877919170e-02 1.020721338704232650e+00
8.448185348402111883e-01 4.329376342877919170e-02 1.020721338704232650e+00
8.448177475089775346e-01 4.306974244878215841e-02 1.019734649277589833e+00
8.445764592513143043e-01 4.368227315934820887e-02 1.020602732244716204e+00
8.446599343918745895e-01 4.354540766665043749e-02 1.020417526485301485e+00
8.447437588305349854e-01 4.355418156487439463e-02 1.019945864733886154e+00
8.447437588305349854e-01 4.355418156487439463e-02 1.019945864733886154e+00
8.448000872698946395e-01 4.359409021452431698e-02 1.019779525522306107e+00
8.447856206476932472e-01 4.334853357271281626e-02 1.019781707184119757e+00
8.447856206476932472e-01 4.334853357271281626e-02 1.019781707184119757e+00
8.447085488472549919e-01 4.298682600200443016e-02 1.020281248640514615e+00
8.447085488472549919e-01 4.298682600200443016e-02 1.020281248640514615e+00
8.447412933317268724e-01 4.424584848161855488e-02 1.020544414013389911e+00
8.447412933317268724e-01 4.424584848161855488e-02 1.020544414013389911e+00
8.447577763193063749e-01 4.310327871447867942e-02 1.020620147986386117e+00
8.447718208584021893e-01 4.264201244914679612e-02 1.020380571318497021e+00
8.447718208584021893e-01 4.264201244914679612e-02 1.020380571318497021e+00
8.448994871495849601e-01 4.295372201833107251e-02 1.019563046660021843e+00
8.447526658671543620e-01 4.335391561369525415e-02 1.019804576264187634e+00
8.447526658671543620e-01 4.335391561369525415e-02 1.019804576264187634e+00
8.448588608140904510e-01 4.356436931621190944e-02 1.019690145759452271e+00
8.446332276236179215e-01 4.373701497428506002e-02 1.020108595711686217e+00
8.447743061223826899e-01 4.334223152699942516e-02 1.020253173240182498e+00
8.446804005896655365e-01 4.332367562394859317e-02 1.019642644880931481e+00
8.446399123857991631e-01 4.382029781108733035e-02 1.018935340489150576e+00
8.447477456526111261e-01 4.243694359528102367e-02 1.020232111221826665e+00
8.447477456526111261e-01 4.243694359528102367e-02 1.020232111221826665e+00
8.448254820872691528e-01 4.308983751124582928e-02 1.020938266581086662e+00
8.447867501367422038e-01 4.301177129730579529e-02 1.020072873921680889e+00
8.447482899792503330e-01 4.263563333160293178e-02 1.020648120656061142e+00
8.448082208049032538e-01 4.250644333293032706e-02 1.020208021123832465e+00
8.448543132724682936e-01 4.291645805125876567e-02 1.020530530324456731e+00
8.448543132724682936e-01 4.291645805125876567e-02 1.020530530324456731e+00
8.447760122022754947e-01 4.401378058292929052e-02 1.020001009580128404e+00
8.447083378442012958e-01 4.349104030846841218e-02 1.020518130708295335e+00
8.448111159522009306e-01 4.406241997912443975e-02 1.019771724183757833e+00
8.448111159522009306e-01 4.406241997912443975e-02 1.019771724183757833e+00
8.446612391055885460e-01 4.409257011202410981e-02 1.020516991721206246e+00
8.446612391055885460e-01 4.409257011202410981e-02 1.020516991721206246e+00
8.445807494693038375e-01 4.316883859052600414e-02 1.020428866802212564e+00
8.448763022812989520e-01 4.237294336635986924e-02 1.019566653661377664e+00
8.447487976277585631e-01 4.287003010706082196e-02 1.019484762624785157e+00
8.446528998076729966e-01 4.324503036756945085e-02 1.019956513407607401e+00
8.447482030419780630e-01 4.306549980102712671e-02 1.020163494450587294e+00
8.447482030419780630e-01 4.306549980102712671e-02 1.020163494450587294e+00
8.447504598665335207e-01 4.313345692888312377e-02 1.019552830784455910e+00
8.448011389206327992e-01 4.309788832198387099e-02 1.019836635922865442e+00
8.447383272264995524e-01 4.306615853684386819e-02 1.019964582047594659e+00
8.447828869016354991e-01 4.252786822929581489e-02 1.019822074408355039e+00
8.447828869016354991e-01 4.252786822929581489e-02 1.019822074408355039e+00
8.447397663925753086e-01 4.353509155156687349e-02 1.019750257831778750e+00
8.444905763986040315e-01 4.260811493394928151e-02 1.020277875866484774e+00
8.444905763986040315e-01 4.260811493394928151e-02 1.020277875866484774e+00
8.446982601589619888e-01 4.341354161776612985e-02 1.020013186396058424e+00
8.446160785469378762e-01 4.317487194590710620e-02 1.020372747322946250e+00
8.446160785469378762e-01 4.317487194590710620e-02 1.020372747322946250e+00
8.448131841476863579e-01 4.328552878001759585e-02 1.020399016649907953e+00
8.448581936269971004e-01 4.341468632862156840e-02 1.020445852782974061e+00
8.448581936269971004e-01 4.341468632862156840e-02 1.020445852782974061e+00
8.446084012857413281e-01 4.270080872992433607e-02 1.020051015356549629e+00
8.447731107038263243e-01 4.304708574417413780e-02 1.020328044376739740e+00
8.447984534060730688e-01 4.295838607642012141e-02 1.020510976863581387e+00
8.447984534060730688e-01 4.295838607642012141e-02 1.020510976863581387e+00
8.447154032482085961e-01 4.328714548362211367e-02 1.020750314303876971e+00
8.447154032482085961e-01 4.328714548362211367e-02 1.020750314303876971e+00
8.446148682205111280e-01 4.244030655641273242e-02 1.024595077462166159e+00
8.446148682205111280e-01 4.244030655641273242e-02 1.024595077462166159e+00
8.435503992761881342e-01 4.230682055522234919e-02 1.031281350695767429e+00
8.433521449772326539e-01 4.202308001051927033e-02 1.034497069902105437e+00
8.428846520547675913e-01 4.283538814789877858e-02 1.038805155756504117e+00
8.423736339929684958e-01 4.258287285804897293e-02 1.043188176928671496e+00
8.417501733227722438e-01 4.209723461699133029e-02 1.046854877287037189e+00
8.417501733227722438e-01 4.209723461699133029e-02 1.046854877287037189e+00
8.399001683289558651e-01 4.193025821590817825e-02 1.061483906370773056e+00
8.399001683289558651e-01 4.193025821590817825e-02 1.061483906370773056e+00
8.378029458623201808e-01 4.175605603270855781e-02 1.073763861232653216e+00
8.362882235527712149e-01 4.151034848659561349e-02 1.082074183228030950e+00
8.362882235527712149e-01 4.151034848659561349e-02 1.082074183228030950e+00
8.346954861704513062e-01 4.027475267564094297e-02 1.091433662238419311e+00
8.330346937638302141e-01 4.039364296373448848e-02 1.099824896443226674e+00
8.330346937638302141e-01 4.039364296373448848e-02 1.099824896443226674e+00
8.311050206604533308e-01 3.882347124696221286e-02 1.108717852420771033e+00
8.299730882378550945e-01 3.832418601565718008e-02 1.114383805938047756e+00
8.285318163569285188e-01 3.818671518910891904e-02 1.119958056040432304e+00
8.265863744167448735e-01 3.893554766787980792e-02 1.127611935617855332e+00
8.249612226427609496e-01 3.759416112716147673e-02 1.133995651690504536e+00
8.249612226427609496e-01 3.759416112716147673e-02 1.133995651690504536e+00
8.227088502471930909e-01 3.767793838082519886e-02 1.142700882698688858e+00
8.211876269524815974e-01 3.658000034221657593e-02 1.148250133570417830e+00
8.196424475858069547e-01 3.697746461954061481e-02 1.153433668882027252e+00
8.196424475858069547e-01 3.697746461954061481e-02 1.153433668882027252e+00
8.173380245972988734e-01 3.553124650200167878e-02 1.161184798842076704e+00
8.124688952739970160e-01 3.405454686746800519e-02 1.175925806850620869e+00
8.124688952739970160e-01 3.405454686746800519e-02 1.175925806850620869e+00
8.081074063058982793e-01 3.381390754107910235e-02 1.189107954251202859e+00
8.068211780599444660e-01 3.245165952035836132e-02 1.192800985552886273e+00
8.068211780599444660e-01 3.245165952035836132e-02 1.192800985552886273e+00
8.049423972110282266e-01 3.172390856625519062e-02 1.198301949941686262e+00
8.039057385295772518e-01 3.166094781275445580e-02 1.200882411165490771e+00
8.025510808723810285e-01 3.126402395313726545e-02 1.204675163275269689e+00
8.005701411524213107e-01 3.167986677801536144e-02 1.209297971723162002e+00
7.998779882137428965e-01 3.031880784776415025e-02 1.211721994561698601e+00
7.998779882137428965e-01 3.031880784776415025e-02 1.211721994561698601e+00
7.982221741387568459e-01 3.067648832812374868e-02 1.215438260274393611e+00
7.982221741387568459e-01 3.067648832812374868e-02 1.215438260274393611e+00
7.960540068695500793e-01 3.091433870339546294e-02 1.221198140235898455e+00
7.960540068695500793e-01 3.091433870339546294e-02 1.221198140235898455e+00
7.934191051450212306e-01 3.024132998805217562e-02 1.227005650978613582e+00
7.934191051450212306e-01 3.024132998805217562e-02 1.227005650978613582e+00
7.922559400789533912e-01 2.971769404963011882e-02 1.230102169032870396e+00
7.916563871876532987e-01 2.830959161172370495e-02 1.231927936791289646e+00
7.898614924043497743e-01 2.894593746301798651e-02 1.235557138104213859e+00
7.891527012449552902e-01 2.768835551928928648e-02 1.237522404538188958e+00
7.882955235891313528e-01 2.781435645032485568e-02 1.239194262865538132e+00
7.882955235891313528e-01 2.781435645032485568e-02 1.239194262865538132e+00
7.871325868974063944e-01 2.763795767025532465e-02 1.241988434644681449e+00
7.871325868974063944e-01 2.763795767025532465e-02 1.241988434644681449e+00
7.855319916581134931e-01 2.807231953231234187e-02 1.245715569227666242e+00
7.855319916581134931e-01 2.807231953231234187e-02 1.245715569227666242e+00
7.828208173246107293e-01 2.697008531509844861e-02 1.251671722545480536e+00
7.824298985085639258e-01 2.703812426786171216e-02 1.252667523002896743e+00
7.815292113641065797e-01 2.717325894556060425e-02 1.253864390124033612e+00
7.810958103469453073e-01 2.550420872324526619e-02 1.254817231645261710e+00
7.810958103469453073e-01 2.550420872324526619e-02 1.254817231645261710e+00
7.795499552557800804e-01 2.597817102235538619e-02 1.257024043731453933e+00
7.780378064459899656e-01 2.706961797361858921e-02 1.258120673529220523e+00
7.780378064459899656e-01 2.706961797361858921e-02 1.258120673529220523e+00
7.769538980273424933e-01 2.709096970174270855e-02 1.258266794906616637e+00
7.760053905802708485e-01 2.822661222415427315e-02 1.258552966109616200e+00
7.747169230925515793e-01 2.909580278208529977e-02 1.258887245975201630e+00
7.747169230925515793e-01 2.909580278208529977e-02 1.258887245975201630e+00
7.736441393731212646e-01 2.905885131877781677e-02 1.257631702219556225e+00
7.728083353416815848e-01 3.001148181198539863e-02 1.257208042946038162e+00
7.711627486671341902e-01 3.039693976614772294e-02 1.258067392988301059e+00
7.711627486671341902e-01 3.039693976614772294e-02 1.258067392988301059e+00
7.699410869914381506e-01 3.293015018949707606e-02 1.257104559290488810e+00
7.684364008591876294e-01 3.658710780473226065e-02 1.256610943415131132e+00
7.684364008591876294e-01 3.658710780473226065e-02 1.256610943415131132e+00
7.671911190723196272e-01 3.938448283988398718e-02 1.255959831443046681e+00
7.659284722048348426e-01 4.345104266237009155e-02 1.254873830049222594e+00
7.659284722048348426e-01 4.345104266237009155e-02 1.254873830049222594e+00
7.649279509221189599e-01 4.552252455635350664e-02 1.254045616731459756e+00
7.634493239901103401e-01 4.891813506325540239e-02 1.252735777949644191e+00
7.620704591819738027e-01 5.294357844188481849e-02 1.252914463435000236e+00
7.616097080555453980e-01 5.625636075032047767e-02 1.251336320096043231e+00
7.596967285187075092e-01 5.923800375018367648e-02 1.251565991165799030e+00
7.587460625161626115e-01 6.188594401667191214e-02 1.250623017965238004e+00
7.578221418207778948e-01 6.462084664601337736e-02 1.250150474780345577e+00
7.561398510594089517e-01 6.845442203519509772e-02 1.249506747768370563e+00
7.561398510594089517e-01 6.845442203519509772e-02 1.249506747768370563e+00
7.548366716371529561e-01 7.274832138716816332e-02 1.247993073882660342e+00
7.536857703359175487e-01 7.590375132556002880e-02 1.247798626594362581e+00
7.536857703359175487e-01 7.590375132556002880e-02 1.247798626594362581e+00
7.520392236039623590e-01 8.034443192490819952e-02 1.246892746556611087e+00
7.520392236039623590e-01 8.034443192490819952e-02 1.246892746556611087e+00
7.500188165540637719e-01 8.628994275509517531e-02 1.244648140539648562e+00
7.500188165540637719e-01 8.628994275509517531e-02 1.244648140539648562e+00
7.472929631573260734e-01 9.170560320030231305e-02 1.244155265926166543e+00
7.472929631573260734e-01 9.170560320030231305e-02 1.244155265926166543e+00
7.438151843361497928e-01 9.868867785266698112e-02 1.243210411710478747e+00
7.399841162476223921e-01 1.069506690386590464e-01 1.240670705129629958e+00
7.366167400301061319e-01 1.131101244402496070e-01 1.239377174573127238e+00
7.349667119751467359e-01 1.158096754300198955e-01 1.239212106424443904e+00
7.336242471911551544e-01 1.189414673596120714e-01 1.238516536172508342e+00
7.315031124427451292e-01 1.219430845753012860e-01 1.237699899695168693e+00
7.315031124427451292e-01 1.219430845753012860e-01 1.237699899695168693e+00
7.292151581648915748e-01 1.244820133048894772e-01 1.237087176710214953e+00
7.281584198766027916e-01 1.264256941594435746e-01 1.236209233695995779e+00
7.260923201750693057e-01 1.283471392666399036e-01 1.235284133728002942e+00
7.260923201750693057e-01 1.283471392666399036e-01 1.235284133728002942e+00
7.240507470864335771e-01 1.324359150912189365e-01 1.234239805502708842e+00
7.218634476503853481e-01 1.344416697203831557e-01 1.233220552243747381e+00
7.218634476503853481e-01 1.344416697203831557e-01 1.233220552243747381e+00
7.196340315104122753e-01 1.355147747160350968e-01 1.233039569613418429e+00
7.173515900795272016e-01 1.379317877826889138e-01 1.232411159083824703e+00
7.159289074007160192e-01 1.389981908175647041e-01 1.231605242644104869e+00
7.159289074007160192e-01 1.389981908175647041e-01 1.231605242644104869e+00
7.143660566210888740e-01 1.404582811953102306e-01 1.230283586378860816e+00
7.129031137842398724e-01 1.419581718417376737e-01 1.230026282495021217e+00
7.112834807761511113e-01 1.418655638218569992e-01 1.230115068063523331e+00
7.112834807761511113e-01 1.418655638218569992e-01 1.230115068063523331e+00
7.101493999041352811e-01 1.428732351335343931e-01 1.229482067412654978e+00
7.101493999041352811e-01 1.428732351335343931e-01 1.229482067412654978e+00
7.055801863890751591e-01 1.456521628081763886e-01 1.227860406770110657e+00
7.055801863890751591e-01 1.456521628081763886e-01 1.227860406770110657e+00
7.027254822236541631e-01 1.454283192744234010e-01 1.227208163622865111e+00
7.007807153993390603e-01 1.472356121810705631e-01 1.226448662682462221e+00
7.007807153993390603e-01 1.472356121810705631e-01 1.226448662682462221e+00
6.992406577629655118e-01 1.458705631523033730e-01 1.226450862965357880e+00
6.972688046876032164e-01 1.459309269300753387e-01 1.226711901408240601e+00
6.969029315267664115e-01 1.462152880427873280e-01 1.225166122327107088e+00
6.969029315267664115e-01 1.462152880427873280e-01 1.225166122327107088e+00
6.955574794993851784e-01 1.465112093999956233e-01 1.225915752271724779e+00
6.955574794993851784e-01 1.465112093999956233e-01 1.225915752271724779e+00
6.930439401061999627e-01 1.470268589635631562e-01 1.224940237862699233e+00
6.930439401061999627e-01 1.470268589635631562e-01 1.224940237862699233e+00
6.911048379459702184e-01 1.480505230342417100e-01 1.224060828792993050e+00
6.911048379459702184e-01 1.480505230342417100e-01 1.224060828792993050e+00
6.900189845521775833e-01 1.468769411693013616e-01 1.224446251340812530e+00
6.889424661102300229e-01 1.466009730159225644e-01 1.224473897362985841e+00
6.884643082787865742e-01 1.471004823821203122e-01 1.224106193208820637e+00
6.884643082787865742e-01 1.471004823821203122e-01 1.224106193208820637e+00
6.883896830392638444e-01 1.472971128334358559e-01 1.223022519078325487e+00
6.883896830392638444e-01 1.472971128334358559e-01 1.223022519078325487e+00
6.874964787470284611e-01 1.473360758181386510e-01 1.222986708867126016e+00
6.874964787470284611e-01 1.473360758181386510e-01 1.222986708867126016e+00
6.865433878972482251e-01 1.470923497675425684e-01 1.223105700188822142e+00
6.865433878972482251e-01 1.470923497675425684e-01 1.223105700188822142e+00
6.863484841095388589e-01 1.463604020868602140e-01 1.223277129299036092e+00
6.863484841095388589e-01 1.463604020868602140e-01 1.223277129299036092e+00
6.862628705382288752e-01 1.473829218052627732e-01 1.222897657891922396e+00
6.865151174338854911e-01 1.471679695836556889e-01 1.223031057210003381e+00
6.862381570009760123e-01 1.464938630891761129e-01 1.223695769879757922e+00
6.862193789223948182e-01 1.473251372866135334e-01 1.223117584922999601e+00
6.863337760230803219e-01 1.475021918893401895e-01 1.223325578724598461e+00
6.862621437665261670e-01 1.473314115655304235e-01 1.223205971674696801e+00
6.864112677045336453e-01 1.469627746082332598e-01 1.223021835416163050e+00
6.863417226420855943e-01 1.480063658204926469e-01 1.222766483347177191e+00
6.863417226420855943e-01 1.480063658204926469e-01 1.222766483347177191e+00
6.863990057038426018e-01 1.468223590330855477e-01 1.222953866427014313e+00
6.864918309555878562e-01 1.471145666324224222e-01 1.223081587514429192e+00
6.862731476932374397e-01 1.472346864973336500e-01 1.223110548824777322e+00
6.865799679618664886e-01 1.467316821920872094e-01 1.222626714447733187e+00
6.865410449435026541e-01 1.454878780099854441e-01 1.222304402675462587e+00
6.865410449435026541e-01 1.454878780099854441e-01 1.222304402675462587e+00
6.868559645182831241e-01 1.450370841348185558e-01 1.221456022163841304e+00
6.867511395299340515e-01 1.446988509005847079e-01 1.220327132010711635e+00
6.867511395299340515e-01 1.446988509005847079e-01 1.220327132010711635e+00
6.871217350164836590e-01 1.425231306773426798e-01 1.218895769494203973e+00
6.880347815047459514e-01 1.416351866633367429e-01 1.216130470433215427e+00
6.880347815047459514e-01 1.416351866633367429e-01 1.216130470433215427e+00
6.891792031593997336e-01 1.399935227440077534e-01 1.212906731066081711e+00
6.899392750136037478e-01 1.392109318105609339e-01 1.209340573969110988e+00
6.908864916752911478e-01 1.387362573737556948e-01 1.205911934904061455e+00
6.922131380602110085e-01 1.374521786007893709e-01 1.203345882238516795e+00
6.922131380602110085e-01 1.374521786007893709e-01 1.203345882238516795e+00
6.936823879309860219e-01 1.376128715091673449e-01 1.197941888747364070e+00
6.972089527209553994e-01 1.369085282190662112e-01 1.187988100222995058e+00
7.005711510269159170e-01 1.385308599368788030e-01 1.177910694856555862e+00
7.015990281362672887e-01 1.384556665088432226e-01 1.175343746454289739e+00
7.015990281362672887e-01 1.384556665088432226e-01 1.175343746454289739e+00
7.035429333214766601e-01 1.384378318610207659e-01 1.169828550260583633e+00
7.051601210617974846e-01 1.389563927891506179e-01 1.166018964954679271e+00
7.069977062707594184e-01 1.398681337773030331e-01 1.160510680531741556e+00
7.083990624868848895e-01 1.408054866076446643e-01 1.155612065280634093e+00
7.097438492508492125e-01 1.402077904486196958e-01 1.151769669838597521e+00
7.097438492508492125e-01 1.402077904486196958e-01 1.151769669838597521e+00
7.113379491530099630e-01 1.417039985419839554e-01 1.146666852031786643e+00
7.113379491530099630e-01 1.417039985419839554e-01 1.146666852031786643e+00
7.141911536315994624e-01 1.427735613487278177e-01 1.137243024077490228e+00
7.164490354731241073e-01 1.438549393509410135e-01 1.129467947657061266e+00
7.186807480448025309e-01 1.456784855346413277e-01 1.120249823799827515e+00
7.186807480448025309e-01 1.456784855346413277e-01 1.120249823799827515e+00
7.197452138054237780e-01 1.458155114643532868e-01 1.116799003671178792e+00
7.205645244570597630e-01 1.470259436380517981e-01 1.113037975269998148e+00
7.205645244570597630e-01 1.470259436380517981e-01 1.113037975269998148e+00
7.210735795260703185e-01 1.479605227750876439e-01 1.110088283705753298e+00
7.213624061232927209e-01 1.512544891971226713e-01 1.106110332412115316e+00
7.216336501846247753e-01 1.525659193240184730e-01 1.105010447304898058e+00
7.220078532434196505e-01 1.531095424718225684e-01 1.102493323196062303e+00
7.219550117571609249e-01 1.556246455607186996e-01 1.100029692485025912e+00
7.219550117571609249e-01 1.556246455607186996e-01 1.100029692485025912e+00
7.215865155462017899e-01 1.597217776963067715e-01 1.097022251348490407e+00
7.216692965360615997e-01 1.611875666860437817e-01 1.095607740402345653e+00
7.217363593690226953e-01 1.635980169206785739e-01 1.093630863957700150e+00
7.217363593690226953e-01 1.635980169206785739e-01 1.093630863957700150e+00
7.212612585066138227e-01 1.661619018445218421e-01 1.092789171385887048e+00
7.209887448993159698e-01 1.684840877932748393e-01 1.090912045530566754e+00
7.209887448993159698e-01 1.684840877932748393e-01 1.090912045530566754e+00
7.209359712574002765e-01 1.697666476759107090e-01 1.089558412890657912e+00
7.205832262380114095e-01 1.725064852477816713e-01 1.088769387114733922e+00
7.206894687936844512e-01 1.738662979591031887e-01 1.087353035669343271e+00
7.204226328739474772e-01 1.751628848838823749e-01 1.087119404972838765e+00
7.204226328739474772e-01 1.751628848838823749e-01 1.087119404972838765e+00
7.204111084070968785e-01 1.767898680268699674e-01 1.085090127397647208e+00
7.202551802982917195e-01 1.778384729441711276e-01 1.084001945150688595e+00
7.202551802982917195e-01 1.778384729441711276e-01 1.084001945150688595e+00
7.206448943258678685e-01 1.784239669897461633e-01 1.081901469957403439e+00
7.206448943258678685e-01 1.784239669897461633e-01 1.081901469957403439e+00
7.207171376282344166e-01 1.799231311700476565e-01 1.079747564866849530e+00
7.207171376282344166e-01 1.799231311700476565e-01 1.079747564866849530e+00
7.213829977366303936e-01 1.810894488615756581e-01 1.076199563884070898e+00
7.213829977366303936e-01 1.810894488615756581e-01 1.076199563884070898e+00
7.218340547371426830e-01 1.821690318285292820e-01 1.072509493727009655e+00
7.218340547371426830e-01 1.821690318285292820e-01 1.072509493727009655e+00
7.219025434202899216e-01 1.824067462824538743e-01 1.070271559689396579e+00
7.221296071678290351e-01 1.825491461912642499e-01 1.069326126889128092e+00
7.225712049825078198e-01 1.826390994470585560e-01 1.067854230588980879e+00
7.231186895679587723e-01 1.826930130809765185e-01 1.066327906294522787e+00
7.231186895679587723e-01 1.826930130809765185e-01 1.066327906294522787e+00
7.231414790647244795e-01 1.839077982392224309e-01 1.066165841979207052e+00
7.231749474898687691e-01 1.857370512094467518e-01 1.065676824310914039e+00
7.231749474898687691e-01 1.857370512094467518e-01 1.065676824310914039e+00
7.237455799257865863e-01 1.870580837795126905e-01 1.063756094892850168e+00
7.240061742089055619e-01 1.883072173709093577e-01 1.063443482006133811e+00
7.244104046125838803e-01 1.891898871467805054e-01 1.063514758815073513e+00
7.246123148709094908e-01 1.912370963249901135e-01 1.062357493796465935e+00
7.246123148709094908e-01 1.912370963249901135e-01 1.062357493796465935e+00
7.250013815988179955e-01 1.929277048432530284e-01 1.061572862081688884e+00
7.254397526722999867e-01 1.941332501606478633e-01 1.060807747979470195e+00
7.254397526722999867e-01 1.941332501606478633e-01 1.060807747979470195e+00
7.257493258988955143e-01 1.949679881134168680e-01 1.059700640650812264e+00
7.258438653136759511e-01 1.956078958987254868e-01 1.059486692854028522e+00
7.260389386723580252e-01 1.965187756805528707e-01 1.058559975715737345e+00
7.263037220577560626e-01 1.970364394455558499e-01 1.056020746083507600e+00
7.266590614355273869e-01 1.973687911499014958e-01 1.054215415296339220e+00
7.266590614355273869e-01 1.973687911499014958e-01 1.054215415296339220e+00
7.269154608616168467e-01 1.967680135504066841e-01 1.052471223904068776e+00
7.271748589406694663e-01 1.968257797337988335e-01 1.050880691467218631e+00
7.271748589406694663e-01 1.968257797337988335e-01 1.050880691467218631e+00
7.275031220990705316e-01 1.967453087512067156e-01 1.049386934446447039e+00
7.275031220990705316e-01 1.967453087512067156e-01 1.049386934446447039e+00
7.277520705366294917e-01 1.977240432263198677e-01 1.047028578821904921e+00
7.277520705366294917e-01 1.977240432263198677e-01 1.047028578821904921e+00
7.278664414313653630e-01 1.976667024721352195e-01 1.045207745543252020e+00
7.278664414313653630e-01 1.976667024721352195e-01 1.045207745543252020e+00
7.282402833858122593e-01 1.972779007422917619e-01 1.043447589575865919e+00
7.282402833858122593e-01 1.972779007422917619e-01 1.043447589575865919e+00
7.280728083967781261e-01 1.976128497230155989e-01 1.043468209473997099e+00
7.284333913495969481e-01 1.970909447076811261e-01 1.042823814904733748e+00
7.285616856186518664e-01 1.972133209645712537e-01 1.042566466462394592e+00
7.285616856186518664e-01 1.972133209645712537e-01 1.042566466462394592e+00
7.283215065363423113e-01 1.976385721503345627e-01 1.043158157240764883e+00
7.284790043578062146e-01 1.970745752126396855e-01 1.041795872870945328e+00
7.284983777301881069e-01 1.970239750936606804e-01 1.042334018024636766e+00
7.283453031092211871e-01 1.982791948308804952e-01 1.041703623514909527e+00
7.282222115084194813e-01 1.975433031088977276e-01 1.042392874147733295e+00
7.282795127069726648e-01 1.975068212180079164e-01 1.042288263790614122e+00
7.282795127069726648e-01 1.975068212180079164e-01 1.042288263790614122e+00
7.284741597502479848e-01 1.974364630661533115e-01 1.041834173643565009e+00
7.284741597502479848e-01 1.974364630661533115e-01 1.041834173643565009e+00
7.285250978431895286e-01 1.967937187615302064e-01 1.042047244113432747e+00
7.285250978431895286e-01 1.967937187615302064e-01 1.042047244113432747e+00
7.284937018497756878e-01 1.971263997634317700e-01 1.041823590091460083e+00
7.284937018497756878e-01 1.971263997634317700e-01 1.041823590091460083e+00
7.284095567244737168e-01 1.974371826684100661e-01 1.041856664341086258e+00
7.284095567244737168e-01 1.974371826684100661e-01 1.041856664341086258e+00
7.284523942959845177e-01 1.967280434395693722e-01 1.042313876551889340e+00
7.282104439605271429e-01 1.976031080624373049e-01 1.041839723924700145e+00
7.285138059764235674e-01 1.976480174499244402e-01 1.041857083591047450e+00
7.284863098103264711e-01 1.965733607103364033e-01 1.042090622871325811e+00
7.284863098103264711e-01 1.965733607103364033e-01 1.042090622871325811e+00
7.285565933753219703e-01 1.970655578361138194e-01 1.041875195276015020e+00
7.284593666409377999e-01 1.971348559038339776e-01 1.041991750860459698e+00
7.284593666409377999e-01 1.971348559038339776e-01 1.041991750860459698e+00
7.285977192582406836e-01 1.971229681826477120e-01 1.041967120029144267e+00
7.285977192582406836e-01 1.971229681826477120e-01 1.041967120029144267e+00
7.283092535292539083e-01 1.977352054935885006e-01 1.041939593694738431e+00
7.283092535292539083e-01 1.977352054935885006e-01 1.041939593694738431e+00
7.284845211347853455e-01 1.972431858127393356e-01 1.041980066106855674e+00
7.284921367738801390e-01 1.974431459213979168e-01 1.041639255172138956e+00
7.284921367738801390e-01 1.974431459213979168e-01 1.041639255172138956e+00
7.282567862025252081e-01 1.978597488257824166e-01 1.042259181857745798e+00
7.282567862025252081e-01 1.978597488257824166e-01 1.042259181857745798e+00
7.283759311008651816e-01 1.976448254422588369e-01 1.042587282472166921e+00
7.284543270964104478e-01 1.979371522735087208e-01 1.041587615827816560e+00
7.284543270964104478e-01 1.979371522735087208e-01 1.041587615827816560e+00
7.284481581537194383e-01 1.966621137988749379e-01 1.042454517854808138e+00
7.284322521158368424e-01 1.978123225444088640e-01 1.041850483154800777e+00
7.286797987864587212e-01 1.968857956037747825e-01 1.041896105365835101e+00
7.286797987864587212e-01 1.968857956037747825e-01 1.041896105365835101e+00
7.284134917891376126e-01 1.969574798092602053e-01 1.042229353202166253e+00
7.283794035614423734e-01 1.978135700837967692e-01 1.041824949781771315e+00
7.283196482613372158e-01 1.979852619356027299e-01 1.042340074647106540e+00
7.286884944306345480e-01 1.969519747606136573e-01 1.041094249653107040e+00
7.284116056834762931e-01 1.977547324406240259e-01 1.042411673694624952e+00
7.284116056834762931e-01 1.977547324406240259e-01 1.042411673694624952e+00
7.281563269999855592e-01 1.985321771246062739e-01 1.041767869860647622e+00
7.281563269999855592e-01 1.985321771246062739e-01 1.041767869860647622e+00
7.285433691186893324e-01 1.967933142862788587e-01 1.041822902398702233e+00
7.285433691186893324e-01 1.967933142862788587e-01 1.041822902398702233e+00
7.283326896080456470e-01 1.973958079237882468e-01 1.042898161858617501e+00
7.283593737891452813e-01 1.970779467803397411e-01 1.042300347209809797e+00
7.284034523515207082e-01 1.974078241873893358e-01 1.042301063733332089e+00
7.284144164059330739e-01 1.973554618700717467e-01 1.041791911647910851e+00
7.282682637580100149e-01 1.973299446182136818e-01 1.042042013283631885e+00
7.284366353806766003e-01 1.980343333526951022e-01 1.041938382750363878e+00
7.284366353806766003e-01 1.980343333526951022e-01 1.041938382750363878e+00
7.285253148096939579e-01 1.973017503456905575e-01 1.041375900293400658e+00
7.283789519042853655e-01 1.979473332772367922e-01 1.041743219042454927e+00
7.283705052455460294e-01 1.970923324641215557e-01 1.042303904347777088e+00
7.283660504377249545e-01 1.978286206435826977e-01 1.041775594463088428e+00
7.283660504377249545e-01 1.978286206435826977e-01 1.041775594463088428e+00
7.286509672077677857e-01 1.967991019535579311e-01 1.042008858531736415e+00
7.284427165475149124e-01 1.975554217382026467e-01 1.042134560417218081e+00
7.281086256781080790e-01 1.980470905103160484e-01 1.042138646407165803e+00
7.283240131233300607e-01 1.973799003044897638e-01 1.042059358795444313e+00
7.285837680258565596e-01 1.972786045954619816e-01 1.041812336182144527e+00
7.284198685080975899e-01 1.971803533719359847e-01 1.042163562436446034e+00
7.284198685080975899e-01 1.971803533719359847e-01 1.042163562436446034e+00
7.281653508744971859e-01 1.973836552530255084e-01 1.042104995945048351e+00
7.283439739330138663e-01 1.966656210261060467e-01 1.041906761450395180e+00
7.282434637607336780e-01 1.975584278350558665e-01 1.041867124553703672e+00
7.282434637607336780e-01 1.975584278350558665e-01 1.041867124553703672e+00
7.281621451890625263e-01 1.972657835813059757e-01 1.041554810235808537e+00
7.282495266629652741e-01 1.974996744034233087e-01 1.042523880057997232e+00
7.285667403454799684e-01 1.963519023604552993e-01 1.041944833636332168e+00
7.285667403454799684e-01 1.963519023604552993e-01 1.041944833636332168e+00
7.281932218898367060e-01 1.975903197529160216e-01 1.042423736626787889e+00
7.283072222099050697e-01 1.977411969821860072e-01 1.042099905235965185e+00
7.284385542695058779e-01 1.972673925937225292e-01 1.041899565969612862e+00
7.284385542695058779e-01 1.972673925937225292e-01 1.041899565969612862e+00
7.284523367769649704e-01 1.969846324794325421e-01 1.042165834142592118e+00
7.284500771873038127e-01 1.965293802319503513e-01 1.042367052557969798e+00
7.283720225379776148e-01 1.973568344272917940e-01 1.042374857414798628e+00
7.283768596876830648e-01 1.973786307688125685e-01 1.042061988462802180e+00
7.283768596876830648e-01 1.973786307688125685e-01 1.042061988462802180e+00
7.284492212698979730e-01 1.970672728206825097e-01 1.042046457700781970e+00
7.284492212698979730e-01 1.970672728206825097e-01 1.042046457700781970e+00
7.286839166234170273e-01 1.967236586286811861e-01 1.041915834958655473e+00
7.286839166234170273e-01 1.967236586286811861e-01 1.041915834958655473e+00
7.282593850738504626e-01 1.973057844647202463e-01 1.042273319477868609e+00
7.284056886227916472e-01 1.968844688316653824e-01 1.042459030540124676e+00
7.285872821609800098e-01 1.971299014242658965e-01 1.041845656051534785e+00
7.283485371500882932e-01 1.975420134775502379e-01 1.042378052507156649e+00
7.283911539998124685e-01 1.970821972757061946e-01 1.042306802601685733e+00
7.283911539998124685e-01 1.970821972757061946e-01 1.042306802601685733e+00
7.282628415967736801e-01 1.978890499049905938e-01 1.041814799831504823e+00
7.286672707836913121e-01 1.966941608527393581e-01 1.041812695576894487e+00
7.286672707836913121e-01 1.966941608527393581e-01 1.041812695576894487e+00
7.284353112296290123e-01 1.968985532471525524e-01 1.042253177878551096e+00
7.284353112296290123e-01 1.968985532471525524e-01 1.042253177878551096e+00
7.283431207220075754e-01 1.978442999510085509e-01 1.041925370208448332e+00
7.282392001292202766e-01 1.974994623934573368e-01 1.041998955893993495e+00
7.284932891062728677e-01 1.969192675087515221e-01 1.042331746770278844e+00
7.283073245325111245e-01 1.974167923450703133e-01 1.042469317449185695e+00
7.283073245325111245e-01 1.974167923450703133e-01 1.042469317449185695e+00
7.283178783930753797e-01 1.976017056110011549e-01 1.041660802880042480e+00
7.281876435632227418e-01 1.972504942981407328e-01 1.042724214381017811e+00
7.286700797735232715e-01 1.963476820232891717e-01 1.041707277386840991e+00
7.286700797735232715e-01 1.963476820232891717e-01 1.041707277386840991e+00
7.282166529005058564e-01 1.977655084846109412e-01 1.042382726448396468e+00
7.282701458968779962e-01 1.972633651767032037e-01 1.042452630577764605e+00
7.281607307675308505e-01 1.973313252299128129e-01 1.042228405194038476e+00
7.284297077208238269e-01 1.973773517777469566e-01 1.042057006702914457e+00
7.281467014570351948e-01 1.975534192806165656e-01 1.042571444144091419e+00
7.286623356015985431e-01 1.971297890497438754e-01 1.042744277746827208e+00
7.285386191843208348e-01 1.970282706769414527e-01 1.041949249567748481e+00
7.284365184822578776e-01 1.974207572115280473e-01 1.041441896920155097e+00
7.284813352053257640e-01 1.967417877727650755e-01 1.041704354239378905e+00
7.283308176016947133e-01 1.972757227114023681e-01 1.042085429456807821e+00
7.282371917584634646e-01 1.976531627012603765e-01 1.041526510071235423e+00
7.282371917584634646e-01 1.976531627012603765e-01 1.041526510071235423e+00
7.284682312896475498e-01 1.974651353745050519e-01 1.041376452521107110e+00
7.283601529249202899e-01 1.972728221388610204e-01 1.041177152701002750e+00
7.282725303341187617e-01 1.973551854735526578e-01 1.041459713556629918e+00
7.282725303341187617e-01 1.973551854735526578e-01 1.041459713556629918e+00
7.282099790847975651e-01 1.963763617728666588e-01 1.041801476520839431e+00
7.282386681635633074e-01 1.951462343107407682e-01 1.040524327811891414e+00
7.282386681635633074e-01 1.951462343107407682e-01 1.040524327811891414e+00
7.280426028812672090e-01 1.945872470403239851e-01 1.040582474283347381e+00
7.281050630841737759e-01 1.933233601596456575e-01 1.040454093044848705e+00
7.278388895432502670e-01 1.926576280508999206e-01 1.039588587061417657e+00
7.278388895432502670e-01 1.926576280508999206e-01 1.039588587061417657e+00
7.279551456590587222e-01 1.917248555380225428e-01 1.040099266179124404e+00
7.279551456590587222e-01 1.917248555380225428e-01 1.040099266179124404e+00
7.277331132288931137e-01 1.907218111289638585e-01 1.040328344906721769e+00
7.277331132288931137e-01 1.907218111289638585e-01 1.040328344906721769e+00
7.273901289169074635e-01 1.903310225827395119e-01 1.043274680681587796e+00
7.273901289169074635e-01 1.903310225827395119e-01 1.043274680681587796e+00
7.269653244152198823e-01 1.906386159137514746e-01 1.044613656997078088e+00
7.269653244152198823e-01 1.906386159137514746e-01 1.044613656997078088e+00
7.264978858838185838e-01 1.896006148032181593e-01 1.046766531532435263e+00
7.265415637107995872e-01 1.894292879235728866e-01 1.046630791443552200e+00
7.264187604751686234e-01 1.881705083163814629e-01 1.047465001256816519e+00
7.264187604751686234e-01 1.881705083163814629e-01 1.047465001256816519e+00
7.263044407588714613e-01 1.875444220260964190e-01 1.047719281179353423e+00
7.262866158124223759e-01 1.872205942076068108e-01 1.048074186414713616e+00
7.262866158124223759e-01 1.872205942076068108e-01 1.048074186414713616e+00
7.261511581858992592e-01 1.871760142289480844e-01 1.048244121455920164e+00
7.260679637629510186e-01 1.856094256468549253e-01 1.048213176748534758e+00
7.261645801035514491e-01 1.861716714941453743e-01 1.048158253460826472e+00
7.261645801035514491e-01 1.861716714941453743e-01 1.048158253460826472e+00
7.262203542723132399e-01 1.856641324647301805e-01 1.048537786855309406e+00
7.256924297634369525e-01 1.862635182534094214e-01 1.049949802847220726e+00
7.258690819959241480e-01 1.865120814704253616e-01 1.048216757215455264e+00
7.258690819959241480e-01 1.865120814704253616e-01 1.048216757215455264e+00
7.258723141331566708e-01 1.858922535751832139e-01 1.049259168895658068e+00
7.258723141331566708e-01 1.858922535751832139e-01 1.049259168895658068e+00
7.259816398878478072e-01 1.858193763454808467e-01 1.049139109354609856e+00
7.258106590118570400e-01 1.865197566287661868e-01 1.049079363650214702e+00
7.261135865181053139e-01 1.859329279779649291e-01 1.049253970851695250e+00
7.261135865181053139e-01 1.859329279779649291e-01 1.049253970851695250e+00
7.257026585339300118e-01 1.866828877749253102e-01 1.049082642286851774e+00
7.257026585339300118e-01 1.866828877749253102e-01 1.049082642286851774e+00
7.260058103918488603e-01 1.859211867422883024e-01 1.048579794726282932e+00
7.260058103918488603e-01 1.859211867422883024e-01 1.048579794726282932e+00
7.259063194366893734e-01 1.860391145219385256e-01 1.049088952558751897e+00
7.257792091574675197e-01 1.864322478436417629e-01 1.049201536193209439e+00
7.260134233907961088e-01 1.863900746248972617e-01 1.049517094125959948e+00
7.260330880753960159e-01 1.863509352367216931e-01 1.048032891399213185e+00
7.260330880753960159e-01 1.863509352367216931e-01 1.048032891399213185e+00
7.260351592690744704e-01 1.861172253428517998e-01 1.048839244412099525e+00
7.259706421666166642e-01 1.862472545185896999e-01 1.049277832404958088e+00
7.262251567485666914e-01 1.854618574948492249e-01 1.048695501725356527e+00
7.261257943349658239e-01 1.856064752870840995e-01 1.048555412582390822e+00
7.261257943349658239e-01 1.856064752870840995e-01 1.048555412582390822e+00
7.261671454331324327e-01 1.854264311540348154e-01 1.048289192944656056e+00
7.261671454331324327e-01 1.854264311540348154e-01 1.048289192944656056e+00
7.259171345806981757e-01 1.862583912710780720e-01 1.048891036162743706e+00
7.259171345806981757e-01 1.862583912710780720e-01 1.048891036162743706e+00
7.258870234904017948e-01 1.864627896613142433e-01 1.049116678426068594e+00
7.259817009040584468e-01 1.855296767345200604e-01 1.049066557879352546e+00
7.260023816371009575e-01 1.856496035243393461e-01 1.048959499516911587e+00
7.259109861523740381e-01 1.863283387253774626e-01 1.049355389000001360e+00
7.259909733187446257e-01 1.855524851634064720e-01 1.048911377069710493e+00
7.259900480192099659e-01 1.857701848087564001e-01 1.048425068435962837e+00
7.259900480192099659e-01 1.857701848087564001e-01 1.048425068435962837e+00
7.259548056207234534e-01 1.857232611180843762e-01 1.049307096133052397e+00
7.259370474565364217e-01 1.863523936143744730e-01 1.048605579644974473e+00
7.260626932596841998e-01 1.857056838149975520e-01 1.049139077180497148e+00
7.259188868828507779e-01 1.864779844548274668e-01 1.048898495519685614e+00
7.259188868828507779e-01 1.864779844548274668e-01 1.048898495519685614e+00
7.258561019530216374e-01 1.862337449448880911e-01 1.048470177246594304e+00
7.260316823757494431e-01 1.867752832104043192e-01 1.048711716622980017e+00
7.258529481363255043e-01 1.867349430302112090e-01 1.049399670324522749e+00
7.258529481363255043e-01 1.867349430302112090e-01 1.049399670324522749e+00
7.259974383599100412e-01 1.859169255658699449e-01 1.048415947367101975e+00
7.259974383599100412e-01 1.859169255658699449e-01 1.048415947367101975e+00
7.259683717880193177e-01 1.860671242487262345e-01 1.048659785493508689e+00
7.259683717880193177e-01 1.860671242487262345e-01 1.048659785493508689e+00
7.261273259587738282e-01 1.851964459114160133e-01 1.049411124623944147e+00
7.261052100565137390e-01 1.859475949271030548e-01 1.048331020319916096e+00
7.260495726999961486e-01 1.851709042019512308e-01 1.049159744305268038e+00
7.258995436748579833e-01 1.858930759678594502e-01 1.048688430929917370e+00
7.259931339802274675e-01 1.863853155810348550e-01 1.048980739036306176e+00
7.258937083737737606e-01 1.855470788419383843e-01 1.048895554845209466e+00
7.260944086522346241e-01 1.862045479004600657e-01 1.048865832630902828e+00
7.259438470173614766e-01 1.856035888338329054e-01 1.048943891130109884e+00
7.259438470173614766e-01 1.856035888338329054e-01 1.048943891130109884e+00
7.261856413821329292e-01 1.854531183396404548e-01 1.048374238735650499e+00
7.261856413821329292e-01 1.854531183396404548e-01 1.048374238735650499e+00
7.257161522113109164e-01 1.866714190232608150e-01 1.048771891768163878e+00
7.257161522113109164e-01 1.866714190232608150e-01 1.048771891768163878e+00
7.259906421398135690e-01 1.858996260805064193e-01 1.048511232983664776e+00
7.261786688790465849e-01 1.858285332485686836e-01 1.049040004209461419e+00
7.257518619850191754e-01 1.867100044943399983e-01 1.048266198809801431e+00
7.257518619850191754e-01 1.867100044943399983e-01 1.048266198809801431e+00
7.259074917975676389e-01 1.862099522952072872e-01 1.049224158287360487e+00
7.261580357337156233e-01 1.857739707987923206e-01 1.048707523456528845e+00
7.261580357337156233e-01 1.857739707987923206e-01 1.048707523456528845e+00
7.259761217275636502e-01 1.864492125895953201e-01 1.048802127495560566e+00
7.260285033603034455e-01 1.859059886533664663e-01 1.048793836311774808e+00
7.260295918615561339e-01 1.864571926098801680e-01 1.048406737576546455e+00
7.260295918615561339e-01 1.864571926098801680e-01 1.048406737576546455e+00
7.261078735863598643e-01 1.857323365975665774e-01 1.048871321989786720e+00
7.259856328384318713e-01 1.863263622338762193e-01 1.048850268726208679e+00
7.259856328384318713e-01 1.863263622338762193e-01 1.048850268726208679e+00
7.260733884610390820e-01 1.859135822159979079e-01 1.049330943723805198e+00
7.260733884610390820e-01 1.859135822159979079e-01 1.049330943723805198e+00
7.259819801590708943e-01 1.853962963899828953e-01 1.048377350092073446e+00
7.259819801590708943e-01 1.853962963899828953e-01 1.048377350092073446e+00
7.260984695568774017e-01 1.854119558190233663e-01 1.049215793939796360e+00
7.260984695568774017e-01 1.854119558190233663e-01 1.049215793939796360e+00
7.258853256823030176e-01 1.858474073701451845e-01 1.049016326738105631e+00
7.261081202588326455e-01 1.855946113111278661e-01 1.049168922425024242e+00
7.259197697903232438e-01 1.871586884582341903e-01 1.048551442704926728e+00
7.260086585192278008e-01 1.862308412634345878e-01 1.049314420811171766e+00
7.260086585192278008e-01 1.862308412634345878e-01 1.049314420811171766e+00
7.258564947832499836e-01 1.866034380694596706e-01 1.048809357909198159e+00
7.262097270965850448e-01 1.855431833442204026e-01 1.049162819117372303e+00
7.262097270965850448e-01 1.855431833442204026e-01 1.049162819117372303e+00
7.258988451303297618e-01 1.860377602538011987e-01 1.048895174763988081e+00
7.259590462858596105e-01 1.862728944989864854e-01 1.048317085242975510e+00
7.258038870952077115e-01 1.860988685950350219e-01 1.048749828892545644e+00
7.258038870952077115e-01 1.860988685950350219e-01 1.048749828892545644e+00
7.259936521853583846e-01 1.860074470044865980e-01 1.049032829695564661e+00
7.259936521853583846e-01 1.860074470044865980e-01 1.049032829695564661e+00
7.259546660330310486e-01 1.858610905601070784e-01 1.049009162510199378e+00
7.259546660330310486e-01 1.858610905601070784e-01 1.049009162510199378e+00
7.257216638679159226e-01 1.868720306399350162e-01 1.049162270927897378e+00
7.257216638679159226e-01 1.868720306399350162e-01 1.049162270927897378e+00
7.260754688310254723e-01 1.867577409154647095e-01 1.048949093571280633e+00
7.260754688310254723e-01 1.867577409154647095e-01 1.048949093571280633e+00
7.260687822656384238e-01 1.858757127137982690e-01 1.048920231107728807e+00
7.260687822656384238e-01 1.858757127137982690e-01 1.048920231107728807e+00
7.261148931026308873e-01 1.858712479265262063e-01 1.048744318700017164e+00
7.261148931026308873e-01 1.858712479265262063e-01 1.048744318700017164e+00
7.259960431936148817e-01 1.860360950309726813e-01 1.048406728256696452e+00
7.260443184586191645e-01 1.860824866437316705e-01 1.048800821502272607e+00
7.259632951994096084e-01 1.858582730864201393e-01 1.048637884855833313e+00
7.259632951994096084e-01 1.858582730864201393e-01 1.048637884855833313e+00
7.261113798389360330e-01 1.861254957314471825e-01 1.048467564661559326e+00
7.260575598779183126e-01 1.859653644730900335e-01 1.048470020116311963e+00
7.259985942667366299e-01 1.860067574007253088e-01 1.049157818736709658e+00
7.259985942667366299e-01 1.860067574007253088e-01 1.049157818736709658e+00
7.260111063134143672e-01 1.860192335074442038e-01 1.048426968652133695e+00
7.258099615899018531e-01 1.860671240257361359e-01 1.048981399281873506e+00
7.258099615899018531e-01 1.860671240257361359e-01 1.048981399281873506e+00
7.259402894997553091e-01 1.864935967455787491e-01 1.049013521190479636e+00
7.259402894997553091e-01 1.864935967455787491e-01 1.049013521190479636e+00
7.258664072536014089e-01 1.866099487234108012e-01 1.048996769131364637e+00
7.260013932205882092e-01 1.859475099447046031e-01 1.048671222612263643e+00
7.259556390472108323e-01 1.860891131135240240e-01 1.048587415832115344e+00
7.259556390472108323e-01 1.860891131135240240e-01 1.048587415832115344e+00
7.258619293466895828e-01 1.858521196999178837e-01 1.049170357022422673e+00
7.260494123956880985e-01 1.865616796877949957e-01 1.047707490512678863e+00
7.260494123956880985e-01 1.865616796877949957e-01 1.047707490512678863e+00
7.257249248348636161e-01 1.859027240165715411e-01 1.048849235469591079e+00
7.257249248348636161e-01 1.859027240165715411e-01 1.048849235469591079e+00
7.260212857153710564e-01 1.857094757430315657e-01 1.048991457849759890e+00
7.260212857153710564e-01 1.857094757430315657e-01 1.048991457849759890e+00
7.259724099437374623e-01 1.858541055385828922e-01 1.049177788970047320e+00
7.259724099437374623e-01 1.858541055385828922e-01 1.049177788970047320e+00
7.260621930825907899e-01 1.855762054162859997e-01 1.049014585552040524e+00
7.260621930825907899e-01 1.855762054162859997e-01 1.049014585552040524e+00
7.259377193161095088e-01 1.861919586524934944e-01 1.048611447712836764e+00
7.259377193161095088e-01 1.861919586524934944e-01 1.048611447712836764e+00
7.258995107895401810e-01 1.860640820471882728e-01 1.048291698607837663e+00
7.258995107895401810e-01 1.860640820471882728e-01 1.048291698607837663e+00
7.260229489094849331e-01 1.864704675556611846e-01 1.048865832630902828e+00
7.258190150770391647e-01 1.863223146952391884e-01 1.049030863983460016e+00
7.261179088966812634e-01 1.857546491770889485e-01 1.048792241462745523e+00
7.261179088966812634e-01 1.857546491770889485e-01 1.048792241462745523e+00
7.261666808359278358e-01 1.857058601041670920e-01 1.048767914860182948e+00
7.258673725080246886e-01 1.859581080756221583e-01 1.048694733202967688e+00
7.258673725080246886e-01 1.859581080756221583e-01 1.048694733202967688e+00
7.260751295239328273e-01 1.859348703139197256e-01 1.048557280425749028e+00
7.260087819247904584e-01 1.865081259880538300e-01 1.048079150822073258e+00
7.260087819247904584e-01 1.865081259880538300e-01 1.048079150822073258e+00
7.256954320599839914e-01 1.868187303490475293e-01 1.048636784713429471e+00
7.256954320599839914e-01 1.868187303490475293e-01 1.048636784713429471e+00
7.258259727084366286e-01 1.869940851796848547e-01 1.049261202525988868e+00
