6.763908131339716467e-01 3.259394955931469995e-01 1.089564503808046370e+00
6.776552469866529149e-01 3.270083300517918623e-01 1.089865304374540544e+00
6.776552469866529149e-01 3.270083300517918623e-01 1.089865304374540544e+00
6.794328194108446572e-01 3.289566707702602510e-01 1.091082794803733158e+00
6.810076328915961597e-01 3.295670411764757279e-01 1.091135421549157547e+00
6.824963140316281374e-01 3.300358251835937562e-01 1.091871126129761560e+00
6.843733977650681144e-01 3.316435010363520397e-01 1.092637352019542485e+00
6.850287864322034403e-01 3.325440823299768978e-01 1.093147564154438367e+00
6.850287864322034403e-01 3.325440823299768978e-01 1.093147564154438367e+00
6.882171127300291680e-01 3.326476791112032427e-01 1.093619169427983984e+00
6.882171127300291680e-01 3.326476791112032427e-01 1.093619169427983984e+00
6.893778424962673235e-01 3.336083016307755389e-01 1.094818714683861050e+00
6.893778424962673235e-01 3.336083016307755389e-01 1.094818714683861050e+00
6.934357008357838748e-01 3.354454908948985015e-01 1.095882699705192476e+00
6.957826697820932438e-01 3.358570124059200301e-01 1.096676863168305704e+00
6.978013888235204965e-01 3.366073817630871878e-01 1.097171377744491139e+00
6.995354199447070265e-01 3.369354850349562391e-01 1.097354426632416668e+00
7.007947956679879686e-01 3.378145289968527698e-01 1.097728568677718730e+00
7.033270088649730134e-01 3.374565996958387437e-01 1.098519531264196880e+00
7.033270088649730134e-01 3.374565996958387437e-01 1.098519531264196880e+00
7.062400933558631300e-01 3.363251721636206781e-01 1.099518791969118947e+00
7.094054120554189602e-01 3.351007559220501864e-01 1.099756656851592851e+00
7.119354890256338608e-01 3.336520807649941411e-01 1.100018323117462504e+00
7.119354890256338608e-01 3.336520807649941411e-01 1.100018323117462504e+00
7.153018934844176391e-01 3.316376212038453231e-01 1.100872933368050477e+00
7.216568650230118509e-01 3.269118848405881406e-01 1.102366056360704949e+00
7.216568650230118509e-01 3.269118848405881406e-01 1.102366056360704949e+00
7.264626693330784590e-01 3.230259052806877529e-01 1.103805446487889252e+00
7.340414682542422131e-01 3.158873567137496230e-01 1.104918007322602147e+00
7.340414682542422131e-01 3.158873567137496230e-01 1.104918007322602147e+00
7.388546634327646245e-01 3.108310785191163439e-01 1.106693638613396313e+00
7.388546634327646245e-01 3.108310785191163439e-01 1.106693638613396313e+00
7.451962808520133930e-01 3.042397574033259278e-01 1.107685889812968227e+00
7.451962808520133930e-01 3.042397574033259278e-01 1.107685889812968227e+00
7.511584223195895138e-01 2.975386734177457582e-01 1.108886318051775621e+00
7.534819092959634812e-01 2.945373384399110339e-01 1.109663171936790871e+00
7.534819092959634812e-01 2.945373384399110339e-01 1.109663171936790871e+00
7.569414093612775174e-01 2.904242482714561868e-01 1.110662990387552895e+00
7.602660881610521226e-01 2.871139474065759756e-01 1.110994504455846243e+00
7.602660881610521226e-01 2.871139474065759756e-01 1.110994504455846243e+00
7.637829293197988534e-01 2.825502907252970264e-01 1.112511481441404992e+00
7.673514321044528907e-01 2.776713532576379206e-01 1.113309995349196502e+00
7.700814016374681881e-01 2.737299765185278733e-01 1.112346105818316389e+00
7.720258521736591550e-01 2.708332178388483946e-01 1.114666487872818967e+00
7.720258521736591550e-01 2.708332178388483946e-01 1.114666487872818967e+00
7.785174810414506874e-01 2.624669358399230323e-01 1.116264494694847897e+00
7.785174810414506874e-01 2.624669358399230323e-01 1.116264494694847897e+00
7.838070804264503089e-01 2.555323119694172807e-01 1.117167036069220076e+00
7.857238439242730799e-01 2.521217758116069962e-01 1.118656572919331182e+00
7.875169120890621599e-01 2.500535009881857951e-01 1.118582971493569556e+00
7.904923283152860414e-01 2.463069912439615206e-01 1.119644779088686759e+00
7.921409390087768010e-01 2.438674505091823763e-01 1.120864746652172617e+00
7.921409390087768010e-01 2.438674505091823763e-01 1.120864746652172617e+00
7.949577136999612659e-01 2.404058572020815188e-01 1.121308956662565581e+00
7.988435970042743195e-01 2.346673329154846666e-01 1.123317626494604538e+00
8.020146541352716207e-01 2.310617918036904916e-01 1.125634115576071181e+00
8.041797930232144065e-01 2.286761295875794908e-01 1.126184830392685132e+00
8.064399962816314327e-01 2.257068061615243870e-01 1.127323585478121615e+00
8.083674384408713331e-01 2.232026003420864713e-01 1.128675164625194016e+00
8.083674384408713331e-01 2.232026003420864713e-01 1.128675164625194016e+00
8.101353359655649733e-01 2.217958236602455280e-01 1.129682157728941982e+00
8.120849829614326110e-01 2.192402682250830792e-01 1.130722359018794698e+00
8.137197367805900639e-01 2.171765420921335232e-01 1.130797789771625705e+00
8.148730184582777536e-01 2.157232410324677607e-01 1.132769152191312578e+00
8.160363250499694798e-01 2.145185131595226391e-01 1.133110600695653947e+00
8.160363250499694798e-01 2.145185131595226391e-01 1.133110600695653947e+00
8.178103492718856726e-01 2.124353946561527984e-01 1.134624429488801933e+00
8.187390775498233353e-01 2.114112981800327085e-01 1.135785196082193416e+00
8.204806500457435536e-01 2.101908842116480269e-01 1.136595887722368303e+00
8.217149533315364351e-01 2.075049067217478449e-01 1.137217170077724493e+00
8.232043651459698408e-01 2.060059886441734378e-01 1.138194081493776988e+00
8.245847206475894753e-01 2.046869326673289580e-01 1.139593033351368190e+00
8.259067542135334339e-01 2.028333425988395611e-01 1.141350439876137379e+00
8.271310457209077871e-01 2.011355677960717236e-01 1.142037612127274393e+00
8.271310457209077871e-01 2.011355677960717236e-01 1.142037612127274393e+00
8.284243057793685416e-01 1.998325790350860831e-01 1.142061856618202142e+00
8.294384002137592526e-01 1.978229910544926085e-01 1.143801373993446946e+00
8.294384002137592526e-01 1.978229910544926085e-01 1.143801373993446946e+00
8.313486248905729292e-01 1.957928123624653183e-01 1.145892622873195599e+00
8.313486248905729292e-01 1.957928123624653183e-01 1.145892622873195599e+00
8.317757858981900121e-01 1.949894733843177685e-01 1.147022030296540818e+00
8.318770257279594071e-01 1.953161633794079088e-01 1.146649524579965496e+00
8.318770257279594071e-01 1.953161633794079088e-01 1.146649524579965496e+00
8.323133343842116227e-01 1.946796075413636251e-01 1.146204105461533951e+00
8.322884517960121853e-01 1.955559499946341318e-01 1.145252458522693306e+00
8.322884517960121853e-01 1.955559499946341318e-01 1.145252458522693306e+00
8.320955892823586053e-01 1.952525321783154244e-01 1.146502027656136846e+00
8.320690516180409002e-01 1.950008251549321947e-01 1.146386185198454033e+00
8.320810816653907427e-01 1.951720576015090747e-01 1.145606756492756784e+00
8.322325692300407418e-01 1.952045561689336461e-01 1.146064234160689921e+00
8.319388299580054991e-01 1.949630868050063748e-01 1.146497467310040097e+00
8.319676307792762682e-01 1.951939020419880544e-01 1.146272892037325963e+00
8.321803747238891713e-01 1.945885429485053886e-01 1.146564178103601783e+00
8.322207398520918842e-01 1.948019936440254785e-01 1.145855040545445735e+00
8.321042506418685480e-01 1.947903211304437554e-01 1.146610038723848923e+00
8.320409185933290708e-01 1.958732761980516157e-01 1.146244442683854503e+00
8.323305149317847818e-01 1.941644746814059075e-01 1.146261156214305466e+00
8.320110494959392922e-01 1.949001543990605545e-01 1.146499282425670341e+00
8.319186226268535655e-01 1.942132200064263514e-01 1.147641041188073752e+00
8.321117701602922523e-01 1.947353687709754977e-01 1.146191262468770011e+00
8.321117701602922523e-01 1.947353687709754977e-01 1.146191262468770011e+00
8.324454930841834743e-01 1.941765350795090495e-01 1.146300137692927823e+00
8.324454930841834743e-01 1.941765350795090495e-01 1.146300137692927823e+00
8.323946115155497205e-01 1.948247013609631373e-01 1.145576322234110433e+00
8.321637165289621496e-01 1.949957434952514501e-01 1.146435872969479464e+00
8.321637165289621496e-01 1.949957434952514501e-01 1.146435872969479464e+00
8.324253091710607233e-01 1.948319364349944960e-01 1.145143813306756631e+00
8.322358730002026306e-01 1.943104641702830537e-01 1.147026229155545529e+00
8.331327423918389874e-01 1.931612070182272822e-01 1.145972896231112648e+00
8.334444420289754962e-01 1.918927532924915857e-01 1.147251342632407134e+00
8.342627437683601821e-01 1.898417898995571340e-01 1.148153108465258532e+00
8.342627437683601821e-01 1.898417898995571340e-01 1.148153108465258532e+00
8.354845900079839183e-01 1.873932855371853723e-01 1.148706984044388646e+00
8.362864940018797100e-01 1.847360012384612615e-01 1.149389623203696420e+00
8.376503757251174687e-01 1.813950648321115688e-01 1.150303242514974844e+00
8.399179053487978441e-01 1.761720613403258695e-01 1.151071049331451768e+00
8.399179053487978441e-01 1.761720613403258695e-01 1.151071049331451768e+00
8.411023412546262401e-01 1.710839109239772338e-01 1.152770750647328146e+00
8.424818553429881396e-01 1.691653383061041405e-01 1.152628599468088044e+00
8.435247150482683143e-01 1.661276775743304457e-01 1.153382149051346728e+00
8.441333425580337391e-01 1.647434072218104673e-01 1.154369340291027557e+00
8.441333425580337391e-01 1.647434072218104673e-01 1.154369340291027557e+00
8.454155330443808847e-01 1.599000446229897343e-01 1.155076678983236294e+00
8.454155330443808847e-01 1.599000446229897343e-01 1.155076678983236294e+00
8.470630461065687955e-01 1.540719171952341093e-01 1.156330229898566930e+00
8.470630461065687955e-01 1.540719171952341093e-01 1.156330229898566930e+00
8.480772087271686299e-01 1.521996159577236052e-01 1.157781516487081941e+00
8.486387126231924594e-01 1.497737385707544888e-01 1.158380296396247511e+00
8.493248891679611168e-01 1.468295930236241664e-01 1.158804174670333920e+00
8.493248891679611168e-01 1.468295930236241664e-01 1.158804174670333920e+00
8.496878049382307063e-01 1.465478477253292500e-01 1.159348499491025475e+00
8.502715257228218304e-01 1.449002539850406390e-01 1.158640535540815142e+00
8.501120315514647530e-01 1.454668660246000722e-01 1.159410666854102212e+00
8.501120315514647530e-01 1.454668660246000722e-01 1.159410666854102212e+00
8.505986751131308088e-01 1.438298786895017278e-01 1.159068473520253439e+00
8.505986751131308088e-01 1.438298786895017278e-01 1.159068473520253439e+00
8.506389448023311539e-01 1.438836462998588361e-01 1.158488839534448589e+00
8.506389448023311539e-01 1.438836462998588361e-01 1.158488839534448589e+00
8.504753820868331537e-01 1.441002433572117214e-01 1.158855971432969589e+00
8.504753820868331537e-01 1.441002433572117214e-01 1.158855971432969589e+00
8.507604406919814233e-01 1.428045569012744154e-01 1.158572114583523938e+00
8.507604406919814233e-01 1.428045569012744154e-01 1.158572114583523938e+00
8.506996840716297692e-01 1.433843984565303376e-01 1.159005980535249059e+00
8.505871423782102037e-01 1.442374971087450886e-01 1.158869308889473926e+00
8.506967532798924703e-01 1.444237441538413491e-01 1.158131666386204461e+00
8.512090682517992057e-01 1.441855627904026216e-01 1.157098269252601064e+00
8.512090682517992057e-01 1.441855627904026216e-01 1.157098269252601064e+00
8.517465962490585740e-01 1.440193828019818434e-01 1.154350809170046288e+00
8.528596706413456019e-01 1.456468514486601862e-01 1.148571268448933758e+00
8.528596706413456019e-01 1.456468514486601862e-01 1.148571268448933758e+00
8.542444005922604777e-01 1.477551938187120495e-01 1.140120333182283563e+00
8.542444005922604777e-01 1.477551938187120495e-01 1.140120333182283563e+00
8.558031448501972616e-01 1.484612156627141688e-01 1.129312836766671602e+00
8.558031448501972616e-01 1.484612156627141688e-01 1.129312836766671602e+00
8.575133589727511607e-01 1.499759958073078048e-01 1.116909480997870130e+00
8.575133589727511607e-01 1.499759958073078048e-01 1.116909480997870130e+00
8.581715604824116106e-01 1.520571901045711105e-01 1.110035130641298107e+00
8.585840348420344936e-01 1.524082248483485946e-01 1.105998872980234582e+00
8.591883486136916437e-01 1.529114132158711226e-01 1.100843150106367574e+00
8.594928799376300166e-01 1.546168413791410012e-01 1.095034131107934350e+00
8.594928799376300166e-01 1.546168413791410012e-01 1.095034131107934350e+00
8.603267237937181067e-01 1.563128137291044661e-01 1.087539570920016185e+00
8.614792716726354938e-01 1.568468867197637118e-01 1.074201346173841998e+00
8.614792716726354938e-01 1.568468867197637118e-01 1.074201346173841998e+00
8.621993345570340139e-01 1.586459744323686361e-01 1.063624012625814075e+00
8.621993345570340139e-01 1.586459744323686361e-01 1.063624012625814075e+00
8.626419268515788108e-01 1.591696218972380450e-01 1.057420399857896598e+00
8.625644781968804242e-01 1.596070790914775883e-01 1.053851940313607738e+00
8.627979784512318506e-01 1.604567846029262834e-01 1.049774920168488945e+00
8.628218461260557248e-01 1.611910995378293132e-01 1.045293005731930291e+00
8.631569838648041060e-01 1.601739196645663443e-01 1.040731946013040421e+00
8.631569838648041060e-01 1.601739196645663443e-01 1.040731946013040421e+00
8.630001208720512462e-01 1.618450863323015743e-01 1.036266565225004266e+00
8.629563983888476342e-01 1.623128808119062849e-01 1.032966501005973647e+00
8.629242051492606036e-01 1.625570145259265520e-01 1.028675154147767445e+00
8.628305661581410213e-01 1.629150127966260964e-01 1.025630305299180423e+00
8.626558422199370746e-01 1.633875551079462252e-01 1.021335344537297907e+00
8.626558422199370746e-01 1.633875551079462252e-01 1.021335344537297907e+00
8.624262861935038105e-01 1.635880356075835595e-01 1.015108743556841109e+00
8.624262861935038105e-01 1.635880356075835595e-01 1.015108743556841109e+00
8.621696996327564699e-01 1.641670165440944906e-01 1.008491159905444690e+00
8.618069896965152576e-01 1.657577888493418361e-01 1.005679414389230031e+00
8.618156187208868557e-01 1.647288040478101512e-01 1.002476158260652284e+00
8.616345053522668218e-01 1.658900862088414918e-01 1.000733102621075066e+00
8.616345053522668218e-01 1.658900862088414918e-01 1.000733102621075066e+00
8.615447925439360111e-01 1.652483907723820977e-01 9.978059988888269283e-01
8.614209429281867170e-01 1.655179111839004957e-01 9.963921844143415196e-01
8.610346029650215449e-01 1.669432799573184190e-01 9.949166350074560849e-01
8.609728493144199746e-01 1.664358269550181013e-01 9.926751353958508384e-01
8.609728493144199746e-01 1.664358269550181013e-01 9.926751353958508384e-01
8.609043952952126766e-01 1.667625369042173011e-01 9.916865604156968050e-01
8.608133450351417304e-01 1.671818737147417744e-01 9.912196975748569505e-01
8.608133450351417304e-01 1.671818737147417744e-01 9.912196975748569505e-01
8.606891513483910794e-01 1.674979967645594536e-01 9.896941540086172662e-01
8.606891513483910794e-01 1.674979967645594536e-01 9.896941540086172662e-01
8.607976147885735285e-01 1.670805629732138864e-01 9.882750608406991599e-01
8.611255339997956337e-01 1.659084536637817908e-01 9.887049357964414753e-01
8.610280727887132945e-01 1.665941482768603377e-01 9.882226944422640713e-01
8.610280727887132945e-01 1.665941482768603377e-01 9.882226944422640713e-01
8.610876486060023982e-01 1.664311009544066633e-01 9.876607491483277990e-01
8.611242338973889021e-01 1.658400336370520756e-01 9.880232291049033666e-01
8.611780483627744509e-01 1.664714231748778694e-01 9.886116333092387354e-01
8.611780483627744509e-01 1.664714231748778694e-01 9.886116333092387354e-01
8.608921191301635023e-01 1.664822857981669291e-01 9.887338129702336609e-01
8.608921191301635023e-01 1.664822857981669291e-01 9.887338129702336609e-01
8.609868000650910957e-01 1.658572805704264796e-01 9.878759482222647659e-01
8.609868000650910957e-01 1.658572805704264796e-01 9.878759482222647659e-01
8.610236292866703112e-01 1.662106672590347445e-01 9.881128341344140864e-01
8.610236292866703112e-01 1.662106672590347445e-01 9.881128341344140864e-01
8.609262726559295809e-01 1.668396177300112138e-01 9.884818628095046744e-01
8.609429179785137443e-01 1.662805897342579386e-01 9.887974762360776104e-01
8.609429179785137443e-01 1.662805897342579386e-01 9.887974762360776104e-01
8.607555712530288172e-01 1.669699227357130944e-01 9.877807237061537737e-01
8.607555712530288172e-01 1.669699227357130944e-01 9.877807237061537737e-01
8.612424140488267321e-01 1.658877880613155165e-01 9.882803122661925066e-01
8.607795178805237590e-01 1.671845071257734572e-01 9.888711732637891494e-01
8.608963500637262234e-01 1.666207760133968929e-01 9.890525716902650588e-01
8.610516017703998548e-01 1.661483555859511185e-01 9.887833907488798868e-01
8.610516017703998548e-01 1.661483555859511185e-01 9.887833907488798868e-01
8.609877811662991487e-01 1.663024239102980917e-01 9.887491400620300741e-01
8.610056706866857645e-01 1.657920561184804131e-01 9.877962238827563413e-01
8.609721748492819016e-01 1.662695406982626911e-01 9.885853445667563966e-01
8.609721748492819016e-01 1.662695406982626911e-01 9.885853445667563966e-01
8.609850284851108260e-01 1.668469686842831423e-01 9.885396474683818546e-01
8.610617170689420785e-01 1.659811714704506891e-01 9.888987760728337184e-01
8.608871948087178927e-01 1.656608828547065371e-01 9.886642401843541705e-01
8.610351387142074486e-01 1.660775843899500448e-01 9.889055358371698912e-01
8.609289699489858227e-01 1.669014607608927669e-01 9.885929251882201729e-01
8.609289699489858227e-01 1.669014607608927669e-01 9.885929251882201729e-01
8.609738465447879241e-01 1.668126692091142504e-01 9.886761361240929968e-01
8.609413703726281897e-01 1.673153374884332190e-01 9.884823998897378505e-01
8.609413703726281897e-01 1.673153374884332190e-01 9.884823998897378505e-01
8.610443802020875115e-01 1.656103598975135482e-01 9.880278311113314116e-01
8.609930531456485570e-01 1.664154251466746781e-01 9.886665833001440085e-01
8.610321611122186969e-01 1.666612942642004269e-01 9.885464712742497717e-01
8.608790863911379709e-01 1.668725594815311797e-01 9.886847875751508807e-01
8.608790863911379709e-01 1.668725594815311797e-01 9.886847875751508807e-01
8.610604455234998067e-01 1.664661693573958046e-01 9.879298438305196273e-01
8.610604455234998067e-01 1.664661693573958046e-01 9.879298438305196273e-01
8.609835339228191220e-01 1.664040213238667798e-01 9.883596008516664089e-01
8.609835339228191220e-01 1.664040213238667798e-01 9.883596008516664089e-01
8.609022740522142003e-01 1.667870569378226142e-01 9.887822023530716820e-01
8.609220714075181968e-01 1.661949650210769736e-01 9.879330652682678515e-01
8.609220714075181968e-01 1.661949650210769736e-01 9.879330652682678515e-01
8.607373741506457732e-01 1.667646306636717257e-01 9.876752189897626266e-01
8.610021254082304010e-01 1.663141167986341984e-01 9.880301083785054672e-01
8.611022476729901509e-01 1.658302139181066226e-01 9.885580877592682336e-01
8.609779885817235856e-01 1.661745096322960746e-01 9.881916599217415165e-01
8.609779885817235856e-01 1.661745096322960746e-01 9.881916599217415165e-01
8.609527467138790024e-01 1.666715465820477471e-01 9.884568989529176619e-01
8.608372569708512279e-01 1.671658229697318421e-01 9.881767904691600712e-01
8.610312356105637166e-01 1.659816020811121784e-01 9.881625976317259807e-01
8.610326821695375443e-01 1.662900711859894298e-01 9.887656225731384918e-01
8.610051833389162912e-01 1.660842082848263956e-01 9.870404722349880311e-01
8.610954552124611139e-01 1.658995383988196015e-01 9.882223439355123373e-01
8.610954552124611139e-01 1.658995383988196015e-01 9.882223439355123373e-01
8.609592111219862565e-01 1.665669198015870267e-01 9.882862639819367523e-01
8.609651099545015951e-01 1.671619007299516568e-01 9.882711302842362988e-01
8.606998767804910910e-01 1.668562463535099016e-01 9.879382614623311021e-01
8.611013771430844344e-01 1.667836502441413515e-01 9.885320873332623659e-01
8.611013771430844344e-01 1.667836502441413515e-01 9.885320873332623659e-01
8.613400368958373798e-01 1.656690898982815519e-01 9.887967027406041609e-01
8.613400368958373798e-01 1.656690898982815519e-01 9.887967027406041609e-01
8.608781711004233062e-01 1.670349769506084825e-01 9.882368432784803813e-01
8.608781711004233062e-01 1.670349769506084825e-01 9.882368432784803813e-01
8.609571617437846713e-01 1.662685018280201932e-01 9.883632835526602323e-01
8.609571617437846713e-01 1.662685018280201932e-01 9.883632835526602323e-01
8.610845424557020955e-01 1.668339448105085887e-01 9.890285290056519685e-01
8.612664815100059545e-01 1.674191009196405455e-01 9.895318459272453016e-01
8.613935622900664724e-01 1.688195921127317034e-01 9.892627733438983384e-01
8.613935622900664724e-01 1.688195921127317034e-01 9.892627733438983384e-01
8.616368694459343169e-01 1.693066642500488661e-01 9.913150435581089548e-01
8.616368694459343169e-01 1.693066642500488661e-01 9.913150435581089548e-01
8.620548470261558682e-01 1.728302272584601729e-01 9.930091986945065452e-01
8.620548470261558682e-01 1.728302272584601729e-01 9.930091986945065452e-01
8.622345523368538656e-01 1.762025085746495301e-01 9.951293086997530235e-01
8.622345523368538656e-01 1.762025085746495301e-01 9.951293086997530235e-01
8.624260172989827167e-01 1.767346051654924977e-01 9.957997861186098643e-01
8.625860514711167770e-01 1.781501377744368619e-01 9.961668326494377279e-01
8.627099991407880530e-01 1.793324845617519925e-01 9.970869022120042446e-01
8.628406193221844767e-01 1.794307118639870968e-01 9.974727548120034815e-01
8.628406193221844767e-01 1.794307118639870968e-01 9.974727548120034815e-01
8.629596012813169903e-01 1.805464180899435112e-01 9.974835935023380618e-01
8.630794820420800706e-01 1.803237835802933287e-01 9.970208663789901227e-01
8.633160357669075191e-01 1.798862645155848150e-01 9.961988201778028129e-01
8.634322707907896577e-01 1.810565342188271420e-01 9.922515702708549767e-01
8.632591928255173297e-01 1.821988934166449969e-01 9.905703960361762483e-01
8.632591928255173297e-01 1.821988934166449969e-01 9.905703960361762483e-01
8.634994048650842524e-01 1.817969368994770130e-01 9.875049495154715196e-01
8.636354853920129582e-01 1.818739054124755283e-01 9.845139845351660313e-01
8.638011081550164283e-01 1.818682260434766884e-01 9.793149595304596611e-01
8.638011081550164283e-01 1.818682260434766884e-01 9.793149595304596611e-01
8.640002119627934185e-01 1.814553236499775735e-01 9.739902536752589324e-01
8.639644996297524138e-01 1.814824695011084676e-01 9.711104670255270577e-01
8.641298112308131163e-01 1.809850993188278634e-01 9.655522493435213516e-01
8.641298112308131163e-01 1.809850993188278634e-01 9.655522493435213516e-01
8.646682042662516832e-01 1.810470587203583392e-01 9.634008034144565524e-01
8.648009630493622701e-01 1.818897532294274089e-01 9.633536520468539699e-01
8.650587103388621690e-01 1.827817715036800239e-01 9.635661506028719847e-01
8.652192259108789640e-01 1.826547217078293706e-01 9.644024066304468512e-01
8.651993854540503959e-01 1.834407003903272826e-01 9.641573040714783716e-01
8.653355492228016477e-01 1.841460293099691503e-01 9.640754522078599509e-01
8.653057738508369567e-01 1.835874308697597046e-01 9.644588918645806697e-01
8.653961168650902147e-01 1.839633030707266692e-01 9.638409510269593250e-01
8.653961168650902147e-01 1.839633030707266692e-01 9.638409510269593250e-01
8.654461024332128494e-01 1.830426017061717592e-01 9.639022405141882688e-01
8.654461024332128494e-01 1.830426017061717592e-01 9.639022405141882688e-01
8.654232183573943304e-01 1.834526797201657955e-01 9.645978164051436377e-01
8.654232183573943304e-01 1.834526797201657955e-01 9.645978164051436377e-01
8.654138214164046605e-01 1.831026236043654665e-01 9.638593892590262557e-01
8.654138214164046605e-01 1.831026236043654665e-01 9.638593892590262557e-01
8.652319519041321572e-01 1.837693246973632066e-01 9.634363005403904223e-01
8.652319519041321572e-01 1.837693246973632066e-01 9.634363005403904223e-01
8.651958021891621442e-01 1.846191933989725364e-01 9.644346424164347287e-01
8.653741800523434557e-01 1.836276951138506031e-01 9.646526471695371363e-01
8.653741800523434557e-01 1.836276951138506031e-01 9.646526471695371363e-01
8.652910955328423359e-01 1.843783121737356534e-01 9.642316493620328721e-01
8.652606496655698143e-01 1.834173106377394724e-01 9.647062749292609762e-01
8.652133124719671997e-01 1.842275456401400446e-01 9.637585668411364770e-01
8.652450737118719815e-01 1.841767564174848493e-01 9.644866686730353411e-01
8.651845746043164143e-01 1.840046344676850854e-01 9.640628422482427906e-01
8.651845746043164143e-01 1.840046344676850854e-01 9.640628422482427906e-01
8.653840594581124757e-01 1.834862220586228054e-01 9.640401930820217125e-01
8.653840594581124757e-01 1.834862220586228054e-01 9.640401930820217125e-01
8.652400961228752241e-01 1.840325733547203968e-01 9.638997391830917971e-01
8.652400961228752241e-01 1.840325733547203968e-01 9.638997391830917971e-01
8.651245495522514872e-01 1.838413835814459441e-01 9.640690477409146197e-01
8.651245495522514872e-01 1.838413835814459441e-01 9.640690477409146197e-01
8.654046923164473437e-01 1.837382478329967206e-01 9.641611067434001647e-01
8.652440860845133086e-01 1.838526771895407086e-01 9.640289016699969959e-01
8.652823051331848259e-01 1.835108522312495771e-01 9.640520250605495445e-01
8.654890633034975078e-01 1.835446907862963439e-01 9.644600114858414841e-01
8.654890633034975078e-01 1.835446907862963439e-01 9.644600114858414841e-01
8.651076759704749986e-01 1.843791354699177432e-01 9.642246881229240563e-01
8.653099003924022981e-01 1.839742332773511846e-01 9.645239511507546215e-01
8.653099003924022981e-01 1.839742332773511846e-01 9.645239511507546215e-01
8.651721129088304485e-01 1.837334970497913611e-01 9.642725381598338252e-01
8.651721129088304485e-01 1.837334970497913611e-01 9.642725381598338252e-01
8.652751635750635106e-01 1.839095038836222884e-01 9.647950397315208093e-01
8.652751635750635106e-01 1.839095038836222884e-01 9.647950397315208093e-01
8.650979415808709438e-01 1.842938054379681945e-01 9.640258186824361974e-01
8.650979415808709438e-01 1.842938054379681945e-01 9.640258186824361974e-01
8.650696340071194479e-01 1.852300350975208953e-01 9.645343675452271448e-01
8.653419131739388259e-01 1.840377189404573677e-01 9.645053620258351446e-01
8.653419131739388259e-01 1.840377189404573677e-01 9.645053620258351446e-01
8.652077110493456846e-01 1.839942273380593130e-01 9.639309433212950307e-01
8.651038075765535851e-01 1.847030833206410871e-01 9.639506647314278753e-01
8.653272333635582125e-01 1.837931368047043268e-01 9.643712866114071414e-01
8.653173608692396046e-01 1.834267719647877659e-01 9.637081334422138434e-01
8.653173608692396046e-01 1.834267719647877659e-01 9.637081334422138434e-01
8.654099823463832220e-01 1.833691314295545771e-01 9.636179492418062154e-01
8.654099823463832220e-01 1.833691314295545771e-01 9.636179492418062154e-01
8.653039522348662249e-01 1.846853652557394754e-01 9.637861529174762687e-01
8.653355901306180042e-01 1.836267663628445013e-01 9.633749660870046805e-01
8.653355901306180042e-01 1.836267663628445013e-01 9.633749660870046805e-01
8.654191143958983590e-01 1.833671355993939101e-01 9.633008037459575013e-01
8.653266951508281624e-01 1.838326944967207111e-01 9.625531395037041360e-01
8.652910371390262201e-01 1.837860117394399528e-01 9.602983157387556812e-01
8.652910371390262201e-01 1.837860117394399528e-01 9.602983157387556812e-01
8.653937545214785976e-01 1.840262193245393585e-01 9.582457419073688865e-01
8.653894732223039732e-01 1.839946641428479024e-01 9.571235010262237886e-01
8.653894732223039732e-01 1.839946641428479024e-01 9.571235010262237886e-01
8.653249650181444874e-01 1.837848695229535312e-01 9.557443240997378631e-01
8.654797909471578787e-01 1.835913201667165318e-01 9.554007516016629342e-01
8.654141955167021782e-01 1.839424758356784095e-01 9.551379095114529427e-01
8.653340653459645759e-01 1.839309117251260173e-01 9.549832725337334960e-01
8.653340653459645759e-01 1.839309117251260173e-01 9.549832725337334960e-01
8.652980983795587333e-01 1.842566800139652516e-01 9.542739949194790627e-01
8.653804697016582725e-01 1.839764625618359184e-01 9.545696750824439469e-01
8.653804697016582725e-01 1.839764625618359184e-01 9.545696750824439469e-01
8.650854412525446069e-01 1.841014831849078215e-01 9.534914938496970027e-01
8.653138795710051401e-01 1.834247171031657409e-01 9.524567748751393559e-01
8.653138795710051401e-01 1.834247171031657409e-01 9.524567748751393559e-01
8.653408519730254600e-01 1.843729898528685407e-01 9.530020247040760228e-01
8.653903094242857419e-01 1.838472197926748763e-01 9.520234771216676828e-01
8.653903094242857419e-01 1.838472197926748763e-01 9.520234771216676828e-01
8.652660768002394809e-01 1.838972775542477012e-01 9.518494693080408187e-01
8.655124361170157821e-01 1.829756243716843811e-01 9.509076508090854585e-01
8.652431698981674080e-01 1.843892599192913095e-01 9.504073183276438019e-01
8.654518148679958278e-01 1.831065143511035609e-01 9.507707950137389563e-01
8.654518148679958278e-01 1.831065143511035609e-01 9.507707950137389563e-01
8.654837310767383718e-01 1.835880079355267092e-01 9.513885794324339340e-01
8.652900009654751479e-01 1.834862216308600358e-01 9.500678421076814706e-01
8.653929331775953582e-01 1.834951624087457767e-01 9.507306469346046285e-01
8.654684313410315744e-01 1.835219697893859803e-01 9.507591247280278157e-01
8.654684313410315744e-01 1.835219697893859803e-01 9.507591247280278157e-01
8.652408628071077690e-01 1.839156220086663740e-01 9.507284113542321391e-01
8.652408628071077690e-01 1.839156220086663740e-01 9.507284113542321391e-01
8.653971204197659084e-01 1.836339356690352975e-01 9.500652339464414897e-01
8.653971204197659084e-01 1.836339356690352975e-01 9.500652339464414897e-01
8.653680623701314190e-01 1.837534667939027810e-01 9.510560375627774565e-01
8.653680623701314190e-01 1.837534667939027810e-01 9.510560375627774565e-01
8.652575274653718784e-01 1.835160040898748401e-01 9.500996100059428962e-01
8.653284833306832402e-01 1.834832813266946139e-01 9.496721589203884761e-01
8.653506772425797466e-01 1.843968941615274082e-01 9.504751667512452151e-01
8.651433803250383470e-01 1.844146495943117803e-01 9.506883455020844753e-01
8.651433803250383470e-01 1.844146495943117803e-01 9.506883455020844753e-01
8.651882199017701947e-01 1.843615187190746352e-01 9.503037929379969384e-01
8.651882199017701947e-01 1.843615187190746352e-01 9.503037929379969384e-01
8.653612151743332870e-01 1.835674422203490697e-01 9.515302106100372859e-01
8.653612151743332870e-01 1.835674422203490697e-01 9.515302106100372859e-01
8.653654573158248153e-01 1.838708538052641339e-01 9.508446762212230396e-01
8.653654573158248153e-01 1.838708538052641339e-01 9.508446762212230396e-01
8.653725066485089545e-01 1.834553207911877870e-01 9.508244163400476623e-01
8.653725066485089545e-01 1.834553207911877870e-01 9.508244163400476623e-01
8.653397034867603699e-01 1.837213078062137628e-01 9.507974619426982077e-01
8.654340537760342178e-01 1.838455335060915075e-01 9.511844565216656111e-01
8.652809654560815744e-01 1.838937897050423320e-01 9.509556093794253595e-01
8.652756428927220744e-01 1.838320930798936492e-01 9.517265962184799921e-01
8.651639922801930283e-01 1.844800807132371545e-01 9.506689723436840822e-01
8.651400888435518688e-01 1.842958582318716398e-01 9.510147698192039645e-01
8.653439446711151950e-01 1.840343812364225173e-01 9.501806008482389654e-01
8.653428452707822016e-01 1.833103470628855147e-01 9.510870273251725848e-01
8.656482821742653710e-01 1.822114399811212981e-01 9.503353777352347986e-01
8.651202298517217670e-01 1.847401113650298521e-01 9.512918314580831591e-01
8.654412708888890027e-01 1.831056107696348578e-01 9.513248727844549890e-01
8.654017361549786180e-01 1.836359950744217429e-01 9.505931136784281366e-01
8.654631085866446583e-01 1.832584089318374798e-01 9.507326343395501311e-01
8.654631085866446583e-01 1.832584089318374798e-01 9.507326343395501311e-01
8.652021738385351490e-01 1.843034012193782434e-01 9.506511834068901434e-01
8.653020625544027844e-01 1.839766050479211823e-01 9.516144221033866479e-01
8.653403498825810169e-01 1.832571025578957624e-01 9.510049215222136088e-01
8.653403498825810169e-01 1.832571025578957624e-01 9.510049215222136088e-01
8.652047527313863062e-01 1.842888879933695101e-01 9.509511979528488812e-01
8.653181202204049960e-01 1.840054267520395415e-01 9.509558869353524901e-01
8.653739761381237239e-01 1.837814879142610214e-01 9.518959210204462895e-01
8.654776435890785269e-01 1.835224071829278936e-01 9.506918483051767232e-01
8.654776435890785269e-01 1.835224071829278936e-01 9.506918483051767232e-01
8.653745996689571340e-01 1.833684925315239023e-01 9.512089615778047680e-01
8.652293354516892299e-01 1.834679662039062631e-01 9.499192674366794265e-01
8.652492114274521473e-01 1.841849380071602094e-01 9.505245301120779366e-01
8.652912117894107080e-01 1.833911803544140684e-01 9.508180786087190306e-01
8.652912117894107080e-01 1.833911803544140684e-01 9.508180786087190306e-01
8.652578623905171629e-01 1.840374842205752537e-01 9.508477078337138622e-01
8.653630236416059995e-01 1.834276601116680006e-01 9.511139605693972321e-01
8.654236724014783277e-01 1.833385458314104044e-01 9.512257547220988041e-01
8.654236724014783277e-01 1.833385458314104044e-01 9.512257547220988041e-01
8.655327946203071887e-01 1.832937859272084358e-01 9.507452679708732202e-01
8.655327946203071887e-01 1.832937859272084358e-01 9.507452679708732202e-01
8.651537747137452161e-01 1.839730854511981983e-01 9.506713988481413358e-01
8.651537747137452161e-01 1.839730854511981983e-01 9.506713988481413358e-01
8.652106724670524107e-01 1.840755951765092879e-01 9.517238115454560443e-01
8.652422486999218343e-01 1.843295357327514872e-01 9.517292189844238637e-01
8.652422486999218343e-01 1.843295357327514872e-01 9.517292189844238637e-01
8.652934288162278387e-01 1.833973158495496858e-01 9.510207313528098449e-01
8.653084257841739957e-01 1.839552265612924842e-01 9.504004615171453008e-01
8.654244414371233818e-01 1.839054767531521639e-01 9.514035288289217629e-01
8.654244414371233818e-01 1.839054767531521639e-01 9.514035288289217629e-01
8.652639204056438160e-01 1.838382325589674737e-01 9.508690501628563885e-01
8.652639204056438160e-01 1.838382325589674737e-01 9.508690501628563885e-01
8.652061452878520020e-01 1.835320521017628215e-01 9.510236888729373117e-01
8.652061452878520020e-01 1.835320521017628215e-01 9.510236888729373117e-01
8.654205416418898622e-01 1.838159219494638619e-01 9.509461518346418174e-01
8.652163048203276308e-01 1.840087376598489033e-01 9.510501190400386662e-01
8.650733727314188215e-01 1.851977674752296188e-01 9.509842118142040057e-01
8.654802210623914194e-01 1.832263050081853195e-01 9.509052217829205844e-01
8.654727153325778577e-01 1.833749706116832301e-01 9.512906017730865527e-01
8.653518750201647514e-01 1.842239456399731301e-01 9.511277517026706096e-01
8.652754577592568497e-01 1.843292623929167762e-01 9.503966748492518324e-01
8.652754577592568497e-01 1.843292623929167762e-01 9.503966748492518324e-01
8.653198862986762885e-01 1.839786932879126091e-01 9.504440260275219821e-01
8.651740600510727797e-01 1.848329161845122526e-01 9.506966991637559872e-01
8.653432034267034556e-01 1.840371371233991971e-01 9.513799523307384653e-01
8.652958319615808858e-01 1.840147115546853784e-01 9.508073475640640426e-01
8.654501496147467554e-01 1.831383640279695968e-01 9.511491345586944313e-01
8.653905549470349845e-01 1.835767885904742436e-01 9.504496327270928191e-01
8.653026024224486079e-01 1.840056371380575373e-01 9.503519515163653120e-01
8.653026024224486079e-01 1.840056371380575373e-01 9.503519515163653120e-01
8.652302652519828774e-01 1.835624359376099857e-01 9.507234762547787099e-01
8.652956574567594039e-01 1.840309258550000548e-01 9.507535360938412783e-01
8.652956574567594039e-01 1.840309258550000548e-01 9.507535360938412783e-01
8.652975227880888021e-01 1.841808527720010802e-01 9.510791682722293805e-01
8.654597495131444163e-01 1.832526413564140588e-01 9.510090971056042175e-01
8.653487112992137575e-01 1.837794801302460312e-01 9.506504174545800101e-01
8.652971795277060174e-01 1.838909301916243633e-01 9.503298017814878484e-01
8.652971795277060174e-01 1.838909301916243633e-01 9.503298017814878484e-01
8.653553084280504182e-01 1.833945907834105271e-01 9.508182217817640058e-01
8.655460779666098725e-01 1.835550027932099926e-01 9.510207490027062782e-01
8.652101440715102010e-01 1.838822778366916988e-01 9.502327456854859911e-01
8.652101440715102010e-01 1.838822778366916988e-01 9.502327456854859911e-01
8.652379241793770603e-01 1.836783827991118334e-01 9.510138203853616412e-01
8.652379241793770603e-01 1.836783827991118334e-01 9.510138203853616412e-01
8.652458363786437179e-01 1.837708846419808806e-01 9.499952515981360257e-01
8.652458363786437179e-01 1.837708846419808806e-01 9.499952515981360257e-01
8.652813740335491000e-01 1.837703334647406983e-01 9.509570462875835961e-01
8.653242816640562829e-01 1.834847921099788670e-01 9.502753923556157556e-01
8.653242816640562829e-01 1.834847921099788670e-01 9.502753923556157556e-01
8.652519903141204782e-01 1.841808572149331302e-01 9.506402953696251323e-01
8.651431286099255935e-01 1.845635631546579392e-01 9.506850753154021394e-01
8.653762426309508093e-01 1.835805491372512477e-01 9.513359254086753980e-01
8.653762426309508093e-01 1.835805491372512477e-01 9.513359254086753980e-01
8.653306070797768257e-01 1.837242228265018318e-01 9.510656397703772802e-01
8.652895171768696381e-01 1.831890724395198178e-01 9.504848717939686775e-01
8.651893955697028682e-01 1.847641843073336010e-01 9.505166852083694051e-01
8.651146726987357649e-01 1.844182532596944646e-01 9.505222938180173387e-01
8.651146726987357649e-01 1.844182532596944646e-01 9.505222938180173387e-01
8.652105726224136317e-01 1.836547787265737919e-01 9.503580136830063196e-01
8.652994824814317365e-01 1.838044122059622199e-01 9.507139544061784520e-01
8.652994824814317365e-01 1.838044122059622199e-01 9.507139544061784520e-01
8.653024034356593397e-01 1.836459038510855346e-01 9.509140726109980291e-01
8.652589130982131227e-01 1.843065988644759512e-01 9.510092569530037565e-01
8.655186501674541066e-01 1.832875244028517869e-01 9.515987684066451457e-01
8.655186501674541066e-01 1.832875244028517869e-01 9.515987684066451457e-01
8.653700554030557823e-01 1.835980365284348992e-01 9.506644392516290232e-01
8.651767328175686833e-01 1.841601964292167437e-01 9.514799666810178636e-01
8.651767328175686833e-01 1.841601964292167437e-01 9.514799666810178636e-01
8.652767760187742851e-01 1.840685209580468218e-01 9.512119635297040521e-01
8.652767760187742851e-01 1.840685209580468218e-01 9.512119635297040521e-01
8.653805397388406595e-01 1.840716178900401456e-01 9.512586574208543588e-01
8.653805397388406595e-01 1.840716178900401456e-01 9.512586574208543588e-01
8.652044388610433678e-01 1.839161491927809866e-01 9.502223945456801379e-01
8.652044388610433678e-01 1.839161491927809866e-01 9.502223945456801379e-01
8.652106806923804960e-01 1.846235117270785264e-01 9.504891586818093874e-01
8.652106806923804960e-01 1.846235117270785264e-01 9.504891586818093874e-01
8.652413555625563246e-01 1.843694985189241464e-01 9.509797224715761388e-01
8.651647538701593421e-01 1.842077990212688809e-01 9.506126203762379490e-01
8.651647538701593421e-01 1.842077990212688809e-01 9.506126203762379490e-01
8.654292533306561230e-01 1.835248254293617709e-01 9.511847014968977110e-01
8.651907612571480000e-01 1.843267571907165059e-01 9.504943841414377204e-01
8.654343791170704403e-01 1.835211935452732701e-01 9.513604666885535632e-01
8.652500641544050852e-01 1.841606821249707204e-01 9.512198669202081014e-01
8.652276077484215566e-01 1.841861430566586189e-01 9.510248659044029385e-01
8.651890120428360476e-01 1.843866159515638037e-01 9.498688347111765573e-01
8.651890120428360476e-01 1.843866159515638037e-01 9.498688347111765573e-01
8.654041580011853085e-01 1.837830652515659302e-01 9.515026578109735400e-01
8.652351927906747342e-01 1.842191899165537550e-01 9.513511841977378980e-01
8.654634544282782116e-01 1.840843827300491786e-01 9.517045470063796309e-01
8.654634544282782116e-01 1.840843827300491786e-01 9.517045470063796309e-01
8.651132779353865043e-01 1.848556282893567271e-01 9.505217416114735141e-01
8.652876444510473330e-01 1.840168807427225162e-01 9.505732661454482368e-01
8.651586768158400220e-01 1.842991015662665544e-01 9.505759227143800727e-01
8.651586768158400220e-01 1.842991015662665544e-01 9.505759227143800727e-01
8.655163844005763218e-01 1.824406987638192146e-01 9.507115722751684483e-01
8.650947861785283077e-01 1.846396702422479774e-01 9.501145231632368571e-01
8.653649939038375871e-01 1.835450864687502848e-01 9.500182887675356902e-01
8.653278578548119215e-01 1.838628954118486647e-01 9.507274561704017746e-01
8.652180028842469950e-01 1.842461497009652283e-01 9.512590353316188185e-01
8.652180028842469950e-01 1.842461497009652283e-01 9.512590353316188185e-01
8.652795350951050235e-01 1.836268865704156483e-01 9.515301042749038096e-01
8.652795350951050235e-01 1.836268865704156483e-01 9.515301042749038096e-01
8.651160921237402990e-01 1.847382595214301926e-01 9.507559826025302474e-01
8.653880617063293146e-01 1.832900537492128945e-01 9.513939766862857805e-01
8.653880617063293146e-01 1.832900537492128945e-01 9.513939766862857805e-01
8.654184142615444220e-01 1.841048331785106462e-01 9.514051630260975667e-01
8.654007493414859198e-01 1.841255953232673881e-01 9.504291695318286548e-01
8.652868866213064836e-01 1.843579861960744359e-01 9.503671953142716067e-01
8.648766637075236963e-01 1.855980406680838857e-01 9.507473579582504941e-01
8.653703857481962469e-01 1.833666124039357026e-01 9.506350654301751746e-01
8.653115996306278701e-01 1.836954330812642922e-01 9.514529668265336859e-01
8.653115996306278701e-01 1.836954330812642922e-01 9.514529668265336859e-01
8.654371727358073363e-01 1.841613529417793216e-01 9.517594992967763901e-01
8.652584064111916717e-01 1.841656127804867094e-01 9.503025589981819454e-01
8.654967516529021854e-01 1.835540940722443781e-01 9.510176546824342658e-01
8.652882177693357324e-01 1.840382079958294559e-01 9.499837528361820826e-01
8.652882177693357324e-01 1.840382079958294559e-01 9.499837528361820826e-01
8.653830030004444618e-01 1.842287382456198330e-01 9.504186969161287912e-01
8.651205354703441763e-01 1.846575614219651273e-01 9.512593452320231568e-01
8.651205354703441763e-01 1.846575614219651273e-01 9.512593452320231568e-01
8.653482941278574092e-01 1.841926948232273931e-01 9.513681699251298474e-01
8.652808677011319949e-01 1.833976476361217911e-01 9.502209077855177100e-01
8.652803114654429306e-01 1.840997593240100982e-01 9.509410654585603861e-01
8.654465838534494138e-01 1.832611882254964741e-01 9.513359254086753980e-01
8.654465838534494138e-01 1.832611882254964741e-01 9.513359254086753980e-01
8.653942567587713519e-01 1.834845229363710750e-01 9.502110392369756964e-01
8.652521135893500581e-01 1.842748377536303217e-01 9.514300214727535732e-01
8.650189737480640240e-01 1.850262213579706994e-01 9.507727949769848586e-01
8.650189737480640240e-01 1.850262213579706994e-01 9.507727949769848586e-01
8.651890776434228991e-01 1.847386314279653718e-01 9.504576254358438892e-01
8.652059249804038288e-01 1.844755449960063798e-01 9.510872586865803946e-01
8.652059249804038288e-01 1.844755449960063798e-01 9.510872586865803946e-01
8.652495079868600669e-01 1.842154403483218794e-01 9.504343739380303191e-01
8.652545126782993368e-01 1.846557059966759395e-01 9.512603768326849396e-01
8.651550559700861287e-01 1.844495511566706381e-01 9.515425369303103231e-01
8.651550559700861287e-01 1.844495511566706381e-01 9.515425369303103231e-01
8.652861012543050512e-01 1.841573654109412428e-01 9.509897379581000454e-01
8.652861012543050512e-01 1.841573654109412428e-01 9.509897379581000454e-01
8.652713996722921630e-01 1.839538446737072896e-01 9.511669006918122005e-01
8.653399757613018384e-01 1.844790606260884314e-01 9.510077052236514117e-01
8.653399757613018384e-01 1.844790606260884314e-01 9.510077052236514117e-01
8.651649669611050086e-01 1.843358907234496080e-01 9.500599687689973427e-01
8.652193854044553101e-01 1.843844727476958434e-01 9.507664210146071770e-01
8.652193854044553101e-01 1.843844727476958434e-01 9.507664210146071770e-01
8.651624408941630540e-01 1.838523912733357746e-01 9.508343294735039919e-01
8.654064701337114141e-01 1.835196187630473430e-01 9.510724491704251049e-01
8.654064701337114141e-01 1.835196187630473430e-01 9.510724491704251049e-01
8.653270882864714242e-01 1.833048036327136199e-01 9.506398952903859501e-01
8.653270882864714242e-01 1.833048036327136199e-01 9.506398952903859501e-01
8.651636677490674998e-01 1.852705750369505466e-01 9.515176567889225279e-01
8.651636677490674998e-01 1.852705750369505466e-01 9.515176567889225279e-01
8.651647538701593421e-01 1.842077990212688809e-01 9.506355085598316990e-01
8.651647538701593421e-01 1.842077990212688809e-01 9.506355085598316990e-01
8.652802473927142524e-01 1.838654253766746349e-01 9.501991743837536752e-01
8.652318823292084460e-01 1.838573086623841724e-01 9.508831574065204073e-01
8.651253115894986800e-01 1.847139271583158882e-01 9.506221695515231218e-01
8.651253115894986800e-01 1.847139271583158882e-01 9.506221695515231218e-01
8.652157134877311861e-01 1.842197775597721188e-01 9.509472474013156429e-01
8.652157134877311861e-01 1.842197775597721188e-01 9.509472474013156429e-01
8.653671727456494489e-01 1.840472164104285102e-01 9.509322847626475728e-01
8.654042772049066468e-01 1.835135449014611841e-01 9.508928012902454485e-01
8.653539906867596665e-01 1.835062179782783742e-01 9.499914816818201269e-01
8.654110753206941675e-01 1.839891754908200283e-01 9.510843534377134700e-01
8.654110753206941675e-01 1.839891754908200283e-01 9.510843534377134700e-01
8.653624234087858857e-01 1.839284969341806741e-01 9.517301374275644044e-01
8.651691894840877195e-01 1.841271792588161371e-01 9.511845129207942007e-01
8.655399129842332728e-01 1.837288503295836650e-01 9.509860048004527000e-01
8.653252132943194397e-01 1.835634721891194476e-01 9.511201463157801239e-01
8.653283267520062161e-01 1.838058721993617306e-01 9.507541290241194876e-01
8.653283267520062161e-01 1.838058721993617306e-01 9.507541290241194876e-01
8.652750302354080825e-01 1.839902248878768909e-01 9.508385526093525719e-01
8.652750302354080825e-01 1.839902248878768909e-01 9.508385526093525719e-01
8.651896166903179086e-01 1.841009048430962414e-01 9.510657213213848937e-01
8.651896166903179086e-01 1.841009048430962414e-01 9.510657213213848937e-01
8.653708385899678834e-01 1.839855432206115859e-01 9.508592891240693623e-01
8.651610860852771978e-01 1.842175422304271615e-01 9.508645231575874046e-01
8.652457973792805346e-01 1.844486175377727244e-01 9.513877091136322406e-01
8.652961561546299585e-01 1.837782008450508653e-01 9.508583587911727530e-01
8.653769184300654782e-01 1.841013981031254243e-01 9.516357872684296781e-01
8.652247102400968393e-01 1.842187768928818803e-01 9.524053965854399895e-01
8.652247102400968393e-01 1.842187768928818803e-01 9.524053965854399895e-01
8.652905832431505573e-01 1.843800509426049561e-01 9.554425569306369548e-01
8.653223782295611510e-01 1.838768349685614423e-01 9.588259552465260294e-01
8.651729288763551073e-01 1.836863833811343272e-01 9.613739880024250173e-01
8.651729288763551073e-01 1.836863833811343272e-01 9.613739880024250173e-01
8.651909348456954252e-01 1.841759881803668453e-01 9.659865584939818506e-01
8.649349278450019218e-01 1.849481582997956619e-01 9.753276590361054099e-01
8.649349278450019218e-01 1.849481582997956619e-01 9.753276590361054099e-01
8.647130309119902547e-01 1.847534305253362985e-01 9.860619868939540789e-01
8.643007978930443702e-01 1.834906945081621610e-01 9.962930326451748808e-01
8.643007978930443702e-01 1.834906945081621610e-01 9.962930326451748808e-01
8.638805142238991097e-01 1.829528589651068793e-01 1.005106291317691358e+00
8.638805142238991097e-01 1.829528589651068793e-01 1.005106291317691358e+00
8.626974061205020528e-01 1.832562318365715537e-01 1.020509570656733533e+00
8.621979815882137022e-01 1.837913551038589111e-01 1.024634366437179533e+00
8.615092753174737883e-01 1.829177097972526922e-01 1.032438035803122878e+00
8.615092753174737883e-01 1.829177097972526922e-01 1.032438035803122878e+00
8.605289865794006898e-01 1.817715361922680184e-01 1.042711662340326750e+00
8.605289865794006898e-01 1.817715361922680184e-01 1.042711662340326750e+00
8.587761852212586478e-01 1.830728210193423577e-01 1.054781547557999799e+00
8.587761852212586478e-01 1.830728210193423577e-01 1.054781547557999799e+00
8.571342561965872298e-01 1.804763217234517103e-01 1.067975554252823978e+00
8.571342561965872298e-01 1.804763217234517103e-01 1.067975554252823978e+00
8.562663267687308233e-01 1.800555108133730930e-01 1.075668762577316251e+00
8.550654972310046675e-01 1.791546691650965362e-01 1.083359002592489739e+00
8.532798549772900865e-01 1.797691778691560271e-01 1.091687551434778802e+00
8.520663495844789104e-01 1.801866709658138666e-01 1.096801489077781744e+00
8.520663495844789104e-01 1.801866709658138666e-01 1.096801489077781744e+00
8.502620020358108155e-01 1.796309624279190942e-01 1.104253178403117763e+00
8.487995895738206231e-01 1.798389195790431605e-01 1.109202594640758655e+00
8.475084693890316823e-01 1.793722397313081973e-01 1.114095885090037097e+00
8.449075878873321122e-01 1.787769177366247964e-01 1.122251417109594307e+00
8.449075878873321122e-01 1.787769177366247964e-01 1.122251417109594307e+00
8.409613130960372773e-01 1.785172730595861734e-01 1.135170173044324216e+00
8.409613130960372773e-01 1.785172730595861734e-01 1.135170173044324216e+00
8.383509871069325659e-01 1.778737477405459566e-01 1.141781801344526448e+00
8.353991661701350990e-01 1.780474720454592874e-01 1.150375205299551062e+00
8.327788704192398139e-01 1.777135852665124305e-01 1.156574498463873946e+00
8.300038260217156294e-01 1.768464606876316014e-01 1.164445467815259372e+00
8.279731694882785931e-01 1.767884366051044875e-01 1.169135989331856695e+00
8.258974631193533034e-01 1.767558611229702037e-01 1.173649808764420488e+00
8.225739579775266375e-01 1.768225997763407387e-01 1.181031453512843221e+00
8.206159012418113852e-01 1.759001508187678087e-01 1.185608558630874887e+00
8.206159012418113852e-01 1.759001508187678087e-01 1.185608558630874887e+00
8.171853741024015516e-01 1.755489410247975945e-01 1.192803703519653480e+00
8.150261775564024980e-01 1.758094138292166653e-01 1.196890604102267996e+00
8.115645509741680197e-01 1.752722939530166057e-01 1.203777023539355895e+00
8.092238618900572389e-01 1.755950460083732512e-01 1.207963069419576208e+00
8.073937251869739429e-01 1.746872285783100109e-01 1.211376055594333367e+00
8.073937251869739429e-01 1.746872285783100109e-01 1.211376055594333367e+00
8.041684694173950598e-01 1.751169673973484442e-01 1.216671963153960201e+00
8.006376562708589217e-01 1.751792280101026333e-01 1.222798230430765853e+00
7.978241410104374154e-01 1.742854804509740563e-01 1.227749546201617914e+00
7.956084024637630758e-01 1.743415115151166206e-01 1.231293283496061264e+00
7.934171063053758743e-01 1.745973410892446565e-01 1.234180597444173078e+00
7.903299242253908341e-01 1.747751284057462440e-01 1.238553481125379552e+00
7.903299242253908341e-01 1.747751284057462440e-01 1.238553481125379552e+00
7.875243752400996611e-01 1.740170088711990581e-01 1.242466045213399761e+00
7.854573413397976100e-01 1.736537947941097226e-01 1.245106653571937283e+00
7.827883754883910861e-01 1.741318018311081850e-01 1.247815068445114361e+00
7.827883754883910861e-01 1.741318018311081850e-01 1.247815068445114361e+00
7.797836962491704327e-01 1.739755867693110469e-01 1.251363736853770892e+00
7.778939309885687381e-01 1.744777673742745061e-01 1.253586665510838305e+00
7.745628691220690643e-01 1.751346255364482352e-01 1.257374326764808981e+00
7.745628691220690643e-01 1.751346255364482352e-01 1.257374326764808981e+00
7.717227690479542268e-01 1.742780685601730828e-01 1.260015223570680520e+00
7.702158128208442811e-01 1.732822444103426507e-01 1.261931756208166666e+00
7.671381160514021413e-01 1.745299330901791957e-01 1.264396159469060477e+00
7.671381160514021413e-01 1.745299330901791957e-01 1.264396159469060477e+00
7.648256702341640345e-01 1.738580417067869810e-01 1.266684088711783396e+00
7.626456215948864692e-01 1.748641056983459563e-01 1.268501845207080647e+00
7.600693326675204142e-01 1.738013340971677478e-01 1.270766556160567440e+00
7.600693326675204142e-01 1.738013340971677478e-01 1.270766556160567440e+00
7.572344874271016435e-01 1.752845700660614348e-01 1.273104605483693863e+00
7.542459502812984828e-01 1.754306825374976064e-01 1.275637641756059981e+00
7.523631700593559346e-01 1.754020835804069312e-01 1.277299555817371868e+00
7.511976169193873565e-01 1.744069177690225070e-01 1.278225619616077946e+00
7.511976169193873565e-01 1.744069177690225070e-01 1.278225619616077946e+00
7.492598604653352146e-01 1.749680942996734989e-01 1.279548223007877628e+00
7.492598604653352146e-01 1.749680942996734989e-01 1.279548223007877628e+00
7.449959221348932958e-01 1.748710127434932315e-01 1.282756775953751927e+00
7.420132705794453276e-01 1.753575955894463023e-01 1.284377802560265236e+00
7.420132705794453276e-01 1.753575955894463023e-01 1.284377802560265236e+00
7.382752294931224091e-01 1.759990674185982207e-01 1.287172729629811441e+00
7.361238105098211193e-01 1.752366450903884987e-01 1.288678270890675659e+00
7.347614229284150644e-01 1.756334545949620463e-01 1.289498745925071299e+00
7.333512350433406546e-01 1.764336519496950972e-01 1.289629867507328331e+00
7.325461218063994417e-01 1.753911325998170623e-01 1.290401344185600152e+00
7.325461218063994417e-01 1.753911325998170623e-01 1.290401344185600152e+00
7.312974939099013971e-01 1.749620665206114978e-01 1.290917884716138442e+00
7.312974939099013971e-01 1.749620665206114978e-01 1.290917884716138442e+00
7.306961972459938837e-01 1.757973301350072570e-01 1.290236936519814748e+00
7.298043990214232446e-01 1.755284212795339416e-01 1.290615474248528738e+00
7.298043990214232446e-01 1.755284212795339416e-01 1.290615474248528738e+00
7.292340906768500775e-01 1.773399267769410759e-01 1.289700801446904244e+00
7.287046807602086673e-01 1.771656558442389895e-01 1.289365684201420947e+00
7.287046807602086673e-01 1.771656558442389895e-01 1.289365684201420947e+00
7.284136174392350505e-01 1.766015116604729429e-01 1.288882722040906259e+00
7.279600802480301613e-01 1.763979406388114790e-01 1.288806202340836649e+00
7.267370616133728145e-01 1.774848302419084756e-01 1.288524543730821703e+00
7.267370616133728145e-01 1.774848302419084756e-01 1.288524543730821703e+00
7.260996255113704168e-01 1.786886153447858061e-01 1.287428479267892723e+00
7.251254058280354187e-01 1.792244769381156067e-01 1.288079823087470821e+00
7.242088991949687804e-01 1.808943018926514601e-01 1.286637528774940309e+00
7.234533132340827954e-01 1.821992766810875963e-01 1.286476195194527383e+00
7.234533132340827954e-01 1.821992766810875963e-01 1.286476195194527383e+00
7.217940806076517113e-01 1.856033869831226479e-01 1.285987073965672023e+00
7.208880407367523890e-01 1.863770268527071561e-01 1.285448054903870929e+00
7.195349998131397307e-01 1.890207645840134565e-01 1.285060283965945738e+00
7.195349998131397307e-01 1.890207645840134565e-01 1.285060283965945738e+00
7.175016712185019463e-01 1.929865358210929860e-01 1.284462872593016947e+00
7.158403652608901213e-01 1.951956800593189212e-01 1.284658257248614710e+00
7.158403652608901213e-01 1.951956800593189212e-01 1.284658257248614710e+00
7.145297022669863107e-01 1.978155772910465682e-01 1.283637044313113540e+00
7.132471603649070957e-01 2.002385657857519152e-01 1.283378881780803615e+00
7.132471603649070957e-01 2.002385657857519152e-01 1.283378881780803615e+00
7.115482215268464916e-01 2.030473419712389149e-01 1.282985488018051345e+00
7.082344787536458686e-01 2.085938932664966605e-01 1.281640093520897583e+00
7.082344787536458686e-01 2.085938932664966605e-01 1.281640093520897583e+00
7.055017555238638494e-01 2.127866657909237569e-01 1.281589047856275254e+00
7.055017555238638494e-01 2.127866657909237569e-01 1.281589047856275254e+00
7.029872027796286726e-01 2.178119554010489733e-01 1.279455419869807820e+00
6.993512569916772170e-01 2.219500912614685850e-01 1.279269122958470284e+00
6.993512569916772170e-01 2.219500912614685850e-01 1.279269122958470284e+00
6.973061559112062602e-01 2.255627239621999236e-01 1.277601950093458338e+00
6.952430950075254579e-01 2.271617989505780311e-01 1.277521217153327449e+00
6.935122843545418192e-01 2.295101032553394926e-01 1.277028543555169371e+00
6.935122843545418192e-01 2.295101032553394926e-01 1.277028543555169371e+00
6.919516038583298778e-01 2.308955620369054218e-01 1.275705118135497251e+00
6.903186680454855839e-01 2.326255645423803697e-01 1.275921388586786831e+00
6.888569198459942866e-01 2.341866377104770414e-01 1.275253228601974431e+00
6.864717331446867910e-01 2.368068094547377545e-01 1.274807186154207628e+00
6.864717331446867910e-01 2.368068094547377545e-01 1.274807186154207628e+00
6.846861245905907500e-01 2.387871024038621115e-01 1.273582333081380469e+00
6.832697252414088318e-01 2.415884269521132166e-01 1.271178416955474733e+00
6.832697252414088318e-01 2.415884269521132166e-01 1.271178416955474733e+00
6.819843780729026861e-01 2.428825062952801594e-01 1.269084571212776513e+00
6.817206913514478606e-01 2.438649232848913995e-01 1.267310271329144200e+00
6.809003821282578750e-01 2.462030045702272296e-01 1.263703822911934171e+00
6.806646250252169628e-01 2.469018504508657397e-01 1.261953988654966885e+00
6.807696744862299365e-01 2.483077059845996137e-01 1.258752763066746105e+00
6.806524270609924931e-01 2.501564394369861777e-01 1.254596151221667233e+00
6.805769386579837432e-01 2.527145538755483645e-01 1.251192975045728240e+00
6.812935071654879771e-01 2.540296551145628801e-01 1.245674893292527452e+00
6.812935071654879771e-01 2.540296551145628801e-01 1.245674893292527452e+00
6.815817971100082140e-01 2.560773243824036594e-01 1.240784326947916627e+00
6.825036288302557264e-01 2.582462216378930142e-01 1.234852182735711290e+00
6.833889976287169654e-01 2.595183214082314449e-01 1.229647374805092674e+00
6.837527373422536137e-01 2.624522893187344885e-01 1.224112719376641012e+00
6.837527373422536137e-01 2.624522893187344885e-01 1.224112719376641012e+00
6.852539811733553421e-01 2.637733557926897898e-01 1.217307582727344739e+00
6.858132542924989528e-01 2.646045894941553289e-01 1.213784262575215545e+00
6.865904792457532269e-01 2.665759705852471795e-01 1.208164985817780757e+00
6.874765228999824007e-01 2.681951747016659837e-01 1.202606812134138448e+00
6.884471409118486651e-01 2.679935164831047101e-01 1.199542371746277869e+00
6.884471409118486651e-01 2.679935164831047101e-01 1.199542371746277869e+00
6.897718346925381105e-01 2.692261442320972309e-01 1.192423496702379015e+00
6.897718346925381105e-01 2.692261442320972309e-01 1.192423496702379015e+00
6.906786164265594774e-01 2.704264353452650038e-01 1.186652995509674735e+00
6.913444858081361222e-01 2.713041176730656701e-01 1.181614922840803494e+00
6.921730694333178002e-01 2.720647765976503263e-01 1.176764714056289129e+00
6.924297112352854056e-01 2.727190126785171143e-01 1.172540466326334574e+00
6.928454186487992272e-01 2.736885867553475182e-01 1.169497838298607206e+00
6.928454186487992272e-01 2.736885867553475182e-01 1.169497838298607206e+00
6.932876979192952316e-01 2.740593239238466317e-01 1.164503529181885488e+00
6.940898545569580413e-01 2.749765925547413836e-01 1.156276911178402367e+00
6.940898545569580413e-01 2.749765925547413836e-01 1.156276911178402367e+00
6.941804357107734802e-01 2.756949253717440596e-01 1.147367369227968226e+00
6.941600728659318431e-01 2.761943715913083297e-01 1.143814817207887025e+00
6.941600728659318431e-01 2.761943715913083297e-01 1.143814817207887025e+00
6.935811656144927895e-01 2.770863000113749086e-01 1.139963322879972374e+00
6.933764650200648916e-01 2.774145098032018697e-01 1.135579948973996389e+00
6.933764650200648916e-01 2.774145098032018697e-01 1.135579948973996389e+00
6.927531594341362897e-01 2.787258859108110443e-01 1.131818398138221715e+00
6.926630158906689205e-01 2.779494541484148207e-01 1.128799240837348838e+00
6.926630158906689205e-01 2.779494541484148207e-01 1.128799240837348838e+00
6.919901302507344143e-01 2.781643796480837150e-01 1.125624433208680664e+00
6.918882924482455676e-01 2.777647299003966341e-01 1.121813466036535978e+00
6.910252501680297366e-01 2.787063435284674595e-01 1.119962367237310907e+00
6.904673736042942211e-01 2.792113147412128016e-01 1.116785602720352433e+00
6.904673736042942211e-01 2.792113147412128016e-01 1.116785602720352433e+00
6.893724810979857676e-01 2.789557020446087887e-01 1.112320556961692297e+00
6.880368524337564518e-01 2.785707812997992860e-01 1.107752864464828013e+00
6.876910357265270113e-01 2.792470518463168738e-01 1.104479274233695296e+00
6.870971499771326707e-01 2.792883124133976880e-01 1.102857992673164533e+00
6.870545342436394920e-01 2.789666912387225306e-01 1.101292080467104473e+00
6.870545342436394920e-01 2.789666912387225306e-01 1.101292080467104473e+00
6.864081040345679785e-01 2.791490169047429748e-01 1.098926542960607655e+00
6.865611291693490825e-01 2.782885652056675263e-01 1.097521629640745067e+00
6.865207972174816042e-01 2.782789139736606132e-01 1.095366198916990053e+00
6.865207972174816042e-01 2.782789139736606132e-01 1.095366198916990053e+00
6.864391385005411683e-01 2.780257403957396845e-01 1.092650199024539637e+00
6.872175892457137447e-01 2.757289998283709576e-01 1.088330388482905864e+00
6.878950732584306893e-01 2.740981419084231874e-01 1.084018922583145583e+00
6.879338614667154239e-01 2.734028548765413125e-01 1.081825444087881172e+00
6.879793980074312421e-01 2.730488574039445782e-01 1.079956227887479026e+00
6.883914138000959415e-01 2.706795106380646132e-01 1.078185443209830119e+00
6.884515736587281109e-01 2.703079709940773290e-01 1.075718378466399283e+00
6.881854780036368302e-01 2.698667484018698604e-01 1.075254960234896195e+00
6.881854780036368302e-01 2.698667484018698604e-01 1.075254960234896195e+00
6.884037410661404399e-01 2.678432972887541674e-01 1.072724661592192597e+00
6.884037410661404399e-01 2.678432972887541674e-01 1.072724661592192597e+00
6.885205846652495687e-01 2.670820523917034062e-01 1.071853222351585089e+00
6.882960364267444175e-01 2.665484235337567398e-01 1.070830929010083921e+00
6.881773623821813013e-01 2.659121000817972202e-01 1.069430905754659156e+00
6.881773623821813013e-01 2.659121000817972202e-01 1.069430905754659156e+00
6.875397505841256418e-01 2.660521617342339051e-01 1.069785638918607340e+00
6.875397505841256418e-01 2.660521617342339051e-01 1.069785638918607340e+00
6.870019811158122325e-01 2.643634208716003631e-01 1.068331298096280468e+00
6.870019811158122325e-01 2.643634208716003631e-01 1.068331298096280468e+00
6.858960474149125019e-01 2.639758645974358275e-01 1.068484347897960873e+00
6.853031990018408903e-01 2.636348600307477641e-01 1.068490418722537250e+00
6.844353008003306593e-01 2.642451286787786957e-01 1.068556642755669195e+00
6.838047498373699407e-01 2.643409695929987979e-01 1.068179492553143373e+00
6.832213302323846271e-01 2.631032857107361012e-01 1.068842822750658561e+00
6.832213302323846271e-01 2.631032857107361012e-01 1.068842822750658561e+00
6.823432182634998622e-01 2.635103653537675394e-01 1.068796528826891468e+00
6.818362010809605467e-01 2.625846059008614675e-01 1.069017590141775109e+00
6.818362010809605467e-01 2.625846059008614675e-01 1.069017590141775109e+00
6.810672197429382679e-01 2.625048936570848479e-01 1.069366396097831240e+00
6.803036602431588031e-01 2.630593890766472764e-01 1.069014057252347438e+00
6.802754391254031141e-01 2.618678290733892911e-01 1.069347585811061485e+00
6.802754391254031141e-01 2.618678290733892911e-01 1.069347585811061485e+00
6.797755042555743143e-01 2.621131583784198082e-01 1.068807403278362544e+00
6.789140628876052519e-01 2.627843158480017149e-01 1.069871935239124827e+00
6.790109593427208212e-01 2.628944647554302683e-01 1.069030088506080389e+00
6.788164787447834581e-01 2.627032164588504193e-01 1.069093168341142430e+00
6.785824603046060055e-01 2.625356385299471573e-01 1.069897798702155844e+00
6.786291993691623281e-01 2.623063780620936702e-01 1.069890994633660330e+00
6.786291993691623281e-01 2.623063780620936702e-01 1.069890994633660330e+00
6.786454739844390849e-01 2.623322340231478145e-01 1.069292032413776905e+00
6.786119637772968227e-01 2.626076806685787024e-01 1.069461975218290339e+00
6.786145835019130601e-01 2.622546666779680957e-01 1.069659208743316325e+00
6.786145835019130601e-01 2.622546666779680957e-01 1.069659208743316325e+00
6.784075483271292395e-01 2.623248215976435871e-01 1.069898511319106849e+00
6.787012103697251941e-01 2.623403992756018765e-01 1.069427288539777532e+00
6.787012103697251941e-01 2.623403992756018765e-01 1.069427288539777532e+00
6.784691291404411073e-01 2.629581177704948813e-01 1.070003465709222112e+00
6.786346717116867877e-01 2.623577419718119419e-01 1.069270379210839117e+00
6.786346717116867877e-01 2.623577419718119419e-01 1.069270379210839117e+00
6.786421779545167565e-01 2.625721259809296604e-01 1.069040012615792401e+00
6.786421779545167565e-01 2.625721259809296604e-01 1.069040012615792401e+00
6.789972436903521924e-01 2.619076098170389777e-01 1.069158584169477955e+00
6.789972436903521924e-01 2.619076098170389777e-01 1.069158584169477955e+00
6.785487902107681935e-01 2.624026235597551882e-01 1.069859653992228488e+00
6.785487902107681935e-01 2.624026235597551882e-01 1.069859653992228488e+00
6.788008032228188826e-01 2.620765878059717613e-01 1.069446878191135930e+00
6.788008032228188826e-01 2.620765878059717613e-01 1.069446878191135930e+00
6.785030312791271445e-01 2.627325574677952802e-01 1.069925918855548996e+00
6.785349568045737634e-01 2.626158900263171336e-01 1.069433738277331791e+00
6.787841302469028726e-01 2.622032589875146202e-01 1.069328975875843302e+00
6.785050346826208001e-01 2.628664890375276286e-01 1.069500164872316583e+00
6.786565817731291528e-01 2.627535952137138864e-01 1.069161494662328460e+00
6.786565817731291528e-01 2.627535952137138864e-01 1.069161494662328460e+00
6.787054593607172448e-01 2.623029123318754707e-01 1.069306079997907499e+00
6.787054593607172448e-01 2.623029123318754707e-01 1.069306079997907499e+00
6.787041321960917140e-01 2.620774546265301486e-01 1.069490129332502315e+00
6.787041321960917140e-01 2.620774546265301486e-01 1.069490129332502315e+00
6.786391954438554253e-01 2.619534874882999964e-01 1.069920481824098157e+00
6.787833815647129621e-01 2.618513355268495824e-01 1.069406547878605673e+00
6.787833815647129621e-01 2.618513355268495824e-01 1.069406547878605673e+00
6.785754565297318353e-01 2.624321919296332406e-01 1.069337755413895197e+00
6.785754565297318353e-01 2.624321919296332406e-01 1.069337755413895197e+00
6.788471159219299222e-01 2.622313275166355817e-01 1.068910606389631646e+00
6.788471159219299222e-01 2.622313275166355817e-01 1.068910606389631646e+00
6.789895332476268974e-01 2.616931806522598269e-01 1.069335634528228551e+00
6.786609590079707433e-01 2.624094815364426680e-01 1.069138552558597466e+00
6.786307373323444692e-01 2.629720036846345810e-01 1.068954026210428454e+00
6.786307373323444692e-01 2.629720036846345810e-01 1.068954026210428454e+00
6.785429317570378371e-01 2.627908096612342481e-01 1.069206284486127423e+00
6.786364400127591345e-01 2.624709827461910727e-01 1.069507694376283347e+00
6.787238786870001261e-01 2.617059695571937739e-01 1.069688610008650231e+00
6.787608455275320196e-01 2.618192456873635332e-01 1.069695051685550347e+00
6.787608455275320196e-01 2.618192456873635332e-01 1.069695051685550347e+00
6.790127682148796584e-01 2.615157379334297483e-01 1.069425235675052654e+00
6.788943384439399820e-01 2.616650394694242099e-01 1.069499055578572388e+00
6.786311664037750768e-01 2.626601152423357344e-01 1.069220232624477074e+00
6.786311664037750768e-01 2.626601152423357344e-01 1.069220232624477074e+00
6.785599614085842113e-01 2.625345683039699285e-01 1.069442308651283424e+00
6.785322358065286608e-01 2.625292397297685487e-01 1.069764706487843720e+00
6.785322358065286608e-01 2.625292397297685487e-01 1.069764706487843720e+00
6.785756230722197468e-01 2.623975537262141500e-01 1.069389099087843409e+00
6.788336954307987448e-01 2.621180244350611588e-01 1.069036888385376471e+00
6.786709643301337413e-01 2.620935826257371204e-01 1.069937982337931359e+00
6.786709643301337413e-01 2.620935826257371204e-01 1.069937982337931359e+00
6.790149808059703362e-01 2.618490753995140197e-01 1.069455771610819284e+00
6.786532027769915931e-01 2.625642576908885362e-01 1.069418568169474559e+00
6.786532027769915931e-01 2.625642576908885362e-01 1.069418568169474559e+00
6.786941423849746080e-01 2.618068832847593175e-01 1.069729790043476791e+00
6.786941423849746080e-01 2.618068832847593175e-01 1.069729790043476791e+00
6.784417895413156208e-01 2.628383265420858872e-01 1.069917927502848087e+00
6.784417895413156208e-01 2.628383265420858872e-01 1.069917927502848087e+00
6.787757355434593798e-01 2.621057957071058486e-01 1.069178898686959478e+00
6.787757355434593798e-01 2.621057957071058486e-01 1.069178898686959478e+00
6.786080828266306542e-01 2.623107611291464747e-01 1.069489130722229620e+00
6.788783685559598435e-01 2.618218938105588700e-01 1.069113547635292427e+00
6.786957662230186372e-01 2.623443589672328491e-01 1.069257184095311342e+00
6.786957662230186372e-01 2.623443589672328491e-01 1.069257184095311342e+00
6.789873847151030040e-01 2.620060615587688213e-01 1.069464314637221580e+00
6.789873847151030040e-01 2.620060615587688213e-01 1.069464314637221580e+00
6.782885694139157984e-01 2.628577960549194348e-01 1.069519585775859039e+00
6.782885694139157984e-01 2.628577960549194348e-01 1.069519585775859039e+00
6.786027751524403850e-01 2.625521077375007062e-01 1.069392373009466546e+00
6.786803003300366788e-01 2.618576334794146532e-01 1.069602574091763847e+00
6.786721859786457589e-01 2.623239617480344621e-01 1.069856338959174646e+00
6.786721859786457589e-01 2.623239617480344621e-01 1.069856338959174646e+00
6.787497576017809120e-01 2.619418552814641310e-01 1.069762475058017026e+00
6.787469542052434468e-01 2.620949833834566034e-01 1.069394413318651704e+00
6.786693301570939640e-01 2.625068974573309122e-01 1.069296286961221920e+00
6.790282670722600500e-01 2.619969778760257162e-01 1.069247581900254929e+00
6.790282670722600500e-01 2.619969778760257162e-01 1.069247581900254929e+00
6.787593616138614117e-01 2.621977955586531350e-01 1.069165781232168655e+00
6.788020431185241010e-01 2.619433725397926072e-01 1.069086282403013843e+00
6.788320779236742819e-01 2.616728241543316846e-01 1.069473949603558571e+00
6.788320779236742819e-01 2.616728241543316846e-01 1.069473949603558571e+00
6.784979481513568889e-01 2.626649348962046271e-01 1.069082981650182784e+00
6.786514788417759014e-01 2.621535575571971033e-01 1.069750498541543804e+00
6.786514788417759014e-01 2.621535575571971033e-01 1.069750498541543804e+00
6.786357023887400475e-01 2.626401054867597562e-01 1.069394615653316727e+00
6.786357023887400475e-01 2.626401054867597562e-01 1.069394615653316727e+00
6.788682922963692468e-01 2.617928512142866371e-01 1.069658261331365212e+00
6.788682922963692468e-01 2.617928512142866371e-01 1.069658261331365212e+00
6.787863514847023438e-01 2.618605810470076012e-01 1.069407531822149870e+00
6.787863514847023438e-01 2.618605810470076012e-01 1.069407531822149870e+00
6.788260579721738797e-01 2.619036364296405406e-01 1.069251969160786020e+00
6.788260579721738797e-01 2.619036364296405406e-01 1.069251969160786020e+00
6.790964076016499096e-01 2.610958033167370962e-01 1.068740151986563136e+00
6.791504120061341299e-01 2.616010031586337714e-01 1.069224620490787370e+00
6.786703996940526284e-01 2.622107882257057598e-01 1.069573087738949546e+00
6.788373249960364397e-01 2.621046300962645015e-01 1.069366759724127869e+00
6.788373249960364397e-01 2.621046300962645015e-01 1.069366759724127869e+00
6.786372229812324131e-01 2.619579621925633983e-01 1.069025310181672683e+00
6.786155139430939398e-01 2.625170313558212731e-01 1.070230207693043223e+00
6.786155139430939398e-01 2.625170313558212731e-01 1.070230207693043223e+00
6.787274433708652133e-01 2.622123854121274356e-01 1.069283429068080826e+00
6.788505279118608460e-01 2.619660240346149971e-01 1.069738668339434984e+00
6.788505279118608460e-01 2.619660240346149971e-01 1.069738668339434984e+00
6.788857715856148056e-01 2.616023319987507145e-01 1.069282342887684978e+00
6.785330603441662722e-01 2.625396545576246798e-01 1.069905263578087684e+00
6.785330603441662722e-01 2.625396545576246798e-01 1.069905263578087684e+00
6.784809523919003160e-01 2.624663928900153875e-01 1.069862883461532910e+00
6.786613210459070400e-01 2.621350086298001592e-01 1.069919628484187646e+00
6.786613210459070400e-01 2.621350086298001592e-01 1.069919628484187646e+00
6.787802277580348154e-01 2.620913876766101103e-01 1.069162624580229259e+00
6.789277171532003274e-01 2.621927369151089149e-01 1.069056420219818504e+00
6.789277171532003274e-01 2.621927369151089149e-01 1.069056420219818504e+00
6.787273888219292894e-01 2.622646382921046682e-01 1.069527507663002197e+00
6.786123032080774164e-01 2.619064450820053347e-01 1.070169892404043699e+00
6.785066106805044406e-01 2.624878178888775393e-01 1.070052217297444042e+00
6.786876298730198931e-01 2.622215415454391962e-01 1.069698292243304483e+00
6.786325902094422213e-01 2.624513846771955317e-01 1.069343605286725118e+00
6.786325902094422213e-01 2.624513846771955317e-01 1.069343605286725118e+00
6.785700896219719613e-01 2.626734478010943064e-01 1.069218088192665839e+00
6.790128545777324165e-01 2.616210677141111440e-01 1.068795277985252090e+00
6.788183282609496771e-01 2.618883455935565041e-01 1.069907569352711807e+00
6.785728208906003367e-01 2.625251754337964982e-01 1.069665637381716827e+00
6.786825396485750561e-01 2.618367024696901524e-01 1.069932080881230485e+00
6.785822011589326408e-01 2.622894050836221402e-01 1.069299733656296603e+00
6.787549839233381066e-01 2.622699167749863447e-01 1.069220278696768833e+00
6.788449152449950175e-01 2.616634027216063751e-01 1.069697234600598179e+00
6.786936998912478369e-01 2.627099722966292905e-01 1.069329563791637794e+00
6.788150023067115457e-01 2.619340114302260991e-01 1.069332456178709645e+00
6.788150023067115457e-01 2.619340114302260991e-01 1.069332456178709645e+00
6.786895975140696535e-01 2.620485897902852801e-01 1.069370702329992318e+00
6.786895975140696535e-01 2.620485897902852801e-01 1.069370702329992318e+00
6.790099744768661738e-01 2.619756896646482369e-01 1.068958613087207743e+00
6.790099744768661738e-01 2.619756896646482369e-01 1.068958613087207743e+00
6.788981862260484723e-01 2.620742326411454881e-01 1.069065215688117743e+00
6.789273954297406766e-01 2.616036395997384245e-01 1.069221776178309380e+00
6.789273954297406766e-01 2.616036395997384245e-01 1.069221776178309380e+00
6.787466633891877654e-01 2.619675160384423163e-01 1.069664458307799881e+00
6.785468844429241031e-01 2.628158907647836218e-01 1.069210358301341701e+00
6.787582470096118481e-01 2.622443878252787020e-01 1.069341134921576453e+00
6.786693301570939640e-01 2.625068974573309122e-01 1.069311545750284420e+00
6.788411834600031058e-01 2.621126528256657595e-01 1.069090111922579300e+00
6.787326094398778986e-01 2.622953370535686668e-01 1.069585093814872323e+00
6.787326094398778986e-01 2.622953370535686668e-01 1.069585093814872323e+00
6.785681530715205190e-01 2.623196620802865642e-01 1.069911742858182135e+00
6.785681530715205190e-01 2.623196620802865642e-01 1.069911742858182135e+00
6.788212529848602905e-01 2.620269840671570760e-01 1.069790130714662890e+00
6.788212529848602905e-01 2.620269840671570760e-01 1.069790130714662890e+00
6.788969951881324016e-01 2.617515797445724712e-01 1.069160513076462760e+00
6.788969951881324016e-01 2.617515797445724712e-01 1.069160513076462760e+00
6.787341003943572204e-01 2.620961186651742381e-01 1.070126862236596921e+00
6.785981940419694158e-01 2.623466633938443815e-01 1.069623196901697604e+00
6.786544608219857722e-01 2.619135950855333572e-01 1.069963985248326033e+00
6.784411888608077312e-01 2.631927394738035608e-01 1.069603856050987289e+00
6.787908410575151930e-01 2.618461449815474573e-01 1.069452316287639926e+00
6.787908410575151930e-01 2.618461449815474573e-01 1.069452316287639926e+00
6.787078136907120918e-01 2.622322742355412961e-01 1.069345470216728655e+00
6.786464166967568490e-01 2.623948463984544510e-01 1.069638511001741676e+00
6.786464166967568490e-01 2.623948463984544510e-01 1.069638511001741676e+00
6.785245631206784367e-01 2.627890271002370493e-01 1.069384401850929533e+00
6.785245631206784367e-01 2.627890271002370493e-01 1.069384401850929533e+00
6.786709052086670191e-01 2.621190051112774477e-01 1.069323676087689634e+00
6.786920382017110898e-01 2.624615950303402778e-01 1.069385435714006460e+00
6.785666749304090084e-01 2.625361447347501209e-01 1.069658261331365212e+00
6.785666749304090084e-01 2.625361447347501209e-01 1.069658261331365212e+00
6.787678444527006638e-01 2.625672115488388303e-01 1.069307278697218866e+00
6.788819425029968269e-01 2.614650346250470547e-01 1.069714829007926360e+00
6.786581853790945029e-01 2.621030611617221617e-01 1.069722290570840562e+00
6.784261551057598760e-01 2.624687081448963122e-01 1.069868171884976515e+00
6.784261551057598760e-01 2.624687081448963122e-01 1.069868171884976515e+00
6.785628281086631963e-01 2.623814671025515022e-01 1.069802781508065070e+00
6.786854056270724689e-01 2.622575968102917598e-01 1.069725545180733928e+00
6.785848243440522065e-01 2.632122450345463216e-01 1.069108756619335798e+00
6.785848243440522065e-01 2.632122450345463216e-01 1.069108756619335798e+00
6.788900143333764792e-01 2.615821915428835354e-01 1.069449360637013458e+00
6.788900143333764792e-01 2.615821915428835354e-01 1.069449360637013458e+00
6.785260965893094021e-01 2.624305071756274366e-01 1.069459686338667836e+00
6.785260965893094021e-01 2.624305071756274366e-01 1.069459686338667836e+00
6.788757199557932109e-01 2.617353841598326070e-01 1.069490223217425928e+00
6.788757199557932109e-01 2.617353841598326070e-01 1.069490223217425928e+00
6.786062768646696775e-01 2.627414901571308858e-01 1.069158162823696134e+00
6.787779930285927632e-01 2.618301114788303963e-01 1.069820218987759475e+00
6.788257173422720392e-01 2.622150703789484227e-01 1.069225581757077270e+00
6.785501723921535389e-01 2.623561674854184012e-01 1.069691909823957454e+00
6.788672833466351531e-01 2.620592931332645370e-01 1.069611441375321936e+00
6.788036615571209076e-01 2.618192114608194343e-01 1.069326703949810886e+00
6.785385605172162826e-01 2.630052559835089343e-01 1.069377869290514926e+00
6.785385605172162826e-01 2.630052559835089343e-01 1.069377869290514926e+00
6.786980425051246657e-01 2.623604502956980999e-01 1.069458851613131367e+00
6.784769634875248423e-01 2.629211729406249476e-01 1.069111002750205541e+00
6.788312248215183642e-01 2.618766040847919641e-01 1.069240875458108198e+00
6.788312248215183642e-01 2.618766040847919641e-01 1.069240875458108198e+00
6.785877582104155037e-01 2.623428451565172903e-01 1.069538385276750603e+00
6.785877582104155037e-01 2.623428451565172903e-01 1.069538385276750603e+00
6.785521805603101919e-01 2.626267560186419936e-01 1.069566563839987827e+00
6.785521805603101919e-01 2.626267560186419936e-01 1.069566563839987827e+00
6.786564279254911902e-01 2.625185939081659536e-01 1.069970892141236751e+00
6.791868777794088929e-01 2.611305851699918246e-01 1.069258431134114229e+00
6.787220098905228927e-01 2.621763453109736686e-01 1.069370521139234587e+00
6.788560970970525243e-01 2.618473903835595862e-01 1.069531723456991212e+00
6.786883609070560874e-01 2.623243304677392862e-01 1.069840900852921717e+00
6.790240189951280980e-01 2.616129894645796705e-01 1.069104843363940516e+00
6.788926371316320596e-01 2.620781805834226930e-01 1.068902737226600230e+00
6.784427221016625653e-01 2.629263031476178347e-01 1.069681032741727655e+00
6.787774947882762033e-01 2.619471269195238761e-01 1.069470625608887726e+00
6.786033880419175546e-01 2.621054031599172607e-01 1.069727572043140729e+00
6.787519662510747009e-01 2.619057991189790435e-01 1.069750498541543804e+00
6.787519662510747009e-01 2.619057991189790435e-01 1.069750498541543804e+00
6.788411565537858516e-01 2.618581981061896546e-01 1.069432752012380750e+00
6.785723029321030220e-01 2.626373751681439495e-01 1.069190857357158020e+00
6.787721660727530359e-01 2.620088005198354386e-01 1.069361684372154953e+00
6.788391898184382711e-01 2.617447682245894747e-01 1.069134278119431070e+00
6.788391898184382711e-01 2.617447682245894747e-01 1.069134278119431070e+00
6.787254082012197376e-01 2.621861502047219128e-01 1.069139250168271715e+00
6.787254082012197376e-01 2.621861502047219128e-01 1.069139250168271715e+00
6.786800663958328927e-01 2.619550065273090200e-01 1.069676497732499731e+00
6.786800663958328927e-01 2.619550065273090200e-01 1.069676497732499731e+00
6.785472512256175426e-01 2.624837567277028549e-01 1.069953160059965436e+00
6.785454376988707681e-01 2.626772488843392428e-01 1.069579501414545053e+00
6.787946880848492182e-01 2.619580019109747360e-01 1.069588100846524226e+00
6.787946880848492182e-01 2.619580019109747360e-01 1.069588100846524226e+00
6.787704183871926533e-01 2.621675140331385379e-01 1.069062076784519810e+00
6.787704183871926533e-01 2.621675140331385379e-01 1.069062076784519810e+00
6.785782268330481370e-01 2.625415771659543873e-01 1.069119114831175388e+00
6.785782268330481370e-01 2.625415771659543873e-01 1.069119114831175388e+00
6.789257332878354534e-01 2.619172918827571972e-01 1.069087345030150793e+00
6.789257332878354534e-01 2.619172918827571972e-01 1.069087345030150793e+00
6.786688243839895662e-01 2.620372874168430677e-01 1.069970862273997181e+00
6.785464198772123146e-01 2.624733760147602846e-01 1.069782094330236966e+00
6.785464198772123146e-01 2.624733760147602846e-01 1.069782094330236966e+00
6.787726923076932151e-01 2.623828163536968683e-01 1.069727695460094496e+00
6.783114909879003340e-01 2.627202000066301002e-01 1.069606700879875749e+00
6.783114909879003340e-01 2.627202000066301002e-01 1.069606700879875749e+00
6.785711071553254259e-01 2.624639998834512045e-01 1.069603764064102736e+00
6.788470042606306043e-01 2.621741751225105110e-01 1.068602455487968728e+00
6.788470042606306043e-01 2.621741751225105110e-01 1.068602455487968728e+00
6.786578113396860568e-01 2.621078880722773063e-01 1.069832286512326869e+00
6.786578113396860568e-01 2.621078880722773063e-01 1.069832286512326869e+00
6.788713579214119553e-01 2.618595940641144093e-01 1.069773696822726272e+00
6.788713579214119553e-01 2.618595940641144093e-01 1.069773696822726272e+00
6.787164938670126046e-01 2.620181840915547511e-01 1.069514494109145453e+00
6.785117583958707455e-01 2.628103546662811651e-01 1.069639723533311937e+00
6.787464114995284126e-01 2.622441989370793425e-01 1.069743086135844345e+00
6.787464114995284126e-01 2.622441989370793425e-01 1.069743086135844345e+00
6.784653305579066984e-01 2.628233404975267584e-01 1.069686260717650494e+00
6.786335471934541452e-01 2.623266593717108464e-01 1.069807958921374258e+00
6.786335471934541452e-01 2.623266593717108464e-01 1.069807958921374258e+00
6.787265500284750397e-01 2.623817354251971601e-01 1.069139711441355889e+00
6.787265500284750397e-01 2.623817354251971601e-01 1.069139711441355889e+00
6.785090230213614015e-01 2.626139748098420545e-01 1.069703547927856713e+00
6.788051752399258953e-01 2.616779095699305890e-01 1.069944457090482803e+00
6.788051752399258953e-01 2.616779095699305890e-01 1.069944457090482803e+00
6.786158708373725146e-01 2.622082127790885120e-01 1.069476301339476798e+00
6.786158708373725146e-01 2.622082127790885120e-01 1.069476301339476798e+00
6.786648854868778669e-01 2.620525516466689631e-01 1.069709352721361695e+00
6.786467317324816895e-01 2.624654073090699757e-01 1.069098225679028680e+00
6.785931946076175780e-01 2.625103333365481628e-01 1.069911725275467518e+00
6.788161379650433647e-01 2.624137326584575769e-01 1.068798221376504820e+00
6.788325340292105103e-01 2.617954725674028205e-01 1.069154986327174761e+00
6.788325340292105103e-01 2.617954725674028205e-01 1.069154986327174761e+00
6.786448729787226686e-01 2.621693689860961629e-01 1.069845358811319924e+00
6.786448729787226686e-01 2.621693689860961629e-01 1.069845358811319924e+00
6.785893000745502057e-01 2.624908536004528226e-01 1.069724620281150340e+00
6.785893000745502057e-01 2.624908536004528226e-01 1.069724620281150340e+00
6.785672942794535034e-01 2.623093307691399256e-01 1.069748346686219875e+00
6.787199151695709753e-01 2.618281225699480297e-01 1.069911704420062115e+00
6.785102077573776924e-01 2.624308035817270457e-01 1.069227967798904722e+00
6.785102077573776924e-01 2.624308035817270457e-01 1.069227967798904722e+00
6.788774575864195970e-01 2.618485767443454182e-01 1.069773384609621347e+00
6.788774575864195970e-01 2.618485767443454182e-01 1.069773384609621347e+00
6.788331695080670469e-01 2.618775384711338194e-01 1.069998716701249908e+00
6.788331695080670469e-01 2.618775384711338194e-01 1.069998716701249908e+00
6.788601097037946230e-01 2.622219529432676111e-01 1.069134239769229389e+00
6.788601097037946230e-01 2.622219529432676111e-01 1.069134239769229389e+00
6.788282205968340088e-01 2.618675921450203115e-01 1.069209455657392116e+00
6.787107086296921832e-01 2.620790776362817431e-01 1.069690771065309187e+00
6.785455462286865691e-01 2.624629902747038779e-01 1.069656828913268409e+00
6.785455462286865691e-01 2.624629902747038779e-01 1.069656828913268409e+00
6.790107179714164332e-01 2.617142181250860511e-01 1.069130914343463967e+00
6.786948567979862457e-01 2.622416255884713610e-01 1.069145064602774475e+00
6.786828383736255299e-01 2.623536915445365825e-01 1.069071755761497267e+00
6.784017911436165393e-01 2.626631305258808058e-01 1.069891149620926685e+00
6.784017911436165393e-01 2.626631305258808058e-01 1.069891149620926685e+00
6.787064613355606735e-01 2.623710457546331587e-01 1.069515423661379083e+00
6.787692043757215243e-01 2.621617885780700430e-01 1.069016235377669988e+00
6.787692043757215243e-01 2.621617885780700430e-01 1.069016235377669988e+00
6.786418201900207281e-01 2.621949871412678212e-01 1.069724498049486883e+00
6.786418201900207281e-01 2.621949871412678212e-01 1.069724498049486883e+00
6.788003039059455901e-01 2.621737758767291315e-01 1.069513117538237301e+00
6.788003039059455901e-01 2.621737758767291315e-01 1.069513117538237301e+00
6.788654259349643505e-01 2.618264034715553357e-01 1.068826367060961235e+00
6.788471159219299222e-01 2.622313275166355817e-01 1.068948753362287896e+00
6.788471159219299222e-01 2.622313275166355817e-01 1.068948753362287896e+00
6.789486221353036033e-01 2.618315521249059419e-01 1.069395844623333147e+00
6.789486221353036033e-01 2.618315521249059419e-01 1.069395844623333147e+00
6.786610814815509096e-01 2.624671671680446350e-01 1.069192063458401343e+00
6.786610814815509096e-01 2.624671671680446350e-01 1.069192063458401343e+00
6.782833177866458563e-01 2.630214379189789731e-01 1.069815542773245420e+00
6.790503910746186200e-01 2.620434192078442970e-01 1.069570846668958186e+00
6.787557610593265567e-01 2.623150127887695082e-01 1.069278876066880990e+00
6.784309184872815424e-01 2.625617766028366384e-01 1.070112402304851607e+00
6.787491561756603398e-01 2.624753906417172655e-01 1.069566717725459526e+00
6.787334037837796652e-01 2.620337756830143916e-01 1.069757077093312470e+00
6.789886194740637482e-01 2.623239813117576036e-01 1.069213188798586733e+00
6.786876298730198931e-01 2.622215415454391962e-01 1.069690662848773233e+00
6.783844086879119439e-01 2.624671862058104432e-01 1.069898462862705735e+00
6.783844086879119439e-01 2.624671862058104432e-01 1.069898462862705735e+00
6.788682922963692468e-01 2.617928512142866371e-01 1.069665890725896462e+00
6.787962259926486608e-01 2.613954309819716548e-01 1.069942315898872121e+00
6.785873395012516074e-01 2.626843476050700343e-01 1.069350893317291051e+00
6.788271481939239793e-01 2.614674455230134309e-01 1.069720109547361186e+00
6.788271481939239793e-01 2.614674455230134309e-01 1.069720109547361186e+00
6.786434322737938674e-01 2.623336736756731735e-01 1.069385989224622691e+00
6.786631176143381738e-01 2.624657807667611920e-01 1.069090262503729294e+00
6.789830750972358775e-01 2.619634730237598297e-01 1.069110688521131669e+00
6.784837173217507234e-01 2.625933398896644899e-01 1.069282342887684978e+00
6.784837173217507234e-01 2.625933398896644899e-01 1.069282342887684978e+00
6.787482722750586284e-01 2.623204153983200171e-01 1.069217987695872951e+00
6.791044346941530474e-01 2.611278610389944355e-01 1.069547963058373963e+00
6.791044346941530474e-01 2.611278610389944355e-01 1.069547963058373963e+00
6.788351741226303915e-01 2.621592491398238578e-01 1.068624170017873798e+00
6.787611334646564965e-01 2.620390829903197494e-01 1.069457567440345924e+00
6.787611334646564965e-01 2.620390829903197494e-01 1.069457567440345924e+00
6.786314425882377099e-01 2.622703141815308503e-01 1.069879013443297611e+00
6.788283708697658847e-01 2.620873662942635463e-01 1.068979283547946135e+00
6.788283708697658847e-01 2.620873662942635463e-01 1.068979283547946135e+00
6.788694221389114380e-01 2.617463739418145474e-01 1.069482960269217298e+00
6.788694221389114380e-01 2.617463739418145474e-01 1.069482960269217298e+00
6.785402151496847667e-01 2.626465518917742159e-01 1.069483754170014622e+00
6.785402151496847667e-01 2.626465518917742159e-01 1.069483754170014622e+00
6.787712514558449373e-01 2.619060226320725770e-01 1.069226751256792340e+00
6.786502510949142808e-01 2.618308579854619622e-01 1.069860713647349248e+00
6.786937825836885096e-01 2.620113640545042033e-01 1.069226921204371239e+00
6.787486389728064617e-01 2.622602511071172593e-01 1.069921783199820009e+00
6.787396473946546438e-01 2.623468295419483787e-01 1.069946762421867925e+00
6.787396473946546438e-01 2.623468295419483787e-01 1.069946762421867925e+00
6.787993790562460994e-01 2.621633122675152139e-01 1.069349624975478807e+00
6.786539264961157780e-01 2.617711477730927938e-01 1.069808526042484775e+00
6.786394462896774282e-01 2.623162537481747436e-01 1.068647513183619280e+00
6.786394462896774282e-01 2.623162537481747436e-01 1.068647513183619280e+00
6.787675901233639619e-01 2.617338590336482085e-01 1.069771365021895626e+00
6.788296113828792278e-01 2.617957802435670889e-01 1.069640604683334217e+00
6.788296113828792278e-01 2.617957802435670889e-01 1.069640604683334217e+00
6.787507315186592782e-01 2.621349959542829122e-01 1.068895427840134804e+00
6.787507315186592782e-01 2.621349959542829122e-01 1.068895427840134804e+00
6.787152118291940317e-01 2.619521831275632429e-01 1.070164845686142119e+00
6.787152118291940317e-01 2.619521831275632429e-01 1.070164845686142119e+00
6.789431304020239200e-01 2.618357908843637061e-01 1.069218268691916052e+00
6.789431304020239200e-01 2.618357908843637061e-01 1.069218268691916052e+00
6.786635879536201399e-01 2.624056893849656680e-01 1.069771355505561461e+00
6.787607776160610173e-01 2.617992239178815739e-01 1.070164148248997193e+00
6.787543472516291976e-01 2.624015713159177365e-01 1.069204252587350634e+00
6.785523807839471955e-01 2.623201352864569236e-01 1.069657013407290025e+00
6.788779793733301648e-01 2.616647354723027341e-01 1.069552436893841829e+00
6.788779793733301648e-01 2.616647354723027341e-01 1.069552436893841829e+00
6.792173530676889337e-01 2.613316249405839287e-01 1.068887231777097657e+00
6.787165382452658990e-01 2.626023448244076963e-01 1.069239578314347794e+00
6.786247356417178800e-01 2.624562105898859410e-01 1.069567779416924491e+00
6.786699133176713472e-01 2.625948478078485859e-01 1.069059114939968413e+00
