5.403122737645813523e-01 5.481914734672279632e-01 1.025656987504710571e+00
5.408350042412827241e-01 5.479140696602876615e-01 1.024716818917379424e+00
5.409338634188092243e-01 5.477044352267707028e-01 1.025260165519381816e+00
5.407236824833840938e-01 5.476807493303016416e-01 1.024759624157710824e+00
5.400530623098368510e-01 5.484737505202973429e-01 1.025581374144583613e+00
5.400530623098368510e-01 5.484737505202973429e-01 1.025581374144583613e+00
5.406379669740415395e-01 5.480779270735139930e-01 1.024453341046735133e+00
5.407292695013915518e-01 5.476748741158404821e-01 1.025335982109710997e+00
5.399641579238436684e-01 5.487971365623292019e-01 1.024943609149561841e+00
5.404721852685014927e-01 5.480206410457209021e-01 1.026087626083116211e+00
5.404721852685014927e-01 5.480206410457209021e-01 1.026087626083116211e+00
5.403705841905486196e-01 5.480728977877908914e-01 1.025364155490264384e+00
5.407241203561017340e-01 5.479465221879012971e-01 1.025391194884172741e+00
5.407241203561017340e-01 5.479465221879012971e-01 1.025391194884172741e+00
5.410771720512856930e-01 5.475540505704362682e-01 1.024778857103333163e+00
5.403744505584759938e-01 5.480268340226275292e-01 1.025830745831883384e+00
5.409796798055360734e-01 5.475307586969235807e-01 1.025272976285160009e+00
5.402858415935766212e-01 5.482111665395538180e-01 1.026171374172404116e+00
5.408170278157550248e-01 5.475551742322606330e-01 1.024716723231043680e+00
5.408170278157550248e-01 5.475551742322606330e-01 1.024716723231043680e+00
5.404436330961787105e-01 5.481625180475632186e-01 1.025413433994277534e+00
5.404436330961787105e-01 5.481625180475632186e-01 1.025413433994277534e+00
5.399950008202696328e-01 5.484774774713088163e-01 1.025257436019856527e+00
5.405849677592265978e-01 5.481318158286588860e-01 1.025422895055546624e+00
5.405849677592265978e-01 5.481318158286588860e-01 1.025422895055546624e+00
5.401052517758593297e-01 5.482085338619563375e-01 1.026151915630668210e+00
5.397187548113250299e-01 5.483836148396472598e-01 1.027597323279314523e+00
5.404247149208879497e-01 5.474917085036692388e-01 1.030299962259607627e+00
5.400210233092453960e-01 5.472063489267215974e-01 1.032143051482113272e+00
5.397455733840180736e-01 5.467180374215794281e-01 1.037632171292098615e+00
5.401197911293698084e-01 5.457205217001984687e-01 1.042894530536808695e+00
5.388734744544187993e-01 5.454177493930680853e-01 1.049305537294245250e+00
5.387910090297605148e-01 5.445983315313336348e-01 1.053851047007720920e+00
5.383533811294539673e-01 5.437445147379177390e-01 1.058581136800377243e+00
5.381444138292267310e-01 5.429549267824272940e-01 1.064010444808175526e+00
5.381444138292267310e-01 5.429549267824272940e-01 1.064010444808175526e+00
5.373923331326919683e-01 5.417595609497977138e-01 1.070952316173583219e+00
5.358459534662153301e-01 5.412765645547816806e-01 1.079285848998222219e+00
5.358459534662153301e-01 5.412765645547816806e-01 1.079285848998222219e+00
5.350671512140180441e-01 5.394146840037544743e-01 1.087957752634226338e+00
5.345696883543139544e-01 5.382151271673389914e-01 1.093475051583416624e+00
5.345696883543139544e-01 5.382151271673389914e-01 1.093475051583416624e+00
5.341835424916645536e-01 5.358854630174383349e-01 1.102290909894781734e+00
5.319440831865700492e-01 5.334038001186088840e-01 1.116052721288264049e+00
5.299341657020922858e-01 5.297145150132676061e-01 1.130182850407597694e+00
5.289219983146941084e-01 5.275676744027470999e-01 1.138408757842957364e+00
5.270146491663448840e-01 5.257365298075066251e-01 1.146854860054152159e+00
5.270146491663448840e-01 5.257365298075066251e-01 1.146854860054152159e+00
5.261629595667177695e-01 5.231425183755261665e-01 1.154694063437097906e+00
5.252544428727197179e-01 5.214193071370497590e-01 1.159696992017845929e+00
5.252544428727197179e-01 5.214193071370497590e-01 1.159696992017845929e+00
5.241197999189554091e-01 5.191520906008271208e-01 1.166870811847922074e+00
5.241197999189554091e-01 5.191520906008271208e-01 1.166870811847922074e+00
5.209563070449380051e-01 5.160487843118444218e-01 1.178953449222463812e+00
5.209563070449380051e-01 5.160487843118444218e-01 1.178953449222463812e+00
5.189353638670989310e-01 5.120463347522156150e-01 1.190323569474659005e+00
5.189353638670989310e-01 5.120463347522156150e-01 1.190323569474659005e+00
5.175519054086532567e-01 5.092118382308679081e-01 1.197438989866637993e+00
5.175519054086532567e-01 5.092118382308679081e-01 1.197438989866637993e+00
5.169652117133261005e-01 5.029263732958300093e-01 1.209610992514474903e+00
5.178161314534469595e-01 5.001905249700098199e-01 1.212330624807077317e+00
5.178161314534469595e-01 5.001905249700098199e-01 1.212330624807077317e+00
5.184229662550612350e-01 4.961138045097088778e-01 1.217992510759809077e+00
5.183669803827128941e-01 4.931107476979210147e-01 1.222868441496347547e+00
5.179873523384561640e-01 4.915675712752953785e-01 1.225946494033174572e+00
5.179873523384561640e-01 4.915675712752953785e-01 1.225946494033174572e+00
5.182066707019552521e-01 4.877485826678646941e-01 1.230859411793562508e+00
5.182066707019552521e-01 4.877485826678646941e-01 1.230859411793562508e+00
5.196944983683929875e-01 4.813675259402084849e-01 1.238389494934900359e+00
5.207114526795967313e-01 4.751214312204230517e-01 1.245161148047608357e+00
5.212585089826478058e-01 4.709504214774692943e-01 1.249892232264764980e+00
5.212585089826478058e-01 4.709504214774692943e-01 1.249892232264764980e+00
5.222966304366790657e-01 4.668971708614233496e-01 1.254030999262779389e+00
5.223355078015570196e-01 4.651749344481390658e-01 1.256358820706539259e+00
5.243049935371202341e-01 4.601723753216876434e-01 1.259625821483226549e+00
5.243049935371202341e-01 4.601723753216876434e-01 1.259625821483226549e+00
5.260768604417961347e-01 4.560116981334799702e-01 1.262643308010581666e+00
5.269122541503136192e-01 4.531051611332603812e-01 1.265060781207846929e+00
5.275236484167000750e-01 4.511662793282205652e-01 1.266615723144199679e+00
5.275236484167000750e-01 4.511662793282205652e-01 1.266615723144199679e+00
5.303542806001839693e-01 4.454405401543581888e-01 1.269312849815527944e+00
5.303542806001839693e-01 4.454405401543581888e-01 1.269312849815527944e+00
5.354604065444353855e-01 4.363679331216960833e-01 1.273405942302265004e+00
5.354604065444353855e-01 4.363679331216960833e-01 1.273405942302265004e+00
5.408179433429829430e-01 4.262605698113020591e-01 1.277533760196353230e+00
5.431347784883645557e-01 4.216065253741901331e-01 1.279582484524553365e+00
5.462692398090676082e-01 4.165688678384505406e-01 1.281047852925928154e+00
5.483480732892579423e-01 4.137005530995458980e-01 1.281191283975355422e+00
5.483480732892579423e-01 4.137005530995458980e-01 1.281191283975355422e+00
5.512860064434105256e-01 4.083472446202385808e-01 1.282870580689512208e+00
5.529596594206244164e-01 4.046020150329298071e-01 1.284164407482036641e+00
5.554864842843413308e-01 4.012005893096211584e-01 1.284675308559970919e+00
5.554864842843413308e-01 4.012005893096211584e-01 1.284675308559970919e+00
5.585449591139706182e-01 3.961125486229231107e-01 1.285858714861239482e+00
5.585449591139706182e-01 3.961125486229231107e-01 1.285858714861239482e+00
5.644834984493286578e-01 3.871611037216711737e-01 1.286522874854425735e+00
5.644834984493286578e-01 3.871611037216711737e-01 1.286522874854425735e+00
5.707088430158334669e-01 3.761382958916945629e-01 1.288883799877778236e+00
5.726703165196095346e-01 3.725968169285881482e-01 1.289442868988499136e+00
5.726703165196095346e-01 3.725968169285881482e-01 1.289442868988499136e+00
5.754320846173976989e-01 3.677158803913721519e-01 1.290275944508332495e+00
5.754320846173976989e-01 3.677158803913721519e-01 1.290275944508332495e+00
5.811055844855714803e-01 3.583190007700080004e-01 1.290870983244164272e+00
5.811055844855714803e-01 3.583190007700080004e-01 1.290870983244164272e+00
5.873504745542034167e-01 3.472406265795787150e-01 1.292033927938368798e+00
5.894684514565298183e-01 3.442184599793907118e-01 1.291899962759999410e+00
5.894684514565298183e-01 3.442184599793907118e-01 1.291899962759999410e+00
5.916419487032682500e-01 3.398145328687306455e-01 1.292386530181619975e+00
5.968504449118012811e-01 3.304156650992262634e-01 1.293191700494359608e+00
5.968504449118012811e-01 3.304156650992262634e-01 1.293191700494359608e+00
6.022844402577923750e-01 3.207846609960097184e-01 1.293265392040519712e+00
6.022844402577923750e-01 3.207846609960097184e-01 1.293265392040519712e+00
6.072768025955723736e-01 3.111161717578850849e-01 1.293390333792159952e+00
6.072768025955723736e-01 3.111161717578850849e-01 1.293390333792159952e+00
6.127033127154624115e-01 3.007530517781319412e-01 1.293471935180424248e+00
6.152166776361915890e-01 2.956980139915242889e-01 1.293506448698892086e+00
6.152166776361915890e-01 2.956980139915242889e-01 1.293506448698892086e+00
6.180396125259369766e-01 2.903546201562648421e-01 1.293565084751819194e+00
6.196657699743129966e-01 2.868443371334292724e-01 1.293768428489723954e+00
6.215118658177977151e-01 2.834648641893630083e-01 1.293659871120723226e+00
6.237207354591790542e-01 2.782618708965849397e-01 1.293946851225973971e+00
6.264770868025127948e-01 2.725143763910518602e-01 1.293796679418026674e+00
6.276980954886900443e-01 2.694685809175056401e-01 1.293887238897357239e+00
6.304592596477557320e-01 2.644257204077165579e-01 1.293398413687489867e+00
6.328213805606598408e-01 2.587499298270471981e-01 1.293612287448143494e+00
6.339950800793902053e-01 2.560572207959739832e-01 1.293621250650734522e+00
6.365868707879890342e-01 2.497822353414706209e-01 1.293793746238820486e+00
6.377746772927437302e-01 2.464235815576383271e-01 1.293948583146862230e+00
6.377746772927437302e-01 2.464235815576383271e-01 1.293948583146862230e+00
6.401754008687966513e-01 2.400230443324888052e-01 1.293720002031644389e+00
6.418474738385325784e-01 2.367602333641382617e-01 1.293445687212380957e+00
6.440714020001557794e-01 2.309588916338340681e-01 1.293495328579323367e+00
6.461624526281454228e-01 2.251882381246415044e-01 1.293366160360287287e+00
6.473753694469175368e-01 2.217722113557849817e-01 1.293598084250315638e+00
6.495067782356445107e-01 2.150237556701709851e-01 1.293996476944968999e+00
6.495067782356445107e-01 2.150237556701709851e-01 1.293996476944968999e+00
6.515386300932812791e-01 2.097033444846879424e-01 1.293531296472989700e+00
6.535329536936179684e-01 2.045171467537619248e-01 1.293186158912003281e+00
6.535329536936179684e-01 2.045171467537619248e-01 1.293186158912003281e+00
6.554099709410216024e-01 1.985878540932816683e-01 1.293199604080158771e+00
6.570714076041442864e-01 1.926678531662211202e-01 1.294031870556302533e+00
6.570714076041442864e-01 1.926678531662211202e-01 1.294031870556302533e+00
6.586114040017272409e-01 1.875888565667856445e-01 1.293719605434480169e+00
6.603434302160510194e-01 1.824416784682292847e-01 1.293304072524909865e+00
6.612635802089873449e-01 1.781456241733742341e-01 1.294181511997785305e+00
6.622366998795392590e-01 1.743946088023463903e-01 1.293593977204477996e+00
6.636997820719942043e-01 1.692531908880022806e-01 1.293467164895578003e+00
6.636997820719942043e-01 1.692531908880022806e-01 1.293467164895578003e+00
6.656941736749625305e-01 1.628374630010973323e-01 1.293352476230351211e+00
6.656941736749625305e-01 1.628374630010973323e-01 1.293352476230351211e+00
6.677276262069737900e-01 1.544570058327724427e-01 1.293351070096339539e+00
6.677276262069737900e-01 1.544570058327724427e-01 1.293351070096339539e+00
6.697815569450562556e-01 1.471766528319541634e-01 1.293182129281666315e+00
6.697815569450562556e-01 1.471766528319541634e-01 1.293182129281666315e+00
6.711950839519137402e-01 1.402077467840726066e-01 1.293262180983603127e+00
6.716301327121532161e-01 1.366470618802370085e-01 1.293919191885774866e+00
6.729097615257789711e-01 1.327864176990084244e-01 1.293839833980519494e+00
6.743697093560200306e-01 1.290116195351665163e-01 1.293612796570218215e+00
6.743697093560200306e-01 1.290116195351665163e-01 1.293612796570218215e+00
6.754452788221436688e-01 1.247120355952482107e-01 1.294531264346876043e+00
6.765931702923272395e-01 1.224315265845917905e-01 1.295045559687987069e+00
6.787991741174455029e-01 1.186799253178459496e-01 1.294968698619350711e+00
6.797116692640003954e-01 1.166579511311571643e-01 1.295754212103112479e+00
6.797116692640003954e-01 1.166579511311571643e-01 1.295754212103112479e+00
6.818685659656094078e-01 1.135809415872673783e-01 1.296230611043036385e+00
6.838557140766247100e-01 1.097249216419082934e-01 1.296873865235575574e+00
6.854782131885234220e-01 1.066667664883886035e-01 1.297649878989529437e+00
6.854782131885234220e-01 1.066667664883886035e-01 1.297649878989529437e+00
6.873345344669550272e-01 1.031456736998895285e-01 1.298567785935404784e+00
6.893256670649109408e-01 9.895731657698349226e-02 1.300108294994987812e+00
6.907888310609612281e-01 9.760535636291908790e-02 1.300512419506907547e+00
6.930854303907594272e-01 9.460131764793060227e-02 1.300861528380429011e+00
6.942936770488110643e-01 9.138892310633321692e-02 1.302722416795694116e+00
6.959171278395327453e-01 8.869739172365610769e-02 1.303722766887227547e+00
6.959171278395327453e-01 8.869739172365610769e-02 1.303722766887227547e+00
6.982078054249751808e-01 8.474623337567353809e-02 1.304130096873304279e+00
6.991657622856104481e-01 8.356707060763114703e-02 1.305422824849462149e+00
7.010699186091042812e-01 7.993065451192470083e-02 1.306510897375781077e+00
7.010699186091042812e-01 7.993065451192470083e-02 1.306510897375781077e+00
7.029430813933945643e-01 7.649465108291032822e-02 1.307403826718564810e+00
7.044627535699550247e-01 7.501353862282306162e-02 1.308903730981403779e+00
7.054610756546253469e-01 7.220185814029335403e-02 1.309463487262329640e+00
7.068393598761036900e-01 7.049667619597711765e-02 1.309780018226196940e+00
7.068393598761036900e-01 7.049667619597711765e-02 1.309780018226196940e+00
7.078722189528883213e-01 6.830107505836849335e-02 1.311378042795235288e+00
7.092374937841773308e-01 6.545825048209762131e-02 1.311384285871270095e+00
7.095810474798350809e-01 6.513403474349289957e-02 1.312785874260732566e+00
7.095810474798350809e-01 6.513403474349289957e-02 1.312785874260732566e+00
7.105944722699715221e-01 6.272791685889660129e-02 1.313279431240871764e+00
7.105944722699715221e-01 6.272791685889660129e-02 1.313279431240871764e+00
7.129537297404150431e-01 5.948036557741357561e-02 1.314534410406814846e+00
7.129537297404150431e-01 5.948036557741357561e-02 1.314534410406814846e+00
7.155975771784188755e-01 5.414550394546927686e-02 1.316449186179412978e+00
7.155975771784188755e-01 5.414550394546927686e-02 1.316449186179412978e+00
7.167349482169773633e-01 5.182501556382351771e-02 1.318257747173313010e+00
7.181893619781332117e-01 4.886048744843529690e-02 1.317664081006264309e+00
7.181893619781332117e-01 4.886048744843529690e-02 1.317664081006264309e+00
7.197649643438355227e-01 4.749402154701337642e-02 1.317086468485874295e+00
7.213411881982197960e-01 4.636825366283862937e-02 1.315250995474952944e+00
7.213411881982197960e-01 4.636825366283862937e-02 1.315250995474952944e+00
7.230180595964095236e-01 4.678826583318151933e-02 1.312363155475445797e+00
7.244343923521375794e-01 4.744595794416031631e-02 1.310348731438119696e+00
7.262958266594350398e-01 4.768187411438612466e-02 1.307362475615105435e+00
7.262958266594350398e-01 4.768187411438612466e-02 1.307362475615105435e+00
7.286272813350854749e-01 4.944738394977113427e-02 1.303245952294675991e+00
7.301755590676122232e-01 4.894239070474239173e-02 1.300461385976428685e+00
7.321114464886503415e-01 4.974347415718101406e-02 1.297455858712659005e+00
7.353179872055185529e-01 5.047948244457590300e-02 1.292132547015880650e+00
7.386599061367087327e-01 5.196111179337462027e-02 1.285733067013240749e+00
7.404497041504182198e-01 5.338962309429021863e-02 1.282729895306155887e+00
7.404497041504182198e-01 5.338962309429021863e-02 1.282729895306155887e+00
7.438170103254948540e-01 5.266726892379552244e-02 1.276266664222583502e+00
7.438170103254948540e-01 5.266726892379552244e-02 1.276266664222583502e+00
7.494554217876159274e-01 5.593755685838965735e-02 1.265479275639607604e+00
7.494554217876159274e-01 5.593755685838965735e-02 1.265479275639607604e+00
7.549299685435633123e-01 5.730859819768772262e-02 1.254112810208111606e+00
7.577417913197842525e-01 5.848368540493666806e-02 1.248199597987132536e+00
7.577417913197842525e-01 5.848368540493666806e-02 1.248199597987132536e+00
7.608077549555554153e-01 5.892905327914175345e-02 1.241724095062720634e+00
7.630725760494053711e-01 6.021747479327087260e-02 1.236622358145957223e+00
7.661144438303564286e-01 6.147398293623775045e-02 1.229437650666839188e+00
7.693602580677444402e-01 6.237300553111959495e-02 1.222018452423581980e+00
7.712107460806528758e-01 6.228742725530406893e-02 1.217293955641881809e+00
7.743079358692603886e-01 6.389507024614307640e-02 1.209732769307033662e+00
7.758196275965655309e-01 6.400406775908894230e-02 1.206022001433570079e+00
7.758196275965655309e-01 6.400406775908894230e-02 1.206022001433570079e+00
7.786016052156149447e-01 6.531041473561587096e-02 1.198717640192078493e+00
7.806161544910170669e-01 6.648021370052692447e-02 1.193130987315840885e+00
7.824410173872223817e-01 6.619856955646366559e-02 1.188477736156758002e+00
7.838158557419963035e-01 6.739614419360144548e-02 1.184360078975432939e+00
7.852101396251565113e-01 6.710363088586961122e-02 1.180286305898243349e+00
7.852101396251565113e-01 6.710363088586961122e-02 1.180286305898243349e+00
7.870018662315265701e-01 6.835699495330009590e-02 1.175170008600196381e+00
7.896766939832805532e-01 6.913397435616012998e-02 1.167058022054914268e+00
7.927064295954072692e-01 6.940373625128813673e-02 1.158331277242544477e+00
7.950035343906085572e-01 6.989021137696163621e-02 1.152293641102135613e+00
7.965433103695999106e-01 6.929160347493955319e-02 1.148974948476038094e+00
7.978517372007828401e-01 7.061342589636560030e-02 1.145772004102705299e+00
7.999029180286555407e-01 7.036571433289255662e-02 1.141239323880004042e+00
7.999029180286555407e-01 7.036571433289255662e-02 1.141239323880004042e+00
8.018164901226273455e-01 7.101585395304006731e-02 1.136966434959462369e+00
8.034073444204875569e-01 7.047102872565319531e-02 1.134100338211406545e+00
8.051723622553730308e-01 6.963206357171784766e-02 1.130633936043687005e+00
8.067451835902551549e-01 7.004602462282345787e-02 1.127949979227174548e+00
8.067451835902551549e-01 7.004602462282345787e-02 1.127949979227174548e+00
8.081543209049815157e-01 7.105654418365993374e-02 1.124290462655475720e+00
8.099246967487723214e-01 7.076186399269106253e-02 1.120900171805359724e+00
8.099246967487723214e-01 7.076186399269106253e-02 1.120900171805359724e+00
8.113364801791707048e-01 6.977703578522025107e-02 1.118281619764431412e+00
8.125693371006220689e-01 7.056205394058205627e-02 1.115246032834521284e+00
8.141200844666671710e-01 7.026773632828521576e-02 1.111718656988147425e+00
8.150947332023210645e-01 7.051125785755425757e-02 1.109207617385213673e+00
8.150947332023210645e-01 7.051125785755425757e-02 1.109207617385213673e+00
8.164545098724389494e-01 7.037235497353931668e-02 1.106859908092903799e+00
8.169455559558385094e-01 7.063696357102393353e-02 1.104788270551612550e+00
8.169455559558385094e-01 7.063696357102393353e-02 1.104788270551612550e+00
8.177064471639402532e-01 7.044406618886457638e-02 1.102561548805561564e+00
8.177064471639402532e-01 7.044406618886457638e-02 1.102561548805561564e+00
8.189882939931379946e-01 7.021536705438591319e-02 1.097731834933879380e+00
8.199645067067761195e-01 7.141963772427083190e-02 1.092959360091746213e+00
8.202004927506244547e-01 7.029851399970456216e-02 1.091621370200044350e+00
8.202004927506244547e-01 7.029851399970456216e-02 1.091621370200044350e+00
8.209193963818101070e-01 7.062105204997526364e-02 1.088296987362320944e+00
8.212324255377320137e-01 7.214500821744967984e-02 1.086767875479800693e+00
8.212324255377320137e-01 7.214500821744967984e-02 1.086767875479800693e+00
8.219398235204774528e-01 7.137023611370874043e-02 1.083229651454799658e+00
8.223492777524468167e-01 7.261824660983993984e-02 1.080540905193851264e+00
8.223492777524468167e-01 7.261824660983993984e-02 1.080540905193851264e+00
8.230008309952482337e-01 7.193353797146580242e-02 1.076951316817605253e+00
8.230008309952482337e-01 7.193353797146580242e-02 1.076951316817605253e+00
8.236508061264375957e-01 7.166625556998407198e-02 1.073771797242264459e+00
8.240895407766922753e-01 7.231105036861577851e-02 1.070592665436187474e+00
8.244616085336126110e-01 7.262446013361734121e-02 1.069160472714153265e+00
8.244616085336126110e-01 7.262446013361734121e-02 1.069160472714153265e+00
8.245515856700050827e-01 7.296753766393919427e-02 1.066886314083232534e+00
8.249720213529743162e-01 7.144936690009251468e-02 1.066455915068253102e+00
8.249720213529743162e-01 7.144936690009251468e-02 1.066455915068253102e+00
8.251817623073729457e-01 7.338095154442332568e-02 1.062932879040864087e+00
8.255856217299731847e-01 7.260560541026711556e-02 1.061168093630887377e+00
8.255856217299731847e-01 7.260560541026711556e-02 1.061168093630887377e+00
8.258401642635481155e-01 7.285205031216260285e-02 1.060178554205501111e+00
8.260272712819454188e-01 7.348465269644997855e-02 1.057644439464591413e+00
8.260272712819454188e-01 7.348465269644997855e-02 1.057644439464591413e+00
8.266322092455322679e-01 7.293359339273704223e-02 1.055522632228201418e+00
8.264840543243220372e-01 7.377514479732262542e-02 1.054217834620852390e+00
8.269669298651510791e-01 7.329925324548638987e-02 1.051602985960727876e+00
8.269669298651510791e-01 7.329925324548638987e-02 1.051602985960727876e+00
8.270505509023440283e-01 7.469834476634047704e-02 1.050218784183343690e+00
8.273801336277678553e-01 7.428081661638577526e-02 1.048713881859879349e+00
8.277005016174002749e-01 7.275683914068965807e-02 1.046309481878005654e+00
8.279622971439618562e-01 7.296993083614303210e-02 1.044816637787544744e+00
8.279622971439618562e-01 7.296993083614303210e-02 1.044816637787544744e+00
8.282981967178600913e-01 7.377139523681182365e-02 1.042830193434688635e+00
8.282981967178600913e-01 7.377139523681182365e-02 1.042830193434688635e+00
8.284727882328505322e-01 7.394813397731914151e-02 1.039131252943612083e+00
8.284727882328505322e-01 7.394813397731914151e-02 1.039131252943612083e+00
8.290440826472073033e-01 7.439749401507003701e-02 1.034990416422698178e+00
8.293060881489252578e-01 7.422154338025478693e-02 1.033518731265929080e+00
8.292198521119293897e-01 7.371435054680747223e-02 1.031561562966806678e+00
8.292198521119293897e-01 7.371435054680747223e-02 1.031561562966806678e+00
8.299358658093717311e-01 7.431425783008080432e-02 1.029013678641674367e+00
8.306007405316250258e-01 7.419347844928864122e-02 1.027586299912906620e+00
8.306007405316250258e-01 7.419347844928864122e-02 1.027586299912906620e+00
8.315622027127003157e-01 7.447765790572009881e-02 1.025614853810196792e+00
8.321276625045731512e-01 7.339347678930970009e-02 1.024653133761402657e+00
8.321276625045731512e-01 7.339347678930970009e-02 1.024653133761402657e+00
8.328904272183127455e-01 7.334205832362210298e-02 1.023309461223774086e+00
8.344518477819475866e-01 7.314584422940335895e-02 1.022026808751117510e+00
8.344518477819475866e-01 7.314584422940335895e-02 1.022026808751117510e+00
8.373598380361096938e-01 7.292198967240789975e-02 1.019354389779940639e+00
8.381605300969665606e-01 7.116172405283917313e-02 1.017895414052568226e+00
8.381605300969665606e-01 7.116172405283917313e-02 1.017895414052568226e+00
8.389915960772932335e-01 7.137467993340378125e-02 1.017431270136545107e+00
8.401579518912677402e-01 7.036383765538421764e-02 1.016957030997212907e+00
8.411684900656801744e-01 7.169184861961587496e-02 1.015876132378203067e+00
8.418337068904707676e-01 7.078723090961126785e-02 1.015595408060699034e+00
8.418337068904707676e-01 7.078723090961126785e-02 1.015595408060699034e+00
8.428133172603897716e-01 6.884850353679489166e-02 1.015232108623597362e+00
8.433371264919403698e-01 7.027211105521814771e-02 1.014403686737203270e+00
8.433371264919403698e-01 7.027211105521814771e-02 1.014403686737203270e+00
8.439182457868554810e-01 6.984413207472463248e-02 1.014082058460052727e+00
8.439182457868554810e-01 6.984413207472463248e-02 1.014082058460052727e+00
8.447568560252994851e-01 7.004213665725127214e-02 1.012777199665664707e+00
8.459696703265140449e-01 6.867045835376617280e-02 1.010893183362118197e+00
8.463775218666230726e-01 6.972024862435073633e-02 1.009979931859625868e+00
8.468162022109965159e-01 6.887800706964207487e-02 1.008688595724075876e+00
8.470075835147797827e-01 6.937178892514479778e-02 1.007654421010099277e+00
8.475205062394948197e-01 6.936714770700672106e-02 1.006794413916963116e+00
8.474784518117770560e-01 6.805315274046190577e-02 1.005786364270366162e+00
8.475455765691332077e-01 6.965043064726843258e-02 1.005829765036425849e+00
8.479449529314938561e-01 6.842191269979101820e-02 1.004257670449053119e+00
8.481637363340125413e-01 6.918412970120352279e-02 1.004742130534280964e+00
8.481637363340125413e-01 6.918412970120352279e-02 1.004742130534280964e+00
8.481628793437336888e-01 6.926928693774962731e-02 1.002792424232822110e+00
8.481628793437336888e-01 6.926928693774962731e-02 1.002792424232822110e+00
8.484508996005443171e-01 6.860496932497850420e-02 1.001849950322377669e+00
8.484508996005443171e-01 6.860496932497850420e-02 1.001849950322377669e+00
8.493092465426870241e-01 6.864415312158075877e-02 9.999538715356035556e-01
8.493092465426870241e-01 6.864415312158075877e-02 9.999538715356035556e-01
8.502914373238289469e-01 6.698565250998554654e-02 9.991084774681198155e-01
8.502914373238289469e-01 6.698565250998554654e-02 9.991084774681198155e-01
8.509478145960425177e-01 6.772815079891508772e-02 9.980737877474494812e-01
8.515490689842449834e-01 6.751237975316132234e-02 9.965576113458702867e-01
8.517818861544965703e-01 6.771262175352642243e-02 9.973214211466995271e-01
8.522702763505219936e-01 6.707654500484794280e-02 9.966194901551987950e-01
8.522702763505219936e-01 6.707654500484794280e-02 9.966194901551987950e-01
8.524522183968997746e-01 6.722797152893829342e-02 9.961480435989369386e-01
8.525167699480837857e-01 6.654246864340360168e-02 9.960607256862636927e-01
8.528000378506308543e-01 6.802322054927735506e-02 9.962217117944744960e-01
8.528893758303578432e-01 6.634947460938789288e-02 9.963653694092046154e-01
8.529849556811441857e-01 6.729064511919444214e-02 9.956675883827539320e-01
8.529849556811441857e-01 6.729064511919444214e-02 9.956675883827539320e-01
8.531980287457002765e-01 6.618107068373367541e-02 9.957712797229224533e-01
8.529489192393996388e-01 6.666846868068530829e-02 9.951420530293152433e-01
8.529489192393996388e-01 6.666846868068530829e-02 9.951420530293152433e-01
8.530660728319383601e-01 6.696451960178179119e-02 9.950063250836866935e-01
8.531845170347043261e-01 6.773497113251258916e-02 9.937057381587379723e-01
8.531845170347043261e-01 6.773497113251258916e-02 9.937057381587379723e-01
8.533228446235915365e-01 6.719575121084127300e-02 9.939527327870973927e-01
8.532069647349295183e-01 6.712955972466266852e-02 9.929717286386567920e-01
8.532069647349295183e-01 6.712955972466266852e-02 9.929717286386567920e-01
8.532123471980369578e-01 6.681084076194455934e-02 9.923808691528989145e-01
8.531195689308365138e-01 6.708826806260559383e-02 9.914873227525740074e-01
8.532255356981094385e-01 6.802700561544146318e-02 9.910392498972884212e-01
8.534078916603788922e-01 6.671900945343486877e-02 9.904594730651546941e-01
8.534078916603788922e-01 6.671900945343486877e-02 9.904594730651546941e-01
8.533390510060657741e-01 6.763419795150833747e-02 9.895297419935706884e-01
8.534646576517680439e-01 6.689161239136195980e-02 9.891557721442658657e-01
8.533560476784607385e-01 6.691001565547843866e-02 9.889845166340588412e-01
8.533560476784607385e-01 6.691001565547843866e-02 9.889845166340588412e-01
8.535609835609477836e-01 6.752190983857130069e-02 9.892634557301445142e-01
8.535609835609477836e-01 6.752190983857130069e-02 9.892634557301445142e-01
8.538162802077139402e-01 6.848266589220915190e-02 9.888420996549076580e-01
8.538162802077139402e-01 6.848266589220915190e-02 9.888420996549076580e-01
8.542766263671696114e-01 6.967333540772226164e-02 9.894653631826562101e-01
8.546894658418123791e-01 7.205947433655683632e-02 9.902079024726828660e-01
8.546894658418123791e-01 7.205947433655683632e-02 9.902079024726828660e-01
8.548041109545720939e-01 7.267662322289504540e-02 9.908182321120244662e-01
8.549190216308107937e-01 7.310576675811862601e-02 9.901943277584193126e-01
8.552009615254012598e-01 7.351941540839741773e-02 9.910888360972283095e-01
8.552009615254012598e-01 7.351941540839741773e-02 9.910888360972283095e-01
8.552223995700548587e-01 7.472948127952318276e-02 9.902753143654043910e-01
8.554472964489888698e-01 7.405483240292425051e-02 9.897553506826076708e-01
8.555584235152757788e-01 7.495987760243376374e-02 9.885375151686979223e-01
8.555584235152757788e-01 7.495987760243376374e-02 9.885375151686979223e-01
8.557717979006400633e-01 7.473176153987184933e-02 9.862212126244239707e-01
8.557717979006400633e-01 7.473176153987184933e-02 9.862212126244239707e-01
8.558819811438861391e-01 7.458063416541085844e-02 9.831622641946502483e-01
8.558819811438861391e-01 7.458063416541085844e-02 9.831622641946502483e-01
8.561922262735451872e-01 7.402083989776458983e-02 9.831033067598932140e-01
8.564222886807238977e-01 7.451625244358035804e-02 9.824545169611160755e-01
8.567946700523678683e-01 7.469478815314214981e-02 9.831442133293205599e-01
8.567946700523678683e-01 7.469478815314214981e-02 9.831442133293205599e-01
8.571195768533727000e-01 7.485871663473432636e-02 9.823860611931197750e-01
8.574908311724219745e-01 7.422924715021921027e-02 9.819492789590040793e-01
8.574908311724219745e-01 7.422924715021921027e-02 9.819492789590040793e-01
8.576082893075208657e-01 7.389259167339896905e-02 9.811807634450588900e-01
8.576889551400485034e-01 7.482742851325907552e-02 9.808782112789442564e-01
8.576681003623797261e-01 7.435971075389563589e-02 9.803770145476906617e-01
8.576681003623797261e-01 7.435971075389563589e-02 9.803770145476906617e-01
8.576227646067540178e-01 7.423715281557242973e-02 9.807694763619486666e-01
8.576227646067540178e-01 7.423715281557242973e-02 9.807694763619486666e-01
8.577033956347115407e-01 7.439921954472408783e-02 9.803525941974793323e-01
8.577033956347115407e-01 7.439921954472408783e-02 9.803525941974793323e-01
8.576248041254556087e-01 7.447547855887760859e-02 9.805980800689679810e-01
8.576290319789661165e-01 7.386664266852650818e-02 9.810117284050975384e-01
8.577193837752757899e-01 7.420681022478158029e-02 9.803448906189975443e-01
8.577193837752757899e-01 7.420681022478158029e-02 9.803448906189975443e-01
8.577198638933740682e-01 7.391221746902297551e-02 9.806720489710720745e-01
8.576689500652343590e-01 7.499601918037095138e-02 9.807500441359301435e-01
8.577663173293352816e-01 7.470428636427654812e-02 9.810005232060463598e-01
8.576620857912355955e-01 7.460733598946951706e-02 9.812572700173558538e-01
8.576620857912355955e-01 7.460733598946951706e-02 9.812572700173558538e-01
8.577202263666251492e-01 7.445202357869230847e-02 9.810435770098022701e-01
8.576605396769544365e-01 7.423258351133348032e-02 9.802706766153124196e-01
8.576605396769544365e-01 7.423258351133348032e-02 9.802706766153124196e-01
8.575120287553830156e-01 7.527322354430802942e-02 9.808551785874508600e-01
8.575120287553830156e-01 7.527322354430802942e-02 9.808551785874508600e-01
8.574739637576245244e-01 7.491732448048658843e-02 9.804217300551195668e-01
8.576521264606836725e-01 7.428332769386433720e-02 9.809760528894519993e-01
8.575452886310879208e-01 7.458077192473010208e-02 9.811492664028379496e-01
8.575587797597006290e-01 7.507208900114716033e-02 9.805372530080318505e-01
8.575587797597006290e-01 7.507208900114716033e-02 9.805372530080318505e-01
8.575371757548628793e-01 7.446197542254934243e-02 9.803488144884338062e-01
8.577023295910822798e-01 7.477676927966660225e-02 9.807427365223730931e-01
8.576067443243341470e-01 7.436028318345062893e-02 9.809161730836257753e-01
8.577209021237245379e-01 7.438950658749096667e-02 9.804273294394780791e-01
8.574972098510512675e-01 7.492119218423243243e-02 9.812212166624163512e-01
8.574998631778718572e-01 7.462423445000364308e-02 9.807793680005036929e-01
8.577113181269963027e-01 7.402397312227326776e-02 9.804694984115551737e-01
8.576383402740235251e-01 7.384026904939183789e-02 9.804490525519211630e-01
8.575053677890829285e-01 7.486365444852201290e-02 9.804691466900685715e-01
8.575488623237248476e-01 7.392664877667902423e-02 9.804279225667035247e-01
8.577046892184607696e-01 7.357297436921911293e-02 9.804297063415934321e-01
8.577046892184607696e-01 7.357297436921911293e-02 9.804297063415934321e-01
8.575457877330584511e-01 7.404512604398745534e-02 9.808426164530181790e-01
8.576333742411719196e-01 7.447836202272106743e-02 9.803337358727490791e-01
8.576962871543273303e-01 7.453018908030330236e-02 9.810077532905101538e-01
8.576962871543273303e-01 7.453018908030330236e-02 9.810077532905101538e-01
8.576449241606696194e-01 7.332597853321561054e-02 9.808973748865970066e-01
8.575047882564781343e-01 7.353588844635895738e-02 9.806171898889488592e-01
8.576047091628774544e-01 7.454149277750504732e-02 9.803219190432322927e-01
8.576047091628774544e-01 7.454149277750504732e-02 9.803219190432322927e-01
8.575171693682127616e-01 7.469947377199089023e-02 9.808831424021586809e-01
8.575171693682127616e-01 7.469947377199089023e-02 9.808831424021586809e-01
8.576215070730287549e-01 7.282643482818527969e-02 9.802086221654434661e-01
8.576215070730287549e-01 7.282643482818527969e-02 9.802086221654434661e-01
8.575276713948378760e-01 7.295113907801049902e-02 9.806368500860276338e-01
8.575276713948378760e-01 7.295113907801049902e-02 9.806368500860276338e-01
8.575420319501015909e-01 7.461265341050148103e-02 9.807902944395427980e-01
8.576154194401505171e-01 7.436320197517079511e-02 9.806598072840518876e-01
8.577486747250913091e-01 7.288764550746133775e-02 9.811413600065310714e-01
8.577486747250913091e-01 7.288764550746133775e-02 9.811413600065310714e-01
8.576739173257822424e-01 7.413306507808793688e-02 9.804210589359964034e-01
8.575982770649913656e-01 7.390680008430376702e-02 9.809101206134543949e-01
8.577339791231080035e-01 7.444413240149942712e-02 9.812929297737180701e-01
8.577339791231080035e-01 7.444413240149942712e-02 9.812929297737180701e-01
8.577763160851761270e-01 7.467001979723035532e-02 9.811242994864983746e-01
8.577903857424835632e-01 7.388589254367598780e-02 9.804315515774526535e-01
8.577903857424835632e-01 7.388589254367598780e-02 9.804315515774526535e-01
8.575554213805870463e-01 7.463069509047745576e-02 9.804795521492422061e-01
8.577378108654881705e-01 7.312787198378828402e-02 9.805587148460321867e-01
8.576866682465887903e-01 7.411103150020541264e-02 9.805784021826293717e-01
8.576571037257108010e-01 7.398335246359208361e-02 9.811476429710227487e-01
8.576571037257108010e-01 7.398335246359208361e-02 9.811476429710227487e-01
8.576566962533521687e-01 7.307535499339913587e-02 9.820388797043196893e-01
8.575024358132289359e-01 7.381244631332518902e-02 9.809790782021952094e-01
8.575024358132289359e-01 7.381244631332518902e-02 9.809790782021952094e-01
8.576214027538310303e-01 7.369057501471225347e-02 9.811983985520971174e-01
8.575745881800359571e-01 7.420204258173311584e-02 9.805640736175018635e-01
8.575827417828458810e-01 7.463819891037974663e-02 9.804359422779619360e-01
8.575827417828458810e-01 7.463819891037974663e-02 9.804359422779619360e-01
8.577961262161558631e-01 7.460395070404880757e-02 9.813850556969819783e-01
8.576589008624083688e-01 7.517834642146929702e-02 9.804615875042317352e-01
8.575105443619128742e-01 7.431077133293288728e-02 9.806365280702926679e-01
8.575105443619128742e-01 7.431077133293288728e-02 9.806365280702926679e-01
8.576846561484164910e-01 7.424403297641102295e-02 9.811234665850157022e-01
8.576846561484164910e-01 7.424403297641102295e-02 9.811234665850157022e-01
8.576655429822066523e-01 7.433455339936387296e-02 9.810055431622517474e-01
8.574069136957862547e-01 7.533524805632457744e-02 9.803506721953396674e-01
8.576606353004612160e-01 7.318232537186149245e-02 9.805966077199059772e-01
8.576606353004612160e-01 7.318232537186149245e-02 9.805966077199059772e-01
8.577648226560626865e-01 7.361522362769960803e-02 9.810755839005969037e-01
8.574676937384053677e-01 7.446614002675670807e-02 9.804045786221156078e-01
8.576660617113597285e-01 7.423951359302852215e-02 9.808953958056755296e-01
8.576660617113597285e-01 7.423951359302852215e-02 9.808953958056755296e-01
8.575425249746189138e-01 7.421566805350919560e-02 9.809690303905502784e-01
8.574601897323061994e-01 7.328908946557992354e-02 9.806083861698293713e-01
8.576022348038139231e-01 7.349726054089299188e-02 9.808942977375458838e-01
8.575351385940432891e-01 7.375743301303040733e-02 9.808672012963196574e-01
8.575925134927333549e-01 7.374873857237902730e-02 9.804370507488302522e-01
8.575974118685166792e-01 7.436551710814283400e-02 9.805166812826582312e-01
8.574435508853658350e-01 7.420672925216070803e-02 9.811126446680760171e-01
8.574435508853658350e-01 7.420672925216070803e-02 9.811126446680760171e-01
8.577412964816353291e-01 7.402879379127134951e-02 9.810378464139466459e-01
8.577412964816353291e-01 7.402879379127134951e-02 9.810378464139466459e-01
8.577007083818461997e-01 7.412086644808656144e-02 9.809387695270124219e-01
8.577007083818461997e-01 7.412086644808656144e-02 9.809387695270124219e-01
8.576399471814247777e-01 7.405900331288170491e-02 9.809227461797468406e-01
8.576500486793117162e-01 7.367628356639464859e-02 9.808866652871661707e-01
8.576500486793117162e-01 7.367628356639464859e-02 9.808866652871661707e-01
8.577012825295198262e-01 7.352340294385158181e-02 9.808620924034650024e-01
8.578123382009891218e-01 7.380976122534770034e-02 9.812816281198504242e-01
8.578123382009891218e-01 7.380976122534770034e-02 9.812816281198504242e-01
8.577150246161543423e-01 7.471873973712142569e-02 9.805540606039853113e-01
8.577150246161543423e-01 7.471873973712142569e-02 9.805540606039853113e-01
8.576058968675670524e-01 7.459375841740790991e-02 9.815117328058517998e-01
8.575964469761354625e-01 7.337264872866954002e-02 9.807235308673249996e-01
8.575829681105986424e-01 7.411470490129286326e-02 9.817471584519090744e-01
8.575810247005035691e-01 7.493395449487567916e-02 9.816171724300324364e-01
8.575810247005035691e-01 7.493395449487567916e-02 9.816171724300324364e-01
8.575909611710500480e-01 7.408637160756524620e-02 9.812641827286813223e-01
8.576937165048720280e-01 7.344986116707750978e-02 9.812196783117659304e-01
8.576164529767837941e-01 7.325797359527215502e-02 9.813002420513174950e-01
8.576490089819630569e-01 7.376616492655029000e-02 9.802699739321870664e-01
8.576490089819630569e-01 7.376616492655029000e-02 9.802699739321870664e-01
8.576362134027832873e-01 7.462651128005548529e-02 9.808247499556186355e-01
8.576998554519835727e-01 7.402731623806312056e-02 9.809426406053486369e-01
8.576475246921747564e-01 7.448823549789347631e-02 9.807096736332586717e-01
8.576475246921747564e-01 7.448823549789347631e-02 9.807096736332586717e-01
8.574932590382878805e-01 7.457539057967189911e-02 9.812951397585297775e-01
8.574932590382878805e-01 7.457539057967189911e-02 9.812951397585297775e-01
8.576155369654449023e-01 7.391259254229458342e-02 9.804126480158050772e-01
8.576155369654449023e-01 7.391259254229458342e-02 9.804126480158050772e-01
8.576761641458581220e-01 7.442509412488328147e-02 9.807444006198362541e-01
8.576761641458581220e-01 7.442509412488328147e-02 9.807444006198362541e-01
8.576398106720554138e-01 7.357217645202593359e-02 9.802768646329579338e-01
8.578281733205831427e-01 7.408400451870435222e-02 9.809484147400890919e-01
8.576821343952982790e-01 7.426707130445124594e-02 9.806051277973304447e-01
8.576821343952982790e-01 7.426707130445124594e-02 9.806051277973304447e-01
8.575900546405478275e-01 7.348992254714874217e-02 9.804620609820764443e-01
8.576505292712858219e-01 7.329852566923455992e-02 9.805348152485002799e-01
8.576505292712858219e-01 7.329852566923455992e-02 9.805348152485002799e-01
8.576597774716084865e-01 7.409539841561491036e-02 9.813007721124883398e-01
8.578218489771697319e-01 7.388873147038226008e-02 9.808954570805159534e-01
8.575265064263609682e-01 7.383595043794237422e-02 9.803247128972909508e-01
8.576066379999790490e-01 7.368963035317759036e-02 9.809669079595476626e-01
8.577191055558490707e-01 7.341856747886542356e-02 9.808725978961059244e-01
8.577191055558490707e-01 7.341856747886542356e-02 9.808725978961059244e-01
8.576610532551743882e-01 7.392231433805322716e-02 9.812234412290073982e-01
8.575721688490947070e-01 7.349274094935305535e-02 9.803419094076196716e-01
8.576034950026480974e-01 7.377499352248127751e-02 9.810643546712872753e-01
8.577765939405421758e-01 7.311511874361541208e-02 9.807770170247798180e-01
8.576579112591238285e-01 7.317281026606252403e-02 9.806219855222320092e-01
8.576579112591238285e-01 7.317281026606252403e-02 9.806219855222320092e-01
8.576539625606354189e-01 7.378163305334065059e-02 9.802231547624395969e-01
8.577498525235514037e-01 7.291950850426362485e-02 9.813754534664987927e-01
8.577498525235514037e-01 7.291950850426362485e-02 9.813754534664987927e-01
8.574338726935586408e-01 7.415871628023976148e-02 9.802491824742505244e-01
8.576282462158225650e-01 7.395679734329510535e-02 9.803493835515918464e-01
8.576971960355994629e-01 7.403520801114749084e-02 9.810486284892971920e-01
8.576082538477080019e-01 7.340584345107593889e-02 9.805886709109823407e-01
8.577440253239859702e-01 7.403839955362767622e-02 9.810582813249163481e-01
8.577440253239859702e-01 7.403839955362767622e-02 9.810582813249163481e-01
8.575835312685918810e-01 7.453949521725837524e-02 9.817542588940737502e-01
8.575835312685918810e-01 7.453949521725837524e-02 9.817542588940737502e-01
8.575060828668821244e-01 7.497311238473561290e-02 9.806791615631840209e-01
8.575060828668821244e-01 7.497311238473561290e-02 9.806791615631840209e-01
8.576245626583813841e-01 7.315856344482622731e-02 9.808642385321153512e-01
8.576245626583813841e-01 7.315856344482622731e-02 9.808642385321153512e-01
8.576412983445343974e-01 7.249861270393102852e-02 9.811515395496230862e-01
8.576747922595961970e-01 7.370671926287726550e-02 9.803319551724288816e-01
8.576132487243707248e-01 7.416092456979407610e-02 9.811535506187121225e-01
8.578188967961926092e-01 7.362324908990570960e-02 9.808729239607221206e-01
8.578188967961926092e-01 7.362324908990570960e-02 9.808729239607221206e-01
8.576602499736963869e-01 7.460124770387688287e-02 9.805161131360633497e-01
8.574772354613783287e-01 7.350792600313664493e-02 9.805521297692409988e-01
8.574772354613783287e-01 7.350792600313664493e-02 9.805521297692409988e-01
8.576600779631244897e-01 7.451497863274721134e-02 9.805735481985197177e-01
8.576600779631244897e-01 7.451497863274721134e-02 9.805735481985197177e-01
8.575877262423808878e-01 7.417175903571912587e-02 9.813463575770884351e-01
8.575877262423808878e-01 7.417175903571912587e-02 9.813463575770884351e-01
8.576639482225477673e-01 7.358363657280911352e-02 9.811219056937479088e-01
8.576639482225477673e-01 7.358363657280911352e-02 9.811219056937479088e-01
8.576836770125332299e-01 7.351750200735729379e-02 9.813901064721753942e-01
8.576836770125332299e-01 7.351750200735729379e-02 9.813901064721753942e-01
8.576727317700736375e-01 7.445690410845684504e-02 9.803774536004907780e-01
8.575978580494135750e-01 7.427062092901608181e-02 9.804445920099447154e-01
8.575978580494135750e-01 7.427062092901608181e-02 9.804445920099447154e-01
8.577469538940815097e-01 7.369961942100045071e-02 9.809415229468991804e-01
8.577469538940815097e-01 7.369961942100045071e-02 9.809415229468991804e-01
8.576749652623598674e-01 7.377611467607765594e-02 9.809796871769098647e-01
8.577390217030597119e-01 7.373680211391717143e-02 9.807300646567840285e-01
8.576060000968103170e-01 7.428702629548132597e-02 9.810588962291922899e-01
8.576060000968103170e-01 7.428702629548132597e-02 9.810588962291922899e-01
8.576173925869550185e-01 7.435302676772680142e-02 9.812563484991742024e-01
8.576173925869550185e-01 7.435302676772680142e-02 9.812563484991742024e-01
8.577051166496449941e-01 7.386236196264250875e-02 9.807794989401599217e-01
8.577051166496449941e-01 7.386236196264250875e-02 9.807794989401599217e-01
8.577030816636288524e-01 7.302646371700950712e-02 9.808436878170402329e-01
8.577030816636288524e-01 7.302646371700950712e-02 9.808436878170402329e-01
8.575228712351676830e-01 7.464711530627450575e-02 9.824211396763701254e-01
8.575228712351676830e-01 7.464711530627450575e-02 9.824211396763701254e-01
8.573570393046142657e-01 7.384635027378409766e-02 9.880624873803112163e-01
8.573570393046142657e-01 7.384635027378409766e-02 9.880624873803112163e-01
8.572723089055782619e-01 7.426817506288234394e-02 9.918090856248229503e-01
8.570180388180970166e-01 7.375513655040706607e-02 9.953087481997968666e-01
8.566587205297742091e-01 7.393749835147407634e-02 1.000975837532976254e+00
8.563854355786080230e-01 7.419896826341103313e-02 1.004234158961409884e+00
8.563854355786080230e-01 7.419896826341103313e-02 1.004234158961409884e+00
8.560712423175408370e-01 7.295149408125452262e-02 1.011360175031474462e+00
8.554174176252716810e-01 7.325446284955589027e-02 1.017730766843339962e+00
8.554174176252716810e-01 7.325446284955589027e-02 1.017730766843339962e+00
8.547091599347417246e-01 7.278912266523406005e-02 1.024652152826627249e+00
8.542258451183278867e-01 7.356067846490356443e-02 1.029936464982193600e+00
8.537601058937759335e-01 7.374923755976101059e-02 1.034420273739103724e+00
8.537601058937759335e-01 7.374923755976101059e-02 1.034420273739103724e+00
8.521747061686212321e-01 7.245859565252311951e-02 1.048384539882363686e+00
8.521747061686212321e-01 7.245859565252311951e-02 1.048384539882363686e+00
8.495431044321550829e-01 7.192126500647379184e-02 1.066865298944339013e+00
8.495431044321550829e-01 7.192126500647379184e-02 1.066865298944339013e+00
8.473787943502972819e-01 7.103798701327650178e-02 1.080172665980602353e+00
8.460437559936209162e-01 7.124965499444453620e-02 1.088799426317312857e+00
8.447553799404838859e-01 7.009379579564944951e-02 1.094264562896891668e+00
8.447553799404838859e-01 7.009379579564944951e-02 1.094264562896891668e+00
8.438070842958230733e-01 7.068169954124611798e-02 1.099382006205967821e+00
8.438070842958230733e-01 7.068169954124611798e-02 1.099382006205967821e+00
8.407545450015950772e-01 7.399510214863840030e-02 1.112034042766071540e+00
8.407545450015950772e-01 7.399510214863840030e-02 1.112034042766071540e+00
8.364704501007981241e-01 7.805550872822128450e-02 1.128096057623201087e+00
8.364704501007981241e-01 7.805550872822128450e-02 1.128096057623201087e+00
8.327612873016893014e-01 8.355653927582558371e-02 1.140529660893873531e+00
8.327612873016893014e-01 8.355653927582558371e-02 1.140529660893873531e+00
8.287053109016820907e-01 8.941202111619210580e-02 1.152593731445232361e+00
8.262284020407643093e-01 9.390898703139284598e-02 1.159213581050671849e+00
8.245886731245776202e-01 9.627712730792552243e-02 1.163912770062244029e+00
8.227542695056427879e-01 9.933384508668874346e-02 1.168595174712995011e+00
8.201308366249923099e-01 1.030882698281443827e-01 1.175208538148909909e+00
8.201308366249923099e-01 1.030882698281443827e-01 1.175208538148909909e+00
8.172653583996951632e-01 1.081630967667005366e-01 1.181319731621953917e+00
8.150013553204531469e-01 1.136863451787158974e-01 1.186352269465624998e+00
8.128047119658929898e-01 1.169311720584386843e-01 1.190753545631817234e+00
8.128047119658929898e-01 1.169311720584386843e-01 1.190753545631817234e+00
8.097810418619577622e-01 1.230749855281612765e-01 1.196593734373703644e+00
8.069580561354618986e-01 1.291252682456720535e-01 1.201718329212436043e+00
8.069580561354618986e-01 1.291252682456720535e-01 1.201718329212436043e+00
8.044496664317891677e-01 1.335266899914612782e-01 1.206525730338212643e+00
8.026018413901904180e-01 1.381137162983183397e-01 1.209200260753892531e+00
7.994962628013307926e-01 1.448298052643547940e-01 1.213967837208490330e+00
7.976945270947304323e-01 1.482779693808883026e-01 1.216790493570155229e+00
7.976945270947304323e-01 1.482779693808883026e-01 1.216790493570155229e+00
7.946386469766573146e-01 1.549817920322121290e-01 1.220887174439082568e+00
7.916292250300264177e-01 1.610392488607823580e-01 1.225353172264390000e+00
7.916292250300264177e-01 1.610392488607823580e-01 1.225353172264390000e+00
7.890430190723429771e-01 1.678716155937225729e-01 1.227517590902989397e+00
7.869984758907456746e-01 1.725914180138534704e-01 1.230124016625190109e+00
7.854356106551740879e-01 1.763733068377912605e-01 1.231819862819580447e+00
7.824476281435677194e-01 1.831531075432395739e-01 1.234541359400970872e+00
7.774253984651926519e-01 1.942031275590555550e-01 1.239533477990973687e+00
7.774253984651926519e-01 1.942031275590555550e-01 1.239533477990973687e+00
7.726773431388730407e-01 2.068276003322966350e-01 1.242733764772628202e+00
7.726773431388730407e-01 2.068276003322966350e-01 1.242733764772628202e+00
7.678234737769447094e-01 2.184443217908718926e-01 1.245857966959444729e+00
7.662377308416847832e-01 2.223380541137600086e-01 1.246693606271525701e+00
7.631931609340497635e-01 2.305131367531543796e-01 1.248078483741205558e+00
7.631931609340497635e-01 2.305131367531543796e-01 1.248078483741205558e+00
7.602011773717087806e-01 2.371166343600241144e-01 1.249399153460818868e+00
7.572364521428512907e-01 2.449822176698090714e-01 1.250346065926893013e+00
7.551514790039424163e-01 2.495391932053626360e-01 1.251282502322705659e+00
7.533483830993983332e-01 2.546371495522877226e-01 1.251631437237592070e+00
7.533483830993983332e-01 2.546371495522877226e-01 1.251631437237592070e+00
7.496306839743188677e-01 2.622822861365857738e-01 1.252680066375677415e+00
7.464700566308297702e-01 2.690219564660935592e-01 1.252902202735258985e+00
7.464700566308297702e-01 2.690219564660935592e-01 1.252902202735258985e+00
7.431261278237407675e-01 2.766202343792250051e-01 1.252271751882687578e+00
7.388374722891745128e-01 2.844107996911048319e-01 1.252909442739792656e+00
7.362435869381235287e-01 2.899919712678014072e-01 1.252905187944892029e+00
7.341545657983747919e-01 2.948643169291393362e-01 1.251737085613904732e+00
7.341545657983747919e-01 2.948643169291393362e-01 1.251737085613904732e+00
7.306224603287084784e-01 3.021383650013028110e-01 1.251023889092563124e+00
7.306224603287084784e-01 3.021383650013028110e-01 1.251023889092563124e+00
7.236569362845642894e-01 3.163094793704221974e-01 1.249884243510037019e+00
7.186841172870696015e-01 3.248269557583735034e-01 1.249471955844161819e+00
7.186841172870696015e-01 3.248269557583735034e-01 1.249471955844161819e+00
7.117052159746236617e-01 3.384563406645522687e-01 1.248140932762189292e+00
7.072416331385281696e-01 3.452848369725633471e-01 1.248513342597745046e+00
7.046633428638705565e-01 3.497700096619963395e-01 1.247774917835363651e+00
7.013162950237400439e-01 3.551083370346231338e-01 1.247597011998002436e+00
7.013162950237400439e-01 3.551083370346231338e-01 1.247597011998002436e+00
6.966639256255432455e-01 3.635014947911545113e-01 1.246359681361471905e+00
6.966639256255432455e-01 3.635014947911545113e-01 1.246359681361471905e+00
6.923551137956062140e-01 3.700618851241406215e-01 1.246077175951376903e+00
6.832986296373891877e-01 3.842155324588628629e-01 1.243988550183607655e+00
6.832986296373891877e-01 3.842155324588628629e-01 1.243988550183607655e+00
6.750291473074657711e-01 3.962422676353912765e-01 1.243312304202536245e+00
6.750291473074657711e-01 3.962422676353912765e-01 1.243312304202536245e+00
6.673017093960993407e-01 4.074957565929430148e-01 1.242153379306473848e+00
6.673017093960993407e-01 4.074957565929430148e-01 1.242153379306473848e+00
6.619524938983173401e-01 4.141034966050561872e-01 1.242419572301221908e+00
6.573155689224126075e-01 4.201252685351685168e-01 1.241369295525200034e+00
6.547240487938839060e-01 4.237997545018946655e-01 1.241167085301905892e+00
6.497500804445693889e-01 4.300115755809191809e-01 1.240624114677605583e+00
6.455630417364872642e-01 4.351489172466403987e-01 1.239486218278621932e+00
6.455630417364872642e-01 4.351489172466403987e-01 1.239486218278621932e+00
6.399580588736477615e-01 4.421652550262066272e-01 1.238994321359578876e+00
6.351418813127863716e-01 4.474917494521799544e-01 1.238953786153939030e+00
6.351418813127863716e-01 4.474917494521799544e-01 1.238953786153939030e+00
6.308504145727198420e-01 4.526627939822508440e-01 1.238007597123367720e+00
6.258464510300988382e-01 4.581971380233282876e-01 1.237328985042589702e+00
6.228364826969920998e-01 4.615518384548750186e-01 1.236997547676143672e+00
6.228364826969920998e-01 4.615518384548750186e-01 1.236997547676143672e+00
6.177662873002507382e-01 4.669708712167690567e-01 1.236743864521886671e+00
6.128987571709841875e-01 4.719821344781077732e-01 1.236266153063859896e+00
6.109176516628855858e-01 4.737600122819461967e-01 1.235869396972121503e+00
6.109176516628855858e-01 4.737600122819461967e-01 1.235869396972121503e+00
6.059211968093042300e-01 4.789853137030006258e-01 1.234700762557476628e+00
6.014292291189389239e-01 4.829811013431143385e-01 1.234801506285846839e+00
5.986403115506558903e-01 4.857242752574344458e-01 1.234052278026306793e+00
5.957382208745813923e-01 4.883516405046957054e-01 1.232996430971122104e+00
5.957382208745813923e-01 4.883516405046957054e-01 1.232996430971122104e+00
5.917460152164795151e-01 4.921324000866694748e-01 1.232868399979949015e+00
5.881313009761859334e-01 4.951630857330444613e-01 1.231537763494003013e+00
5.881313009761859334e-01 4.951630857330444613e-01 1.231537763494003013e+00
5.840658082393211936e-01 4.984045416669969919e-01 1.231111522751423548e+00
5.809982204758311619e-01 5.006678047921722108e-01 1.230720354784100579e+00
5.809982204758311619e-01 5.006678047921722108e-01 1.230720354784100579e+00
5.767515125315103575e-01 5.044516876882521039e-01 1.229582293024777728e+00
5.767515125315103575e-01 5.044516876882521039e-01 1.229582293024777728e+00
5.686301937046948085e-01 5.105634348438718995e-01 1.228091401312997988e+00
5.686301937046948085e-01 5.105634348438718995e-01 1.228091401312997988e+00
5.606497290393427368e-01 5.159775513343365372e-01 1.227368323193042787e+00
5.606497290393427368e-01 5.159775513343365372e-01 1.227368323193042787e+00
5.564721170454171029e-01 5.189693049573065320e-01 1.226280888563170635e+00
5.530936968495576700e-01 5.208680973834991512e-01 1.225437840729255212e+00
5.500742070620608937e-01 5.226405921987375969e-01 1.225110323600627105e+00
5.500742070620608937e-01 5.226405921987375969e-01 1.225110323600627105e+00
5.460154534455404773e-01 5.254457996450330182e-01 1.224183446462208114e+00
5.420436234711379919e-01 5.278565217326293135e-01 1.223310267929998307e+00
5.420436234711379919e-01 5.278565217326293135e-01 1.223310267929998307e+00
5.387363084853059592e-01 5.295503754779675720e-01 1.222095577145391854e+00
5.358987591963708663e-01 5.312403146034380130e-01 1.221821997087637612e+00
5.319631018880991435e-01 5.323585960516201698e-01 1.221674405997852375e+00
5.291095086165675809e-01 5.340790446989671647e-01 1.221137962264819521e+00
5.291095086165675809e-01 5.340790446989671647e-01 1.221137962264819521e+00
5.254597879742476385e-01 5.364533370013869762e-01 1.219518157309726680e+00
5.254597879742476385e-01 5.364533370013869762e-01 1.219518157309726680e+00
5.191354754734468502e-01 5.391445829750846075e-01 1.218458193523880739e+00
5.191354754734468502e-01 5.391445829750846075e-01 1.218458193523880739e+00
5.115717174690950220e-01 5.428286625061090609e-01 1.216315364614107164e+00
5.088209058406718555e-01 5.441186487840505848e-01 1.216705707705524109e+00
5.088209058406718555e-01 5.441186487840505848e-01 1.216705707705524109e+00
5.062200059067079039e-01 5.456953768987669040e-01 1.214998354365440791e+00
5.062200059067079039e-01 5.456953768987669040e-01 1.214998354365440791e+00
5.010713472523528056e-01 5.477251228484121270e-01 1.212887124289785401e+00
5.010713472523528056e-01 5.477251228484121270e-01 1.212887124289785401e+00
4.962798983327981195e-01 5.513717603979828574e-01 1.209223284803123910e+00
4.941999316759603800e-01 5.524054103972089180e-01 1.206777183084485561e+00
4.935950097627184729e-01 5.531102843395118152e-01 1.204840579817072932e+00
4.935950097627184729e-01 5.531102843395118152e-01 1.204840579817072932e+00
4.917876129973260402e-01 5.548162994599766806e-01 1.201044479192986625e+00
4.900690747284446869e-01 5.563908298142232756e-01 1.197193097439061216e+00
4.889583747788436852e-01 5.580419746890192823e-01 1.193882356894279573e+00
4.889583747788436852e-01 5.580419746890192823e-01 1.193882356894279573e+00
4.878813328374424496e-01 5.592529764717251162e-01 1.191469367655222822e+00
4.877724932186396356e-01 5.597383959335213710e-01 1.188387436243007134e+00
4.865276890600094828e-01 5.622462767977418618e-01 1.183689913210891120e+00
4.865276890600094828e-01 5.622462767977418618e-01 1.183689913210891120e+00
4.856118223670125578e-01 5.648910926234300689e-01 1.176848276348416489e+00
4.858716687777311916e-01 5.667431147982637807e-01 1.169951397198410792e+00
4.857064595821098396e-01 5.689648900591759428e-01 1.165556634194429675e+00
4.861881488990490996e-01 5.698704607344075024e-01 1.161764184019728585e+00
4.873529167852981847e-01 5.706616579664944844e-01 1.157038016867527164e+00
4.867092282064103270e-01 5.728942633620877078e-01 1.152798692643557610e+00
4.885180180032375197e-01 5.728316886907059979e-01 1.148925829047889646e+00
4.886919973085856461e-01 5.744491485695277788e-01 1.145284487356289738e+00
4.884901452432121594e-01 5.755998058641828008e-01 1.142817524770699755e+00
4.884901452432121594e-01 5.755998058641828008e-01 1.142817524770699755e+00
4.893765324155240903e-01 5.763225870230177517e-01 1.139371385052531771e+00
4.904075126416609920e-01 5.763250947227873677e-01 1.136268817701423295e+00
4.898890085751800849e-01 5.779516013689525167e-01 1.133320659651008810e+00
4.898890085751800849e-01 5.779516013689525167e-01 1.133320659651008810e+00
4.907542689783054857e-01 5.784221777496557637e-01 1.130255272161659219e+00
4.914974868500214256e-01 5.786814879199343453e-01 1.127753855242669134e+00
4.914974868500214256e-01 5.786814879199343453e-01 1.127753855242669134e+00
4.918809788663111582e-01 5.792627346724543713e-01 1.124627833388858189e+00
4.922380851060400020e-01 5.797556802242231910e-01 1.122797279021723549e+00
4.924974891209942807e-01 5.805163144070780712e-01 1.120749421920629096e+00
4.924974891209942807e-01 5.805163144070780712e-01 1.120749421920629096e+00
4.922426829989299812e-01 5.813496791475845082e-01 1.118078799095981957e+00
4.922426829989299812e-01 5.813496791475845082e-01 1.118078799095981957e+00
4.929467872906826975e-01 5.823799387694494900e-01 1.113921990133645679e+00
4.929467872906826975e-01 5.823799387694494900e-01 1.113921990133645679e+00
4.938066528469737260e-01 5.826539101925793940e-01 1.109752566476167823e+00
4.948204078455697430e-01 5.835720720085777469e-01 1.104547775502370932e+00
4.948204078455697430e-01 5.835720720085777469e-01 1.104547775502370932e+00
4.945822233892284703e-01 5.853819179407224738e-01 1.099352038770821771e+00
4.945822233892284703e-01 5.853819179407224738e-01 1.099352038770821771e+00
4.953534733720665328e-01 5.859396843519141251e-01 1.095361897374727889e+00
4.951145432682327319e-01 5.869896981580766671e-01 1.092514269230199009e+00
4.963427116765898872e-01 5.865118145653374082e-01 1.089523347106507778e+00
4.963427116765898872e-01 5.865118145653374082e-01 1.089523347106507778e+00
4.961506881266029567e-01 5.874049907303696694e-01 1.087894699117704089e+00
4.969428525497163185e-01 5.868181506767843336e-01 1.086352950084729541e+00
4.965432010821469455e-01 5.877610246893141266e-01 1.085400346994799037e+00
4.964065032782377096e-01 5.881117123852914741e-01 1.084001468071170704e+00
4.965448606579146440e-01 5.884584638786565236e-01 1.081467584151631023e+00
4.966436043117422039e-01 5.892925920445878374e-01 1.078844107758020421e+00
4.966436043117422039e-01 5.892925920445878374e-01 1.078844107758020421e+00
4.977541198570459291e-01 5.886165534687961554e-01 1.075736611887242899e+00
4.977541198570459291e-01 5.886165534687961554e-01 1.075736611887242899e+00
4.989377016642124185e-01 5.876222266831667707e-01 1.072838639389437798e+00
5.004168111677366193e-01 5.860049333292172147e-01 1.071874118308420165e+00
5.020651280719516940e-01 5.844618610108653911e-01 1.070928779129681541e+00
5.046116438265889625e-01 5.816894415239540761e-01 1.070314237375149524e+00
5.046116438265889625e-01 5.816894415239540761e-01 1.070314237375149524e+00
5.076362261135159981e-01 5.783736222599165089e-01 1.068550617185572538e+00
5.076362261135159981e-01 5.783736222599165089e-01 1.068550617185572538e+00
5.123356703825876490e-01 5.731625967834848012e-01 1.068194570476109329e+00
5.158377343869174902e-01 5.690689105405853931e-01 1.067084903477758973e+00
5.176138242675429879e-01 5.670174360895837706e-01 1.066989717773692448e+00
5.195839699234506837e-01 5.651014484052979681e-01 1.066603293674511121e+00
5.202521893051836877e-01 5.642485176710794192e-01 1.066171506544660419e+00
5.202521893051836877e-01 5.642485176710794192e-01 1.066171506544660419e+00
5.219340798371979728e-01 5.623135398920362515e-01 1.066127596922779253e+00
5.230438959825519651e-01 5.611261389615757045e-01 1.065814572494303558e+00
5.233565046831557543e-01 5.609344577009846011e-01 1.065687461730236985e+00
5.251963855855550367e-01 5.589043566791753737e-01 1.066110470981398439e+00
5.255092327040005173e-01 5.585233690468889289e-01 1.065830342569421108e+00
5.255092327040005173e-01 5.585233690468889289e-01 1.065830342569421108e+00
5.287237462399945187e-01 5.555779807026106631e-01 1.065143335296833138e+00
5.287237462399945187e-01 5.555779807026106631e-01 1.065143335296833138e+00
5.316689060738306605e-01 5.523005678870621660e-01 1.064910429258226099e+00
5.316689060738306605e-01 5.523005678870621660e-01 1.064910429258226099e+00
5.319513661273845839e-01 5.521098148063954270e-01 1.064527291733845527e+00
5.331512708927796940e-01 5.509301016447321064e-01 1.064823197291325574e+00
5.339976989662944540e-01 5.503385467129118247e-01 1.064782021576080373e+00
5.350743219376008497e-01 5.494027533882954728e-01 1.064723775217400581e+00
5.360203241436884980e-01 5.481261359134665945e-01 1.065416225873187850e+00
5.360203241436884980e-01 5.481261359134665945e-01 1.065416225873187850e+00
5.370391544400042738e-01 5.471727414681244461e-01 1.064718402518985751e+00
5.371738916591936031e-01 5.473174197235615157e-01 1.064357673075358113e+00
5.382292450954047069e-01 5.461530327245958105e-01 1.064695983322443196e+00
5.390008137512593001e-01 5.456354331375290467e-01 1.065259618010372611e+00
5.402487695098369125e-01 5.446018403863628343e-01 1.064156524950661264e+00
5.403664817244139273e-01 5.443590746577698924e-01 1.064581623733520832e+00
5.403664817244139273e-01 5.443590746577698924e-01 1.064581623733520832e+00
5.419944430117094036e-01 5.432140656403783296e-01 1.064615932529396902e+00
5.419944430117094036e-01 5.432140656403783296e-01 1.064615932529396902e+00
5.429121756145520727e-01 5.433247711612837483e-01 1.064758241606383660e+00
5.461669351152372842e-01 5.429084453010863953e-01 1.064303028957807928e+00
5.483892072511653559e-01 5.427521209455582474e-01 1.065403846299733503e+00
5.483892072511653559e-01 5.427521209455582474e-01 1.065403846299733503e+00
5.511147284921499301e-01 5.424757773547547179e-01 1.065904589243558576e+00
5.520559915020671893e-01 5.421855456162174569e-01 1.066135668848118945e+00
5.520559915020671893e-01 5.421855456162174569e-01 1.066135668848118945e+00
5.525576826159942501e-01 5.425002741177323839e-01 1.066345914990482813e+00
5.525576826159942501e-01 5.425002741177323839e-01 1.066345914990482813e+00
5.544877779675733143e-01 5.429331126982274158e-01 1.066364030149018260e+00
5.544877779675733143e-01 5.429331126982274158e-01 1.066364030149018260e+00
5.554633779891793299e-01 5.436849988291598823e-01 1.066402023895751228e+00
5.560816143504662135e-01 5.440631896213427021e-01 1.065928870888254831e+00
5.565734223740570474e-01 5.440842594256358744e-01 1.066489527945489790e+00
5.565734223740570474e-01 5.440842594256358744e-01 1.066489527945489790e+00
5.571631988318805906e-01 5.446620606391263664e-01 1.065287393240628155e+00
5.571631988318805906e-01 5.446620606391263664e-01 1.065287393240628155e+00
5.583151524581582148e-01 5.459772080651313919e-01 1.061008230949340270e+00
5.583151524581582148e-01 5.459772080651313919e-01 1.061008230949340270e+00
5.606466356471897505e-01 5.463941909011906795e-01 1.053959178261058449e+00
5.598578735095878223e-01 5.478864136344434588e-01 1.052929830627776120e+00
5.598578735095878223e-01 5.478864136344434588e-01 1.052929830627776120e+00
5.600982423700670010e-01 5.485174839631302701e-01 1.048593132882022161e+00
5.609960877020753189e-01 5.484048308549404060e-01 1.046218419051981208e+00
5.610663477023832835e-01 5.491649214637590593e-01 1.043387032659586211e+00
5.610663477023832835e-01 5.491649214637590593e-01 1.043387032659586211e+00
5.620494112428896516e-01 5.488467236860248288e-01 1.039213203385074724e+00
5.616957058454080665e-01 5.496834599102607966e-01 1.036109198706750778e+00
5.616957058454080665e-01 5.496834599102607966e-01 1.036109198706750778e+00
5.620759439838666216e-01 5.499629945805271092e-01 1.032773766156875217e+00
5.624839015721823099e-01 5.499762911857642989e-01 1.029785746948290281e+00
5.624839015721823099e-01 5.499762911857642989e-01 1.029785746948290281e+00
5.620466502574071876e-01 5.507712664271949832e-01 1.027520517291343971e+00
5.624232195109366561e-01 5.507576129376148266e-01 1.026350071134283670e+00
5.623281730020966984e-01 5.509488899738902434e-01 1.024583151253210200e+00
5.626068221234979960e-01 5.508546940663137104e-01 1.023444404036005118e+00
5.626068221234979960e-01 5.508546940663137104e-01 1.023444404036005118e+00
5.626027442671054368e-01 5.511815754040358950e-01 1.021810634233802029e+00
5.623401641918992500e-01 5.517008286404210260e-01 1.021152496277255795e+00
5.633821342247622432e-01 5.505512338113814907e-01 1.021376510897743506e+00
5.629161950114577317e-01 5.513191962427655968e-01 1.020957892466212380e+00
5.629161950114577317e-01 5.513191962427655968e-01 1.020957892466212380e+00
5.619999288843852137e-01 5.519651458991114978e-01 1.020441976295644482e+00
5.629305726726633319e-01 5.511691305205259628e-01 1.020173030423547456e+00
5.629326226397503019e-01 5.513837183155999577e-01 1.020320920702545209e+00
5.625437701928049927e-01 5.516879541517561991e-01 1.020019907295646178e+00
5.625523998214371213e-01 5.517848604651642841e-01 1.019176591136264909e+00
5.625523998214371213e-01 5.517848604651642841e-01 1.019176591136264909e+00
5.629557903274423625e-01 5.512981954333358026e-01 1.018777362485531413e+00
5.623716687963010719e-01 5.517974602067621248e-01 1.018363157231473748e+00
5.630844014835242328e-01 5.511927502215423491e-01 1.017967024944141263e+00
5.629372954393446760e-01 5.514768636378479805e-01 1.017421663105510188e+00
5.629372954393446760e-01 5.514768636378479805e-01 1.017421663105510188e+00
5.630400111959489307e-01 5.514896389582043534e-01 1.016605157313560159e+00
5.625157865417255154e-01 5.518423144942183889e-01 1.016310200551460596e+00
5.625157865417255154e-01 5.518423144942183889e-01 1.016310200551460596e+00
5.632518619389947911e-01 5.512027135025618918e-01 1.016120660183763347e+00
5.630911086336946036e-01 5.518890499999473676e-01 1.015284006131400796e+00
5.630911086336946036e-01 5.518890499999473676e-01 1.015284006131400796e+00
5.630039760736044174e-01 5.520442812814119193e-01 1.014472703815371801e+00
5.632034301419484024e-01 5.516093120355222146e-01 1.013289941669341054e+00
5.630009362473540335e-01 5.518702867008616897e-01 1.013410251721466704e+00
5.627787250935679664e-01 5.522711109733213775e-01 1.013702426521801314e+00
5.632033242977964038e-01 5.517909272905584528e-01 1.013331746167814851e+00
5.632033242977964038e-01 5.517909272905584528e-01 1.013331746167814851e+00
5.625316900175690860e-01 5.526105975817823257e-01 1.013534804856809579e+00
5.625316900175690860e-01 5.526105975817823257e-01 1.013534804856809579e+00
5.628380135398013406e-01 5.522971426331548805e-01 1.013430493805501431e+00
5.628380135398013406e-01 5.522971426331548805e-01 1.013430493805501431e+00
5.630168412061706817e-01 5.523421996179226356e-01 1.013308608363105989e+00
5.634419680696579613e-01 5.513803241127445132e-01 1.012379300894041823e+00
5.629212228870573709e-01 5.520201423113402228e-01 1.013326012145850941e+00
5.629212228870573709e-01 5.520201423113402228e-01 1.013326012145850941e+00
5.633905328170231153e-01 5.518075487763210996e-01 1.012838733673050218e+00
5.633905328170231153e-01 5.518075487763210996e-01 1.012838733673050218e+00
5.635208880393686171e-01 5.517334714995189016e-01 1.012217111860338470e+00
5.635208880393686171e-01 5.517334714995189016e-01 1.012217111860338470e+00
5.631063335345404264e-01 5.520203821513575138e-01 1.013169692979283498e+00
5.631063335345404264e-01 5.520203821513575138e-01 1.013169692979283498e+00
5.632808452013642331e-01 5.515335495261365351e-01 1.012942605194146584e+00
5.631880282316218400e-01 5.519955293741780622e-01 1.013334724095740658e+00
5.634962896044017899e-01 5.517106454943474514e-01 1.012648457145888470e+00
5.634962896044017899e-01 5.517106454943474514e-01 1.012648457145888470e+00
5.631248486178132007e-01 5.516285186855403033e-01 1.012665792145543087e+00
5.631248486178132007e-01 5.516285186855403033e-01 1.012665792145543087e+00
5.626149928623888075e-01 5.524995180767331426e-01 1.013271149503178536e+00
5.626149928623888075e-01 5.524995180767331426e-01 1.013271149503178536e+00
5.634669091791605355e-01 5.512765803722708968e-01 1.012975388519777642e+00
5.634669091791605355e-01 5.512765803722708968e-01 1.012975388519777642e+00
5.632026062696091628e-01 5.519823932695095969e-01 1.013242187391561133e+00
5.632026062696091628e-01 5.519823932695095969e-01 1.013242187391561133e+00
5.628549597890762923e-01 5.518934102390700147e-01 1.012827620648577565e+00
5.631798695583425385e-01 5.516812291082980879e-01 1.013380500961819308e+00
5.631798695583425385e-01 5.516812291082980879e-01 1.013380500961819308e+00
5.637865962157558863e-01 5.513222400648111199e-01 1.012738524870651080e+00
5.637865962157558863e-01 5.513222400648111199e-01 1.012738524870651080e+00
5.630332109776194915e-01 5.519291985234640041e-01 1.013552980671790227e+00
5.630332109776194915e-01 5.519291985234640041e-01 1.013552980671790227e+00
5.627883332602067190e-01 5.521695160871494812e-01 1.013006333974324491e+00
5.633175740690546940e-01 5.518823959872453111e-01 1.013085682467265602e+00
5.631075449355650298e-01 5.519292085653548785e-01 1.013191925694469031e+00
5.631075449355650298e-01 5.519292085653548785e-01 1.013191925694469031e+00
5.633981673261255763e-01 5.514930410279236250e-01 1.012943247177109152e+00
5.633981673261255763e-01 5.514930410279236250e-01 1.012943247177109152e+00
5.632352156065056903e-01 5.516208470602139702e-01 1.013373890228759677e+00
5.633278052479504527e-01 5.515014133697380139e-01 1.013345506916266459e+00
5.633278052479504527e-01 5.515014133697380139e-01 1.013345506916266459e+00
5.631256326019261627e-01 5.520147720258951063e-01 1.012167842416836550e+00
5.631432496033095259e-01 5.520267303010125692e-01 1.013002832979365886e+00
5.633493793481154643e-01 5.517295533327430945e-01 1.012772897441533093e+00
5.633493793481154643e-01 5.517295533327430945e-01 1.012772897441533093e+00
5.631863017219643774e-01 5.517093221678053272e-01 1.012970374568715748e+00
5.630459319344696123e-01 5.518086020192928265e-01 1.012979755002006099e+00
5.630859143114155252e-01 5.521259182694407963e-01 1.013317496623916902e+00
5.638066368904151027e-01 5.509647266414752220e-01 1.013037131784475742e+00
5.638066368904151027e-01 5.509647266414752220e-01 1.013037131784475742e+00
5.634130152198170149e-01 5.515755192953799568e-01 1.013233588963071696e+00
5.627602014023888044e-01 5.520693869376021023e-01 1.012878446617548445e+00
5.626573040013872484e-01 5.517849168437565233e-01 1.012490829576149887e+00
5.631382870246420813e-01 5.516843973890739328e-01 1.013401552922850168e+00
5.626294400366329551e-01 5.524993088980530986e-01 1.012551034381979242e+00
5.626689749332176582e-01 5.523837864194633962e-01 1.012491597369404417e+00
5.626947191495813572e-01 5.523672448277474611e-01 1.012977836427411571e+00
5.626947191495813572e-01 5.523672448277474611e-01 1.012977836427411571e+00
5.630384298845726443e-01 5.521629725700225588e-01 1.012790453213655573e+00
5.632096607442395042e-01 5.516377284958009497e-01 1.012910381216094224e+00
5.632096607442395042e-01 5.516377284958009497e-01 1.012910381216094224e+00
5.631960270668106006e-01 5.518715710401373986e-01 1.012595750888648061e+00
5.631960270668106006e-01 5.518715710401373986e-01 1.012595750888648061e+00
5.634732707983711730e-01 5.512231499620473540e-01 1.012463365414763228e+00
5.634732707983711730e-01 5.512231499620473540e-01 1.012463365414763228e+00
5.628925244800623284e-01 5.521161357330108821e-01 1.012719362295083858e+00
5.628925244800623284e-01 5.521161357330108821e-01 1.012719362295083858e+00
5.629150697417650839e-01 5.519523809283971572e-01 1.013143019405463807e+00
5.629150697417650839e-01 5.519523809283971572e-01 1.013143019405463807e+00
5.629721994993529544e-01 5.518532739779092866e-01 1.012813169925712353e+00
5.630740313203608238e-01 5.520218875717811668e-01 1.013097903507353958e+00
5.629304355874360510e-01 5.520267808762819861e-01 1.013001955582300662e+00
5.629304355874360510e-01 5.520267808762819861e-01 1.013001955582300662e+00
5.623910821613439248e-01 5.524807494823754661e-01 1.013488733490820026e+00
5.633892061784210314e-01 5.517127177330033438e-01 1.013209534945843204e+00
5.624579807461255188e-01 5.523910615667749768e-01 1.012978039683912534e+00
5.624579807461255188e-01 5.523910615667749768e-01 1.012978039683912534e+00
5.636844415642474626e-01 5.512490767820295012e-01 1.013545448154980377e+00
5.633789735292621392e-01 5.512688132886335302e-01 1.012923775460806031e+00
5.633789735292621392e-01 5.512688132886335302e-01 1.012923775460806031e+00
5.632927187332466001e-01 5.518207673776597266e-01 1.012686844042020251e+00
5.633331530919025720e-01 5.518556434307904102e-01 1.012007764934091281e+00
5.627428799622687938e-01 5.522614998873210945e-01 1.013017991870305279e+00
5.628095796839412968e-01 5.519854399895416375e-01 1.012885029974066597e+00
5.628095796839412968e-01 5.519854399895416375e-01 1.012885029974066597e+00
5.634561820985279912e-01 5.516099165110106561e-01 1.012664243363849526e+00
5.630582263208230298e-01 5.517185155964742238e-01 1.013198944264709356e+00
5.630920320737410334e-01 5.519854957672359896e-01 1.012923091482769378e+00
5.634682935431974959e-01 5.515371034697873487e-01 1.012445426522315728e+00
5.634682935431974959e-01 5.515371034697873487e-01 1.012445426522315728e+00
5.634634817986002853e-01 5.516423900325945207e-01 1.013337183487709181e+00
5.624070329564354598e-01 5.527660093710498046e-01 1.013360843804571809e+00
5.624070329564354598e-01 5.527660093710498046e-01 1.013360843804571809e+00
5.623263633836049769e-01 5.531751128821478236e-01 1.014006645287955477e+00
5.623145268076269465e-01 5.536170312622286094e-01 1.013279665638104676e+00
5.618705902174955247e-01 5.547471428862422727e-01 1.013763229173779479e+00
5.606843986734399987e-01 5.561814500212338697e-01 1.014173811546986048e+00
5.607409979474509143e-01 5.567030734332181208e-01 1.014819724716022886e+00
5.607560913368068167e-01 5.570878925727527076e-01 1.015098122793587354e+00
5.604818609260578954e-01 5.575282660156848369e-01 1.015570321949225807e+00
5.602365093618837388e-01 5.583374630765169933e-01 1.016044533034536901e+00
5.595380858016023584e-01 5.588660122042579115e-01 1.018067503892899461e+00
5.592156674362309676e-01 5.590363017420113545e-01 1.019682131896050059e+00
5.590976047277049776e-01 5.594241193101600063e-01 1.019775257762250531e+00
5.588650924260187836e-01 5.598350517164171203e-01 1.020437712822248599e+00
5.583629601048997193e-01 5.604812122386395590e-01 1.021097675579833108e+00
5.589792648901286132e-01 5.595859654301238439e-01 1.020842284240198072e+00
5.589792648901286132e-01 5.595859654301238439e-01 1.020842284240198072e+00
5.581327067364869610e-01 5.605376068764434949e-01 1.020762656293839221e+00
5.583400956962901729e-01 5.604966766075827334e-01 1.021339300892267987e+00
5.579868854085215935e-01 5.612333247811205350e-01 1.021325235749564353e+00
5.579839996614373021e-01 5.613734784371959829e-01 1.021961209709330909e+00
5.579839996614373021e-01 5.613734784371959829e-01 1.021961209709330909e+00
5.577337272033062732e-01 5.618155949189891363e-01 1.022055833821583937e+00
5.577337272033062732e-01 5.618155949189891363e-01 1.022055833821583937e+00
5.572450692329349309e-01 5.629733512842437504e-01 1.021716203627598185e+00
5.572450692329349309e-01 5.629733512842437504e-01 1.021716203627598185e+00
5.569517180882678220e-01 5.629994987127707740e-01 1.022786657431539847e+00
5.569694262287868680e-01 5.633176149656216047e-01 1.021904974741969951e+00
5.569707371834036191e-01 5.632930238513000898e-01 1.022312683814975198e+00
5.575966154793340346e-01 5.628201171639198863e-01 1.021636144838721449e+00
5.572423567083711893e-01 5.630915782860077545e-01 1.022682895662608171e+00
5.572423567083711893e-01 5.630915782860077545e-01 1.022682895662608171e+00
5.571887763218736911e-01 5.632827210652289196e-01 1.022503185088058375e+00
5.571887763218736911e-01 5.632827210652289196e-01 1.022503185088058375e+00
5.572819829815486292e-01 5.630236338026649578e-01 1.022536261968153726e+00
5.572819829815486292e-01 5.630236338026649578e-01 1.022536261968153726e+00
5.571866107028167203e-01 5.630357913080010768e-01 1.022891084362614000e+00
5.570768898773665878e-01 5.632088495795605221e-01 1.022284452028194179e+00
5.567355681532938361e-01 5.637168112033702494e-01 1.022725629961090732e+00
5.567355681532938361e-01 5.637168112033702494e-01 1.022725629961090732e+00
5.575646801730048674e-01 5.628993619256708048e-01 1.021835175529879347e+00
5.567585858392870568e-01 5.635898465208035724e-01 1.022573573613086761e+00
5.563311063734284190e-01 5.640603263691846836e-01 1.022660306070005687e+00
5.572808639986721602e-01 5.633651418628859986e-01 1.021524543485346381e+00
5.572808639986721602e-01 5.633651418628859986e-01 1.021524543485346381e+00
5.565437776691074534e-01 5.638737331061375313e-01 1.022925394494037743e+00
5.565324082119523785e-01 5.638564077225906024e-01 1.022340664518567532e+00
5.565324082119523785e-01 5.638564077225906024e-01 1.022340664518567532e+00
5.572113845677330035e-01 5.630577767409623569e-01 1.021635978942436962e+00
5.572113845677330035e-01 5.630577767409623569e-01 1.021635978942436962e+00
5.568311755350041636e-01 5.634122571816977398e-01 1.022648554353176475e+00
5.568849675068471283e-01 5.633410956670834580e-01 1.022673863186882359e+00
5.568101754863177266e-01 5.637031617787772175e-01 1.022256253439291607e+00
5.568101754863177266e-01 5.637031617787772175e-01 1.022256253439291607e+00
5.570154209263239453e-01 5.633788771470007450e-01 1.022937817138409144e+00
