6.768650649315024470e-01 1.617262582133817961e-01 1.221013874569853774e+00
6.767004488027533737e-01 1.627144403349286561e-01 1.221093340704124675e+00
6.768420196724445059e-01 1.621375995893767907e-01 1.220827715590632634e+00
6.767878371788472736e-01 1.623048976658542086e-01 1.221113879195984353e+00
6.764308257940149227e-01 1.629046230170141385e-01 1.221451746203982225e+00
6.767480991367064158e-01 1.625631815441138106e-01 1.221197953951481452e+00
6.767480991367064158e-01 1.625631815441138106e-01 1.221197953951481452e+00
6.767380033033718600e-01 1.624470669548415958e-01 1.220662216875958883e+00
6.764225460807617996e-01 1.629888783104028183e-01 1.221415633473682982e+00
6.767938727933769938e-01 1.627020401831320295e-01 1.220769381886532390e+00
6.767719910059173394e-01 1.623986820760767724e-01 1.220893783836749291e+00
6.767719910059173394e-01 1.623986820760767724e-01 1.220893783836749291e+00
6.766580012811919120e-01 1.628342517558977742e-01 1.220770600664068617e+00
6.765938810020342142e-01 1.625288378445955417e-01 1.221136074395058557e+00
6.765938810020342142e-01 1.625288378445955417e-01 1.221136074395058557e+00
6.766059953706742292e-01 1.626502137460996422e-01 1.220881787871932911e+00
6.768793064956171168e-01 1.625829321430690977e-01 1.220857685037825657e+00
6.767178355737093476e-01 1.630519136883797626e-01 1.220677888381995091e+00
6.767120625858504823e-01 1.626715702918979656e-01 1.220757462281692574e+00
6.766957882196217300e-01 1.622105209369948120e-01 1.220900979440108447e+00
6.765036671479349728e-01 1.628994667737531099e-01 1.221196529404655173e+00
6.769488034566891743e-01 1.621528277849312305e-01 1.220375957687901414e+00
6.769488034566891743e-01 1.621528277849312305e-01 1.220375957687901414e+00
6.765997775237339029e-01 1.622531937556491166e-01 1.221165260888406046e+00
6.767428180283051597e-01 1.622950694150440132e-01 1.220970464511795139e+00
6.768465090665831685e-01 1.624728416313105106e-01 1.220611889774379399e+00
6.768465090665831685e-01 1.624728416313105106e-01 1.220611889774379399e+00
6.766308585473318482e-01 1.625049438766262566e-01 1.221245873954951211e+00
6.764346149559165022e-01 1.627537814760220136e-01 1.221783738122252716e+00
6.764346149559165022e-01 1.627537814760220136e-01 1.221783738122252716e+00
6.765607376301779885e-01 1.628794285152246890e-01 1.221066820365137584e+00
6.765607376301779885e-01 1.628794285152246890e-01 1.221066820365137584e+00
6.767938989008440709e-01 1.620064769212468114e-01 1.220628728701355747e+00
6.767938989008440709e-01 1.620064769212468114e-01 1.220628728701355747e+00
6.767035797725786672e-01 1.621963606000925706e-01 1.220819399071675582e+00
6.767832856999921320e-01 1.625780668512089300e-01 1.221044906135840824e+00
6.765165060739595226e-01 1.630581937357080125e-01 1.221089444265668789e+00
6.768248636948932528e-01 1.626289629323432184e-01 1.220881665282393946e+00
6.768248636948932528e-01 1.626289629323432184e-01 1.220881665282393946e+00
6.765213583456732849e-01 1.628539652380462111e-01 1.221024952740308978e+00
6.767845273173149767e-01 1.626541040420777240e-01 1.220979471390872595e+00
6.765552145951845286e-01 1.627981244483220347e-01 1.220726876278423578e+00
6.765552145951845286e-01 1.627981244483220347e-01 1.220726876278423578e+00
6.768560555619803631e-01 1.628763724012260994e-01 1.220666172853412057e+00
6.767253544183838843e-01 1.629734247374017841e-01 1.220949646988147785e+00
6.767253544183838843e-01 1.629734247374017841e-01 1.220949646988147785e+00
6.768397415271535378e-01 1.623676999118853215e-01 1.220717609087366817e+00
6.766281167927074014e-01 1.624971466627508632e-01 1.220868709247366013e+00
6.768413999808993164e-01 1.623946612011328561e-01 1.220597063780287428e+00
6.768413999808993164e-01 1.623946612011328561e-01 1.220597063780287428e+00
6.767601883811465990e-01 1.626321642115102495e-01 1.220532535716040368e+00
6.768122152787794388e-01 1.626338244120195398e-01 1.220814965848621814e+00
6.765145339370983724e-01 1.628410428272089594e-01 1.221065885573999310e+00
6.765818677610282439e-01 1.632530352763849335e-01 1.220825107932995479e+00
6.765818677610282439e-01 1.632530352763849335e-01 1.220825107932995479e+00
6.767387988431153856e-01 1.622662358852087483e-01 1.221296931543729647e+00
6.766287139965736497e-01 1.626616110245859004e-01 1.220950222364787452e+00
6.768323024652675990e-01 1.627542542082575372e-01 1.220587103282376518e+00
6.764523099978418941e-01 1.643768550538769468e-01 1.220822457651411952e+00
6.764523099978418941e-01 1.643768550538769468e-01 1.220822457651411952e+00
6.768798369017723360e-01 1.627686587105439953e-01 1.220743907139753892e+00
6.765957506741281380e-01 1.628942853914118194e-01 1.220898826772288892e+00
6.768403942784327887e-01 1.624185800736180352e-01 1.221082066042000536e+00
6.771830787281379882e-01 1.622902798952173542e-01 1.220410360738531486e+00
6.766463118010590527e-01 1.630807807720001112e-01 1.220812276364587667e+00
6.766463118010590527e-01 1.630807807720001112e-01 1.220812276364587667e+00
6.770099952472148352e-01 1.627941720104912893e-01 1.220738758215418773e+00
6.768343695946998917e-01 1.624597070081775230e-01 1.221058420283642532e+00
6.771167250407507110e-01 1.625582261409433960e-01 1.220829610182847969e+00
6.771167250407507110e-01 1.625582261409433960e-01 1.220829610182847969e+00
6.768494983152514299e-01 1.622936429555436877e-01 1.221093962424752544e+00
6.771097138866397636e-01 1.628268437241415789e-01 1.220694420623770204e+00
6.778164851032818516e-01 1.630053176436642159e-01 1.220420197655176286e+00
6.781772538147909923e-01 1.615430646531877956e-01 1.221041287372884421e+00
6.781772538147909923e-01 1.615430646531877956e-01 1.221041287372884421e+00
6.795316512428057898e-01 1.617044956097749842e-01 1.220801208164958629e+00
6.807169142550762997e-01 1.623408207077078336e-01 1.221286211236724206e+00
6.816690349633326429e-01 1.617165926863053105e-01 1.221881159686286189e+00
6.816690349633326429e-01 1.617165926863053105e-01 1.221881159686286189e+00
6.831240086685681501e-01 1.615774875156162638e-01 1.222022821245745350e+00
6.844744036051702007e-01 1.616910488199101992e-01 1.222200603959788134e+00
6.861135992872605671e-01 1.614354391686073364e-01 1.222700309031799826e+00
6.875061636946260268e-01 1.619404967052355537e-01 1.222654972367811954e+00
6.875061636946260268e-01 1.619404967052355537e-01 1.222654972367811954e+00
6.895345830189276715e-01 1.609964160739361938e-01 1.223114151131476479e+00
6.912396036476181616e-01 1.611449923967009368e-01 1.223702955702632655e+00
6.925209111755675773e-01 1.602130635940358372e-01 1.224319109558127394e+00
6.925209111755675773e-01 1.602130635940358372e-01 1.224319109558127394e+00
6.945873227358015933e-01 1.609204934784976282e-01 1.224741317015806796e+00
6.961953213087813674e-01 1.604198363555746631e-01 1.225680007972219432e+00
6.977338528997124589e-01 1.600975272873985944e-01 1.225495227377062069e+00
6.987836382999373930e-01 1.598183798055277383e-01 1.225832264426437446e+00
6.987836382999373930e-01 1.598183798055277383e-01 1.225832264426437446e+00
7.003633387387638853e-01 1.601967826868004041e-01 1.226830855317488478e+00
7.003633387387638853e-01 1.601967826868004041e-01 1.226830855317488478e+00
7.032761908270341866e-01 1.600686171860900564e-01 1.227769611022171414e+00
7.032761908270341866e-01 1.600686171860900564e-01 1.227769611022171414e+00
7.056073566533803687e-01 1.588737780485318940e-01 1.228586880107915613e+00
7.056073566533803687e-01 1.588737780485318940e-01 1.228586880107915613e+00
7.080495899932679471e-01 1.586475047468402511e-01 1.229216697485062459e+00
7.096315446423984152e-01 1.587071858996930984e-01 1.229503692825857364e+00
7.105248326374125067e-01 1.579776775253518561e-01 1.230110559711823148e+00
7.105248326374125067e-01 1.579776775253518561e-01 1.230110559711823148e+00
7.119967772161203134e-01 1.585209176235653217e-01 1.230150922599604568e+00
7.128017558891915906e-01 1.577627588301790673e-01 1.231228226846003526e+00
7.142142818221424161e-01 1.573896992845752463e-01 1.231841453214021387e+00
7.142142818221424161e-01 1.573896992845752463e-01 1.231841453214021387e+00
7.159783558043190110e-01 1.570911672947175874e-01 1.232407925545828231e+00
7.165432962033347897e-01 1.562093946381629961e-01 1.233334303915745389e+00
7.181649633517985798e-01 1.568933189938654382e-01 1.233622215356315888e+00
7.191020319171483877e-01 1.561760436295274446e-01 1.233977274606280705e+00
7.191020319171483877e-01 1.561760436295274446e-01 1.233977274606280705e+00
7.201625201995669467e-01 1.560722627675460716e-01 1.234680724898465032e+00
7.216834976352677344e-01 1.553287317828573877e-01 1.235126529589664734e+00
7.223142812329839124e-01 1.552690610540632121e-01 1.236202053353840480e+00
7.223142812329839124e-01 1.552690610540632121e-01 1.236202053353840480e+00
7.239552225542325026e-01 1.543266753746529718e-01 1.236373801569515596e+00
7.247134488796199703e-01 1.551382643892517954e-01 1.237145805885405236e+00
7.247134488796199703e-01 1.551382643892517954e-01 1.237145805885405236e+00
7.258421852570536847e-01 1.545613507927122987e-01 1.237878492170283673e+00
7.264204037486321486e-01 1.546443974945330702e-01 1.238686954132520501e+00
7.264204037486321486e-01 1.546443974945330702e-01 1.238686954132520501e+00
7.277148364565669825e-01 1.534994246269423546e-01 1.238875490623563280e+00
7.277148364565669825e-01 1.534994246269423546e-01 1.238875490623563280e+00
7.297245695802724308e-01 1.540097687899027734e-01 1.239161956834323730e+00
7.297245695802724308e-01 1.540097687899027734e-01 1.239161956834323730e+00
7.316157122923050427e-01 1.534987926939326286e-01 1.239387536228081066e+00
7.316157122923050427e-01 1.534987926939326286e-01 1.239387536228081066e+00
7.333293832197085305e-01 1.530770293413141192e-01 1.238234454254497185e+00
7.343526221466430970e-01 1.526456422514987366e-01 1.237691265047914380e+00
7.358487971594089849e-01 1.532757888429691351e-01 1.235898952430084963e+00
7.375119264286468246e-01 1.531024070531763204e-01 1.233633217565952567e+00
7.375119264286468246e-01 1.531024070531763204e-01 1.233633217565952567e+00
7.396289637502374559e-01 1.540363823735015902e-01 1.230691607976715618e+00
7.411503453876625569e-01 1.543140004838451096e-01 1.228609021712250282e+00
7.433906248182751142e-01 1.553586257594553321e-01 1.224880244314480837e+00
7.455542325928151692e-01 1.551141402166492378e-01 1.222170059703169942e+00
7.473935484873329704e-01 1.561447584370618258e-01 1.218784757832330978e+00
7.492156237371682126e-01 1.561884795492154698e-01 1.216068700895432952e+00
7.524749064279149247e-01 1.552319736377501258e-01 1.210890135684614677e+00
7.524749064279149247e-01 1.552319736377501258e-01 1.210890135684614677e+00
7.580968810755948084e-01 1.519371329085743294e-01 1.204250687562363531e+00
7.580968810755948084e-01 1.519371329085743294e-01 1.204250687562363531e+00
7.636769629850416186e-01 1.459656934355681168e-01 1.197841472035973132e+00
7.677475575078920311e-01 1.411579665773072256e-01 1.194032558352085438e+00
7.677475575078920311e-01 1.411579665773072256e-01 1.194032558352085438e+00
7.711528718715320307e-01 1.367650945792628081e-01 1.190946270335815793e+00
7.746594828524139276e-01 1.303619767160509313e-01 1.186999994808471293e+00
7.746594828524139276e-01 1.303619767160509313e-01 1.186999994808471293e+00
7.780843279848203009e-01 1.250085428036784574e-01 1.183260416398122628e+00
7.812940454408229263e-01 1.190413373543471875e-01 1.179631912923992054e+00
7.831964771367339040e-01 1.150786898615478865e-01 1.177418218156473184e+00
7.831964771367339040e-01 1.150786898615478865e-01 1.177418218156473184e+00
7.858985116572487772e-01 1.091450125383435499e-01 1.174127047049142059e+00
7.858985116572487772e-01 1.091450125383435499e-01 1.174127047049142059e+00
7.883458704089366664e-01 1.040803101647251733e-01 1.171678027801726030e+00
7.883458704089366664e-01 1.040803101647251733e-01 1.171678027801726030e+00
7.925276711463385970e-01 9.458672478656296456e-02 1.165970299422975032e+00
7.925276711463385970e-01 9.458672478656296456e-02 1.165970299422975032e+00
7.963163812555307253e-01 8.529125736127846080e-02 1.160214714197512986e+00
7.982436530781670259e-01 8.156252479732754856e-02 1.156803435167692795e+00
8.002148827034655243e-01 7.646778254349319293e-02 1.152571106000675805e+00
8.015963406413066927e-01 7.429626600575199580e-02 1.149976551821110915e+00
8.015963406413066927e-01 7.429626600575199580e-02 1.149976551821110915e+00
8.029444471298758934e-01 6.850234421660729434e-02 1.146524340641311923e+00
8.044611009675365354e-01 6.437626288193477875e-02 1.143493317764087358e+00
8.052829803186587476e-01 6.096355817090178680e-02 1.141080265901577073e+00
8.052829803186587476e-01 6.096355817090178680e-02 1.141080265901577073e+00
8.068457723984949759e-01 5.749087986991059662e-02 1.136303463863852947e+00
8.068457723984949759e-01 5.749087986991059662e-02 1.136303463863852947e+00
8.088211619148283349e-01 5.228503033227847180e-02 1.131253124094193208e+00
8.088211619148283349e-01 5.228503033227847180e-02 1.131253124094193208e+00
8.104444848512167843e-01 4.669833165938348796e-02 1.125407040003365555e+00
8.104444848512167843e-01 4.669833165938348796e-02 1.125407040003365555e+00
8.116605936943547261e-01 4.414561783674438022e-02 1.120860523970490075e+00
8.128697126047735866e-01 4.246628717716076362e-02 1.117772181199548243e+00
8.132773212687325337e-01 4.136969546766028349e-02 1.116076545719957291e+00
8.132773212687325337e-01 4.136969546766028349e-02 1.116076545719957291e+00
8.144238426666979835e-01 3.988158242526781971e-02 1.113669246284018088e+00
8.150377861850044425e-01 3.945938467655078774e-02 1.112045292991440837e+00
8.159441871703174698e-01 3.925476753150460019e-02 1.110761124183275328e+00
8.167119576258873304e-01 3.876217824718460048e-02 1.109847013035559105e+00
8.176383459164644485e-01 3.820541668319747675e-02 1.108318811601227249e+00
8.187140823962331115e-01 3.797488501364253144e-02 1.106289305805931544e+00
8.187140823962331115e-01 3.797488501364253144e-02 1.106289305805931544e+00
8.200757210869881186e-01 3.809920131451904890e-02 1.104980726297314364e+00
8.207001732068465172e-01 3.901318149773987110e-02 1.104192469875841187e+00
8.216122474710084722e-01 3.909122423288279025e-02 1.103555956918246705e+00
8.216122474710084722e-01 3.909122423288279025e-02 1.103555956918246705e+00
8.226408872997882371e-01 3.837013986682771133e-02 1.101706729204463553e+00
8.235612033688930467e-01 3.873867734042989869e-02 1.100944047607308907e+00
8.240193276778197129e-01 3.803335046452122753e-02 1.099765546213344436e+00
8.240193276778197129e-01 3.803335046452122753e-02 1.099765546213344436e+00
8.250271109598378283e-01 3.809690183094738974e-02 1.098252132852390872e+00
8.258079667249224043e-01 3.820421847151594941e-02 1.095680089207637486e+00
8.266898214119821064e-01 3.698107921020716421e-02 1.093438789373014419e+00
8.275333002371983993e-01 3.577862657909786775e-02 1.090824223845220597e+00
8.283227046987114983e-01 3.532749058421782995e-02 1.088516828050098528e+00
8.283227046987114983e-01 3.532749058421782995e-02 1.088516828050098528e+00
8.288446113500390622e-01 3.475246384054059973e-02 1.086238989679487732e+00
8.295214701711299821e-01 3.407071452112428456e-02 1.083238385646750013e+00
8.301138984828627665e-01 3.401975327967355495e-02 1.081429441745135334e+00
8.301138984828627665e-01 3.401975327967355495e-02 1.081429441745135334e+00
8.306632934378471722e-01 3.259700264983373535e-02 1.078635206493743670e+00
8.320330141123876144e-01 2.988487783730824424e-02 1.073850701268124652e+00
8.320330141123876144e-01 2.988487783730824424e-02 1.073850701268124652e+00
8.328607463521636722e-01 2.957474421769711384e-02 1.069591304876160054e+00
8.328607463521636722e-01 2.957474421769711384e-02 1.069591304876160054e+00
8.339195289031187119e-01 2.756243790776440397e-02 1.064768506947357807e+00
8.339195289031187119e-01 2.756243790776440397e-02 1.064768506947357807e+00
8.350188248594602181e-01 2.835619198515742026e-02 1.060254544270582411e+00
8.353031188080174418e-01 2.793934700654214856e-02 1.059126878625773482e+00
8.353031188080174418e-01 2.793934700654214856e-02 1.059126878625773482e+00
8.356668525744889164e-01 2.894027636019854896e-02 1.058636331342199588e+00
8.362178704548622887e-01 2.955714514095078918e-02 1.056142128058227492e+00
8.362178704548622887e-01 2.955714514095078918e-02 1.056142128058227492e+00
8.367247616976976055e-01 3.036308079902911086e-02 1.055326280665000782e+00
8.369395691667059767e-01 3.122115169510216240e-02 1.053669418987342343e+00
8.371272867952508356e-01 3.146758134498542359e-02 1.053046425873015224e+00
8.374701878801718014e-01 3.119242501912969021e-02 1.052137725159270731e+00
8.377264078803580150e-01 3.144864389966307155e-02 1.050976772533184889e+00
8.377264078803580150e-01 3.144864389966307155e-02 1.050976772533184889e+00
8.379601455642723407e-01 3.244745111676452382e-02 1.049009221461164820e+00
8.383352089054602052e-01 3.228507013553006538e-02 1.048786927462365126e+00
8.386752749939134777e-01 3.270685378205435284e-02 1.046263238137000728e+00
8.386752749939134777e-01 3.270685378205435284e-02 1.046263238137000728e+00
8.389725768758116153e-01 3.360513101947619485e-02 1.044676393772254075e+00
8.390136962970333734e-01 3.336869398770000994e-02 1.043110859762185427e+00
8.394634040778394812e-01 3.406178956214404169e-02 1.041829417844801098e+00
8.395665417681844600e-01 3.385079737538514849e-02 1.040614377303507698e+00
8.395665417681844600e-01 3.385079737538514849e-02 1.040614377303507698e+00
8.397843109959493013e-01 3.410517963305339378e-02 1.037480670651623971e+00
8.401663371750248688e-01 3.404531219637042111e-02 1.036840245990284570e+00
8.401663371750248688e-01 3.404531219637042111e-02 1.036840245990284570e+00
8.402091727891540796e-01 3.420378509449142901e-02 1.034999111037585795e+00
8.404845702436999355e-01 3.383885689836469562e-02 1.033258257819573700e+00
8.404333960041506790e-01 3.417320895598113112e-02 1.031949765743688463e+00
8.407483822730817957e-01 3.438602209722550762e-02 1.031603743227957448e+00
8.408779079119869104e-01 3.404577912212899266e-02 1.029378098309741141e+00
8.408841812906635571e-01 3.366743906614205750e-02 1.028371290964356977e+00
8.410218953405574904e-01 3.420343460761431087e-02 1.026714511169869670e+00
8.410218953405574904e-01 3.420343460761431087e-02 1.026714511169869670e+00
8.411546517922751098e-01 3.468345317123381483e-02 1.026921901973534723e+00
8.411580623483384533e-01 3.396881687167219166e-02 1.026461690580676933e+00
8.412811341486602368e-01 3.470432513998027851e-02 1.025745877232657977e+00
8.412190063718609778e-01 3.285982386477701717e-02 1.025245325007499986e+00
8.412190063718609778e-01 3.285982386477701717e-02 1.025245325007499986e+00
8.413140915448672486e-01 3.427026922194475328e-02 1.025467463403447077e+00
8.413764653228066326e-01 3.330738984105466316e-02 1.023997516641535377e+00
8.414968649133499623e-01 3.326292738662081638e-02 1.023255104598291831e+00
8.414644813009394264e-01 3.417032186310216962e-02 1.023855686932380049e+00
8.414644813009394264e-01 3.417032186310216962e-02 1.023855686932380049e+00
8.416333501818870078e-01 3.309274183660176200e-02 1.022405567354962130e+00
8.416333501818870078e-01 3.309274183660176200e-02 1.022405567354962130e+00
8.416187099633689606e-01 3.412588357429884728e-02 1.022017548922426133e+00
8.416187099633689606e-01 3.412588357429884728e-02 1.022017548922426133e+00
8.416219375589634177e-01 3.422371694395271585e-02 1.020330974493240728e+00
8.418186098726556654e-01 3.410829559878280487e-02 1.019517049949640874e+00
8.418186098726556654e-01 3.410829559878280487e-02 1.019517049949640874e+00
8.418609718603980996e-01 3.427088218111608992e-02 1.018729820424387977e+00
8.418762823757830471e-01 3.419941679645226162e-02 1.017788991655626196e+00
8.418762823757830471e-01 3.419941679645226162e-02 1.017788991655626196e+00
8.421068157582657365e-01 3.385195944942918922e-02 1.017080358654531613e+00
8.421068157582657365e-01 3.385195944942918922e-02 1.017080358654531613e+00
8.421177759231870397e-01 3.382152166380737041e-02 1.015741656876611776e+00
8.421177759231870397e-01 3.382152166380737041e-02 1.015741656876611776e+00
8.420879943627046504e-01 3.475972767364123028e-02 1.015301344911716752e+00
8.420879943627046504e-01 3.475972767364123028e-02 1.015301344911716752e+00
8.422078148164966471e-01 3.392415463137175152e-02 1.014886687390345488e+00
8.421627547620431642e-01 3.361694366529521805e-02 1.014948203908106361e+00
8.421627547620431642e-01 3.361694366529521805e-02 1.014948203908106361e+00
8.423390712523649571e-01 3.414840479542299162e-02 1.015150477658545602e+00
8.422254273864387963e-01 3.478943539644605010e-02 1.014643390393396682e+00
8.423117149951445670e-01 3.433033589042299577e-02 1.015602498122976982e+00
8.423117149951445670e-01 3.433033589042299577e-02 1.015602498122976982e+00
8.421184080000653216e-01 3.370948143370663952e-02 1.015003436665252057e+00
8.421184080000653216e-01 3.370948143370663952e-02 1.015003436665252057e+00
8.421174035191573148e-01 3.396310654845641208e-02 1.014830140893293819e+00
8.422244818526855026e-01 3.309307973004581294e-02 1.015044728285751763e+00
8.422244818526855026e-01 3.309307973004581294e-02 1.015044728285751763e+00
8.421885758202271033e-01 3.447894984560897352e-02 1.015501817400606077e+00
8.422305625001955676e-01 3.499910336880857759e-02 1.015238640670031778e+00
8.423023299028313815e-01 3.411749616579140554e-02 1.015389534497413315e+00
8.423023299028313815e-01 3.411749616579140554e-02 1.015389534497413315e+00
8.422222592338030056e-01 3.481907984466754008e-02 1.015256227707122871e+00
8.422222592338030056e-01 3.481907984466754008e-02 1.015256227707122871e+00
8.423075639862001029e-01 3.441340005234314742e-02 1.014852882706362092e+00
8.422470174798810660e-01 3.342853146455630059e-02 1.015234918115600848e+00
8.422989182843736433e-01 3.438817756391899377e-02 1.014462241698856015e+00
8.422989182843736433e-01 3.438817756391899377e-02 1.014462241698856015e+00
8.423166288295728110e-01 3.359219000968723112e-02 1.015071067620020973e+00
8.423166288295728110e-01 3.359219000968723112e-02 1.015071067620020973e+00
8.422032582657995592e-01 3.531142429088626050e-02 1.014780596055915973e+00
8.422032582657995592e-01 3.531142429088626050e-02 1.014780596055915973e+00
8.421377593252049598e-01 3.506199878523756641e-02 1.015284321485054653e+00
8.422915121364119573e-01 3.455196858824735595e-02 1.015395816524423900e+00
8.422915121364119573e-01 3.455196858824735595e-02 1.015395816524423900e+00
8.423013830716081785e-01 3.506856835028716174e-02 1.015415260098929240e+00
8.421624935907425780e-01 3.388415435511658164e-02 1.015308362390010544e+00
8.423150448321983230e-01 3.432035628813082800e-02 1.014869723527763501e+00
8.421024808751307322e-01 3.409918613115413277e-02 1.015271461424544386e+00
8.421020601109457937e-01 3.390905846936944495e-02 1.015191831717413784e+00
8.420422121128269266e-01 3.462038545859313227e-02 1.015164293135318641e+00
8.420422121128269266e-01 3.462038545859313227e-02 1.015164293135318641e+00
8.421735617091085091e-01 3.377483212692052733e-02 1.015093172499168306e+00
8.422149901950630735e-01 3.454006560616983829e-02 1.014946971533239317e+00
8.422197645982050229e-01 3.449081077117268496e-02 1.014769980106379865e+00
8.422197645982050229e-01 3.449081077117268496e-02 1.014769980106379865e+00
8.422368239475244156e-01 3.390721570677574653e-02 1.015454828614164917e+00
8.422788065709287952e-01 3.397702039531901724e-02 1.015630261169546911e+00
8.421989535210168132e-01 3.394558175788107979e-02 1.014944038854777908e+00
8.422603027189683456e-01 3.491982706370535400e-02 1.014738773741940214e+00
8.422603027189683456e-01 3.491982706370535400e-02 1.014738773741940214e+00
8.420900184325285087e-01 3.430703512863570587e-02 1.015744881730445304e+00
8.420900184325285087e-01 3.430703512863570587e-02 1.015744881730445304e+00
8.422149073923358431e-01 3.468050489863680474e-02 1.015348406901820599e+00
8.420818739454204449e-01 3.520872498894786484e-02 1.015216871531536391e+00
8.420818739454204449e-01 3.520872498894786484e-02 1.015216871531536391e+00
8.422046623315679881e-01 3.437551200380499494e-02 1.015447481452150802e+00
8.422327211209412745e-01 3.506847455292953775e-02 1.014914788626406494e+00
8.422327211209412745e-01 3.506847455292953775e-02 1.014914788626406494e+00
8.421397036920617030e-01 3.529133034220520437e-02 1.015188450886546079e+00
8.420276028405567770e-01 3.524513804986046522e-02 1.014794108416934737e+00
8.420276028405567770e-01 3.524513804986046522e-02 1.014794108416934737e+00
8.423559197402742393e-01 3.364508474606681815e-02 1.015433743522199173e+00
8.423559197402742393e-01 3.364508474606681815e-02 1.015433743522199173e+00
8.422218442129104643e-01 3.486059005450102555e-02 1.015068113763207380e+00
8.422218442129104643e-01 3.486059005450102555e-02 1.015068113763207380e+00
8.422019822474916539e-01 3.307458531501191595e-02 1.014809785981951151e+00
8.422019822474916539e-01 3.307458531501191595e-02 1.014809785981951151e+00
8.421605496587246664e-01 3.408527891380722097e-02 1.015108431288230806e+00
8.421605496587246664e-01 3.408527891380722097e-02 1.015108431288230806e+00
8.420980613646170676e-01 3.410183665220169191e-02 1.014976665481979845e+00
8.420817105237088374e-01 3.457713814124802748e-02 1.015308394624492294e+00
8.421389552933732370e-01 3.358153792963219225e-02 1.015101716496200623e+00
8.421389552933732370e-01 3.358153792963219225e-02 1.015101716496200623e+00
8.423668069292327143e-01 3.404944074761977191e-02 1.014698452583118637e+00
8.422931776069654264e-01 3.454693042541887027e-02 1.015021815295337193e+00
8.421824824901894546e-01 3.315463022850034802e-02 1.015514903966014959e+00
8.422211777414159162e-01 3.564699077109312331e-02 1.014544252521790479e+00
8.422211777414159162e-01 3.564699077109312331e-02 1.014544252521790479e+00
8.422598573541997258e-01 3.386791140389017185e-02 1.015273840575571906e+00
8.422191166507514426e-01 3.445567555009519667e-02 1.014289212774919235e+00
8.421186503499680231e-01 3.474329435136300909e-02 1.014975715628293917e+00
8.420446198655209269e-01 3.444714344991588878e-02 1.014973895948287685e+00
8.420446198655209269e-01 3.444714344991588878e-02 1.014973895948287685e+00
8.422368005215958853e-01 3.415846621883628087e-02 1.015211069205544714e+00
8.421156168475767423e-01 3.467675600494118937e-02 1.015423401447206331e+00
8.421455006721267900e-01 3.366768176803149049e-02 1.014906756856623016e+00
8.422715857963563035e-01 3.415026061984163114e-02 1.015117719823267262e+00
8.422715857963563035e-01 3.415026061984163114e-02 1.015117719823267262e+00
8.422089248236162007e-01 3.531967763689185941e-02 1.015305466951857305e+00
8.422416886756237675e-01 3.440465882598673503e-02 1.015019531007162801e+00
8.422416886756237675e-01 3.440465882598673503e-02 1.015019531007162801e+00
8.420955181887206376e-01 3.480196338905879733e-02 1.015036555408481256e+00
8.420955181887206376e-01 3.480196338905879733e-02 1.015036555408481256e+00
8.421271672873196223e-01 3.475793317840893820e-02 1.015257673220774759e+00
8.421271672873196223e-01 3.475793317840893820e-02 1.015257673220774759e+00
8.421916599947885107e-01 3.423746976573548151e-02 1.014755464120007389e+00
8.421369752083952553e-01 3.408511602475377406e-02 1.015758293832113912e+00
8.422307276963086897e-01 3.352703228389636303e-02 1.014636748342594208e+00
8.422307276963086897e-01 3.352703228389636303e-02 1.014636748342594208e+00
8.420036608527806665e-01 3.476030813402710556e-02 1.015328713260361670e+00
8.421874856979161272e-01 3.429496885902844072e-02 1.014798651899947224e+00
8.421874856979161272e-01 3.429496885902844072e-02 1.014798651899947224e+00
8.421267092771199669e-01 3.399667575251437424e-02 1.015102786824611858e+00
8.422044954593688182e-01 3.418540313438667155e-02 1.015360152410883066e+00
8.420636038029168935e-01 3.414001492236893448e-02 1.014861898543066854e+00
8.420636038029168935e-01 3.414001492236893448e-02 1.014861898543066854e+00
8.421748529034327468e-01 3.440922238234600528e-02 1.015372641879302762e+00
8.420725973813084630e-01 3.402744450507445839e-02 1.015275586976776001e+00
8.421384764694449521e-01 3.442286801217322306e-02 1.014615539836948077e+00
8.420311748843459787e-01 3.491965318809265445e-02 1.015421018996848890e+00
8.420311748843459787e-01 3.491965318809265445e-02 1.015421018996848890e+00
8.423163419309905864e-01 3.409098164949193183e-02 1.015353620104684662e+00
8.420733329118124111e-01 3.401407650205128669e-02 1.015058199670000105e+00
8.421081760231786673e-01 3.394029116306068045e-02 1.014712100900142078e+00
8.421544465064759732e-01 3.477114089124722085e-02 1.015529316514188984e+00
8.421274487164770450e-01 3.441385951845269547e-02 1.014596756958829893e+00
8.421274487164770450e-01 3.441385951845269547e-02 1.014596756958829893e+00
8.421959503160402205e-01 3.475074892987225356e-02 1.014909210027982400e+00
8.422991544986685453e-01 3.452869779513567661e-02 1.014817823834837096e+00
8.423113973159662704e-01 3.467279302743309782e-02 1.014871323192063635e+00
8.423113973159662704e-01 3.467279302743309782e-02 1.014871323192063635e+00
8.421965153441222096e-01 3.267727353182526412e-02 1.014670594305741913e+00
8.420604536596958400e-01 3.452031523335281904e-02 1.014572188832647992e+00
8.422096821607327755e-01 3.447582785375393616e-02 1.015397591907525543e+00
8.422115887532672929e-01 3.387546103717508500e-02 1.014598630169045723e+00
8.422115887532672929e-01 3.387546103717508500e-02 1.014598630169045723e+00
8.421085796495555442e-01 3.389878087290877640e-02 1.014877478174832204e+00
8.422668970693220070e-01 3.393735382801681133e-02 1.015607982765728279e+00
8.423095387589913940e-01 3.564390869636222675e-02 1.014700637199404287e+00
8.422737347868629598e-01 3.421735912977435373e-02 1.014596187249490633e+00
8.422737347868629598e-01 3.421735912977435373e-02 1.014596187249490633e+00
8.421420897085437618e-01 3.355687056738192869e-02 1.015133240686898919e+00
8.421514284788628180e-01 3.535055784673948875e-02 1.015060099959327333e+00
8.422248024117025000e-01 3.435044754133109723e-02 1.015087986285171162e+00
8.421490245039138234e-01 3.529814995268954619e-02 1.014740131480312169e+00
8.420890461062876531e-01 3.500224995625682289e-02 1.015423145718678422e+00
8.423005837188298761e-01 3.361003449691302158e-02 1.015092007519710737e+00
8.420136522282979374e-01 3.478025541140079835e-02 1.015337952602484606e+00
8.420136522282979374e-01 3.478025541140079835e-02 1.015337952602484606e+00
8.420991840580499543e-01 3.442462439422563220e-02 1.014651540336154456e+00
8.420991840580499543e-01 3.442462439422563220e-02 1.014651540336154456e+00
8.420077849490686939e-01 3.463189168531568413e-02 1.014442365794206768e+00
8.422905577463309923e-01 3.501568432823225219e-02 1.015159557763643416e+00
8.422905577463309923e-01 3.501568432823225219e-02 1.015159557763643416e+00
8.419805198793429701e-01 3.394166621390071192e-02 1.015339079780698706e+00
8.421841829535501311e-01 3.513323212718216099e-02 1.014865652427137999e+00
8.421841829535501311e-01 3.513323212718216099e-02 1.014865652427137999e+00
8.421882156513438300e-01 3.408278095925513368e-02 1.014768382567041050e+00
8.420996957108868308e-01 3.481399679554750964e-02 1.014521048952807147e+00
8.420673742760896863e-01 3.513614972413438287e-02 1.014663047583923117e+00
8.420673742760896863e-01 3.513614972413438287e-02 1.014663047583923117e+00
8.421738421538061958e-01 3.406139699357121214e-02 1.015315047912902946e+00
8.420971029892363457e-01 3.436647668799796412e-02 1.014966211555619280e+00
8.422401094354096118e-01 3.426926240351740871e-02 1.014999770496960219e+00
8.422728881772586496e-01 3.510817874519342463e-02 1.015013916919037973e+00
8.421295451310106817e-01 3.421240629547576267e-02 1.014781471046155792e+00
8.421295451310106817e-01 3.421240629547576267e-02 1.014781471046155792e+00
8.421529373999840917e-01 3.390273936142443323e-02 1.014994797234610058e+00
8.421529373999840917e-01 3.390273936142443323e-02 1.014994797234610058e+00
8.420061564605325621e-01 3.406026040856274806e-02 1.015245930088319426e+00
8.420945958070498172e-01 3.445439322111855385e-02 1.014979327528984676e+00
8.419875975839441473e-01 3.441706342046657596e-02 1.015097477982618512e+00
8.421495581601751157e-01 3.461614129588918426e-02 1.015257230106754616e+00
8.423047553500752072e-01 3.400982495514019016e-02 1.015489018668372712e+00
8.422691516929026179e-01 3.425782351556011518e-02 1.015010119574529801e+00
8.423394318216701482e-01 3.345302937426203327e-02 1.015479925480173851e+00
8.423010109632389497e-01 3.386989167254216004e-02 1.014630941949849596e+00
8.423010109632389497e-01 3.386989167254216004e-02 1.014630941949849596e+00
8.421146297009952653e-01 3.469003077859370010e-02 1.015625896661583649e+00
8.421146297009952653e-01 3.469003077859370010e-02 1.015625896661583649e+00
8.421529373999840917e-01 3.390273936142443323e-02 1.014971909051016308e+00
8.421529373999840917e-01 3.390273936142443323e-02 1.014971909051016308e+00
8.422201008054039928e-01 3.400806308137824252e-02 1.015114820665053763e+00
8.422201008054039928e-01 3.400806308137824252e-02 1.015114820665053763e+00
8.423466381709737716e-01 3.563853488160481642e-02 1.015263970672183547e+00
8.423466381709737716e-01 3.563853488160481642e-02 1.015263970672183547e+00
8.422355526895729527e-01 3.450860933842883616e-02 1.015263857101654121e+00
8.422315727312532641e-01 3.461610753971723631e-02 1.014856159930517254e+00
8.421404557215230735e-01 3.425095723946373905e-02 1.015831430858574524e+00
8.421470157440559268e-01 3.443715044085986221e-02 1.014935771782089269e+00
8.421470157440559268e-01 3.443715044085986221e-02 1.014935771782089269e+00
8.419536995690163339e-01 3.480871692453139932e-02 1.014436038994944500e+00
8.423457289325674280e-01 3.499591410789860968e-02 1.015148336127481121e+00
8.423457289325674280e-01 3.499591410789860968e-02 1.015148336127481121e+00
8.421962091047880961e-01 3.392880860816344796e-02 1.015115945988888768e+00
8.421962091047880961e-01 3.392880860816344796e-02 1.015115945988888768e+00
8.420227550863028654e-01 3.377499431733189256e-02 1.014955932544305384e+00
8.420227550863028654e-01 3.377499431733189256e-02 1.014955932544305384e+00
8.421444953727921234e-01 3.401777135223393173e-02 1.014959566699709770e+00
8.420908682130079370e-01 3.424959183950530145e-02 1.015305956025408296e+00
8.420908682130079370e-01 3.424959183950530145e-02 1.015305956025408296e+00
8.421720192236429314e-01 3.393481623721177065e-02 1.015066116154170750e+00
8.422555216582208182e-01 3.353430840647107086e-02 1.015060562088528906e+00
8.421703193239229446e-01 3.492982289297646287e-02 1.015199499464428223e+00
8.421703193239229446e-01 3.492982289297646287e-02 1.015199499464428223e+00
8.421928876379384254e-01 3.404954413223026249e-02 1.015173192097483579e+00
8.421891737916347154e-01 3.413526228537748508e-02 1.014818183615398439e+00
8.421493766878184184e-01 3.442608921596728572e-02 1.015207860069817780e+00
8.422019646887716204e-01 3.542998080221432949e-02 1.014911461717969088e+00
8.422019646887716204e-01 3.542998080221432949e-02 1.014911461717969088e+00
8.421596266429992594e-01 3.417360015272947332e-02 1.015414893679940533e+00
8.423120267010942852e-01 3.363499252167388709e-02 1.015939595619238300e+00
8.421690754742131579e-01 3.600802728428664085e-02 1.015401179674709775e+00
8.420968676240989659e-01 3.445190295547036208e-02 1.014991343817609470e+00
8.420943168687401448e-01 3.417269694041049494e-02 1.015401320505608940e+00
8.422154583396651573e-01 3.409094112408767724e-02 1.014373147995497382e+00
8.422154583396651573e-01 3.409094112408767724e-02 1.014373147995497382e+00
8.422191321086232030e-01 3.395562807527802845e-02 1.015057545463348809e+00
8.422235742458548113e-01 3.417352166321558499e-02 1.015233654083238957e+00
8.422235742458548113e-01 3.417352166321558499e-02 1.015233654083238957e+00
8.421758881707726019e-01 3.376375965988916844e-02 1.015357764574336130e+00
8.421758881707726019e-01 3.376375965988916844e-02 1.015357764574336130e+00
8.421598589612786512e-01 3.454006288728866947e-02 1.015162474615671773e+00
8.421598589612786512e-01 3.454006288728866947e-02 1.015162474615671773e+00
8.421357530125844759e-01 3.395377032135779571e-02 1.014976497172985770e+00
8.421322106937123575e-01 3.447713970022618646e-02 1.015166407130030812e+00
8.421591803786836472e-01 3.453185077086669275e-02 1.015280504991530552e+00
8.420386527189475112e-01 3.489613455299428457e-02 1.014896824358924921e+00
8.420807630054486514e-01 3.385753846449033461e-02 1.014973195044528653e+00
8.422983190222416150e-01 3.385293295500237803e-02 1.014726618028511718e+00
8.422983190222416150e-01 3.385293295500237803e-02 1.014726618028511718e+00
8.420513087717491629e-01 3.469155070596353224e-02 1.016289062261547027e+00
8.422238061587412616e-01 3.435672947006648131e-02 1.014434227680936829e+00
8.421666053716360123e-01 3.412163478761537361e-02 1.015235165952591112e+00
8.420635488162754312e-01 3.478038882028324646e-02 1.014502501776074483e+00
8.420635488162754312e-01 3.478038882028324646e-02 1.014502501776074483e+00
8.422423367347976475e-01 3.454829070649110406e-02 1.014582163072577758e+00
8.421849735713072826e-01 3.362436506285389898e-02 1.015058486759639500e+00
8.421849735713072826e-01 3.362436506285389898e-02 1.015058486759639500e+00
8.420647007811117302e-01 3.408523009927304226e-02 1.014809460751608050e+00
8.420612804224194559e-01 3.493896353588718529e-02 1.015488125797279206e+00
8.421584647468298712e-01 3.414257663265595627e-02 1.015403166315167693e+00
8.422041981399744914e-01 3.472688944846814146e-02 1.014464878535241033e+00
8.422041981399744914e-01 3.472688944846814146e-02 1.014464878535241033e+00
8.420407992303516886e-01 3.458382462181935901e-02 1.015711003060684181e+00
8.421795330249450817e-01 3.351616682665612551e-02 1.015265302615306009e+00
8.421079489915663796e-01 3.371585725537877554e-02 1.015653681500139127e+00
8.420228650874301835e-01 3.430176991970654982e-02 1.014871036435515572e+00
8.420228650874301835e-01 3.430176991970654982e-02 1.014871036435515572e+00
8.421042371929913228e-01 3.507604676709187574e-02 1.014925856423126049e+00
8.421546769117764786e-01 3.467465769134861486e-02 1.015364225717703794e+00
8.422811100380805938e-01 3.435226325616195370e-02 1.015392814631439489e+00
8.421253045776929680e-01 3.487373208218633169e-02 1.015017072135352194e+00
8.419875556922563620e-01 3.476934129935366907e-02 1.015540803925329971e+00
8.419875556922563620e-01 3.476934129935366907e-02 1.015540803925329971e+00
8.421079415070698015e-01 3.443929643474687163e-02 1.014971972715391413e+00
8.422136881890244231e-01 3.414275968487682361e-02 1.015210887793123185e+00
8.420682802948650236e-01 3.487871444223678008e-02 1.015568338984725649e+00
8.420682802948650236e-01 3.487871444223678008e-02 1.015568338984725649e+00
8.420353847683285098e-01 3.464505515061210711e-02 1.014691361247272550e+00
8.421075972302902723e-01 3.469990394196203337e-02 1.015948028241052459e+00
8.421540995229391813e-01 3.481270467525977852e-02 1.015379367955883350e+00
8.421406481105638830e-01 3.549942117016201271e-02 1.016518334669323620e+00
8.421406481105638830e-01 3.549942117016201271e-02 1.016518334669323620e+00
8.417642172220567431e-01 3.427490407464335587e-02 1.019058890507039461e+00
8.417642172220567431e-01 3.427490407464335587e-02 1.019058890507039461e+00
8.411467818720222978e-01 3.492131077768276248e-02 1.024659876030776129e+00
8.409819476099072988e-01 3.336344956274855944e-02 1.027956575696190811e+00
8.404128360784984819e-01 3.405627546700705499e-02 1.032497740287963817e+00
8.398882133150029627e-01 3.393852617079703982e-02 1.037967260135806313e+00
8.394691070193140980e-01 3.367549843648071778e-02 1.041097259274614828e+00
8.394691070193140980e-01 3.367549843648071778e-02 1.041097259274614828e+00
8.386575447599544653e-01 3.397893872069968763e-02 1.047163783006199944e+00
8.382559096136809051e-01 3.381972451564508458e-02 1.050957510850035970e+00
8.374916435497889999e-01 3.282200805002945948e-02 1.056214314512065711e+00
8.365755487256260059e-01 3.364131622110012182e-02 1.061849600784597225e+00
8.356132676008813931e-01 3.382922826978149167e-02 1.068041848768714441e+00
8.344089063155817332e-01 3.280455868669942404e-02 1.074920931741812247e+00
8.338078928999154149e-01 3.390747861249749501e-02 1.079133721821508907e+00
8.325753944592905187e-01 3.209864084464797429e-02 1.085940014213407245e+00
8.315282626995456061e-01 3.203509388476828007e-02 1.091288777616881145e+00
8.304354096313741884e-01 3.306954376593888856e-02 1.095993518354107188e+00
8.304354096313741884e-01 3.306954376593888856e-02 1.095993518354107188e+00
8.292145015691289034e-01 3.102969243320123291e-02 1.102720872402887187e+00
8.275532294955237900e-01 3.186649415143214675e-02 1.110337634665542028e+00
8.275532294955237900e-01 3.186649415143214675e-02 1.110337634665542028e+00
8.240320398214137088e-01 3.096885493449412843e-02 1.125302733026907642e+00
8.240320398214137088e-01 3.096885493449412843e-02 1.125302733026907642e+00
8.210457664452573967e-01 3.082274447590628227e-02 1.137429189541860008e+00
8.210457664452573967e-01 3.082274447590628227e-02 1.137429189541860008e+00
8.182634657826822755e-01 2.964876751505399546e-02 1.147505851758342743e+00
8.182634657826822755e-01 2.964876751505399546e-02 1.147505851758342743e+00
8.147481149066796435e-01 2.907424432118317983e-02 1.158751538955610672e+00
8.123848039808562183e-01 2.792511601000226620e-02 1.166044394743798840e+00
8.100806101243646085e-01 2.781951854999306986e-02 1.173031869436782504e+00
8.074508112935108173e-01 2.745263227902823913e-02 1.180131097578480226e+00
8.055788664408342070e-01 2.819628283613897016e-02 1.184576224594036775e+00
8.055788664408342070e-01 2.819628283613897016e-02 1.184576224594036775e+00
8.029261487621082161e-01 2.854614710206138453e-02 1.190920204864134080e+00
8.007737303187744127e-01 2.922450159887269097e-02 1.195741247179696209e+00
7.981587791165183354e-01 3.057491845125642413e-02 1.201545274561364174e+00
7.981587791165183354e-01 3.057491845125642413e-02 1.201545274561364174e+00
7.949800684287752217e-01 3.230458560857502742e-02 1.208138072837858124e+00
7.928191450048261979e-01 3.273886059878976240e-02 1.212411145111939703e+00
7.899988267096298422e-01 3.406725290158697100e-02 1.218407982977991688e+00
7.882391047705651355e-01 3.525071773534296099e-02 1.222008693591159156e+00
7.843971812984938952e-01 3.793181701038368658e-02 1.228812162981607559e+00
7.843971812984938952e-01 3.793181701038368658e-02 1.228812162981607559e+00
7.804009616673196481e-01 4.014412417407074718e-02 1.235819177279920522e+00
7.804009616673196481e-01 4.014412417407074718e-02 1.235819177279920522e+00
7.779098111790625492e-01 4.202478851710378382e-02 1.240035859076655367e+00
7.752352827714353856e-01 4.393298034624478626e-02 1.243610670420118414e+00
7.729477879527559825e-01 4.546777755291470796e-02 1.246874516882759742e+00
7.729477879527559825e-01 4.546777755291470796e-02 1.246874516882759742e+00
7.708025497582272623e-01 4.663538316003988660e-02 1.249713541022632768e+00
7.688427295693566199e-01 4.853525777146808218e-02 1.252146419519483800e+00
7.675677157096240100e-01 4.914424520251124695e-02 1.253961653366161721e+00
7.675677157096240100e-01 4.914424520251124695e-02 1.253961653366161721e+00
7.659445470587187277e-01 5.006898590991910869e-02 1.254572347387688636e+00
7.647618357968505309e-01 5.155247549787365935e-02 1.255763757360218058e+00
7.629051051699567987e-01 5.391019422346683687e-02 1.257431091523550926e+00
7.629051051699567987e-01 5.391019422346683687e-02 1.257431091523550926e+00
7.610461626506809241e-01 5.326687584233096018e-02 1.258543959485810326e+00
7.600170686949047072e-01 5.456522311023623284e-02 1.259513789356038416e+00
7.582956944227903229e-01 5.633479889697888543e-02 1.260248369899426457e+00
7.582956944227903229e-01 5.633479889697888543e-02 1.260248369899426457e+00
7.566168470191080297e-01 5.687746264646608568e-02 1.261047061517503121e+00
7.552501593763448762e-01 5.805431794055741085e-02 1.261964520426200664e+00
7.552501593763448762e-01 5.805431794055741085e-02 1.261964520426200664e+00
7.541088989337778603e-01 5.871554789840970068e-02 1.262388910411668341e+00
7.541088989337778603e-01 5.871554789840970068e-02 1.262388910411668341e+00
7.515035300061300161e-01 6.144972547537649876e-02 1.262791289186887767e+00
7.515035300061300161e-01 6.144972547537649876e-02 1.262791289186887767e+00
7.492201933326492203e-01 6.305443017901718461e-02 1.263609051777665027e+00
7.475214625061227247e-01 6.467342168731501917e-02 1.263660629535396929e+00
7.458043398602339780e-01 6.558017160568316295e-02 1.264058768677295941e+00
7.458043398602339780e-01 6.558017160568316295e-02 1.264058768677295941e+00
7.442336461647889312e-01 6.741723457482920456e-02 1.264211278160424001e+00
7.429279090023191978e-01 6.792947574617692885e-02 1.263829567965502054e+00
7.413374377844413887e-01 6.924904847616462911e-02 1.263970954982892358e+00
7.399589868157850914e-01 6.956991311176878579e-02 1.263932739469113775e+00
7.399589868157850914e-01 6.956991311176878579e-02 1.263932739469113775e+00
7.381550350777827951e-01 7.023987889880223268e-02 1.264228813169106846e+00
7.374301518995887150e-01 7.136388027042901705e-02 1.263376304732684918e+00
7.374301518995887150e-01 7.136388027042901705e-02 1.263376304732684918e+00
7.358023992369333577e-01 7.138342199089389717e-02 1.263931148316432385e+00
7.358023992369333577e-01 7.138342199089389717e-02 1.263931148316432385e+00
7.340756503843852698e-01 7.250074410193710350e-02 1.263228990351850101e+00
7.340756503843852698e-01 7.250074410193710350e-02 1.263228990351850101e+00
7.313431400581743569e-01 7.394703991205490989e-02 1.262526770095508510e+00
7.298018678017451633e-01 7.465188078340047328e-02 1.262654561070681858e+00
7.285054693701138451e-01 7.499304603062230401e-02 1.262214554952166390e+00
7.277852168284758561e-01 7.560705611401641324e-02 1.261645294027698094e+00
7.277852168284758561e-01 7.560705611401641324e-02 1.261645294027698094e+00
7.267549383877096592e-01 7.607129894761074929e-02 1.260742637423057033e+00
7.257105347759241765e-01 7.515662157967317736e-02 1.259948289756650741e+00
7.242706592593700643e-01 7.588598936541171569e-02 1.260394816698368281e+00
7.242706592593700643e-01 7.588598936541171569e-02 1.260394816698368281e+00
7.230556923153528270e-01 7.617958509123985700e-02 1.260191071535041729e+00
7.221110582302900927e-01 7.752211226398114663e-02 1.259375650578029582e+00
7.210664403702377045e-01 7.681769729778882561e-02 1.258799919824769908e+00
7.201030573949704916e-01 7.673666630558459434e-02 1.258766600957745396e+00
7.194740834077699709e-01 7.724387295781762197e-02 1.258829884020801204e+00
7.185679643221903889e-01 7.715559742833032197e-02 1.258091853979093511e+00
7.178782805911544385e-01 7.809636821235470261e-02 1.257867421172744082e+00
7.178782805911544385e-01 7.809636821235470261e-02 1.257867421172744082e+00
7.174624666688552699e-01 7.683617449922068576e-02 1.257364080540742890e+00
7.162417206584642537e-01 7.831428603179430015e-02 1.257127191419455947e+00
7.162417206584642537e-01 7.831428603179430015e-02 1.257127191419455947e+00
7.153820562610866407e-01 7.783521144353677812e-02 1.256913250717983210e+00
7.149346432817855757e-01 7.737790558596541191e-02 1.256382882903570142e+00
7.144383915617350533e-01 7.863766060307122996e-02 1.256356181433926800e+00
7.144383915617350533e-01 7.863766060307122996e-02 1.256356181433926800e+00
7.144882451157831271e-01 7.929860195970442338e-02 1.254436089478256910e+00
7.144293639989914846e-01 7.967786398375555079e-02 1.252872441180039154e+00
7.144293639989914846e-01 7.967786398375555079e-02 1.252872441180039154e+00
7.150228468475716692e-01 7.947743524437268781e-02 1.249933360457636367e+00
7.148759904497588025e-01 8.073928625571902273e-02 1.247732188498317907e+00
7.151022024208784078e-01 7.989624747232662583e-02 1.245886549340456284e+00
7.151022024208784078e-01 7.989624747232662583e-02 1.245886549340456284e+00
7.155062445191233689e-01 8.162012761269811512e-02 1.242197684269658930e+00
7.160823369806589289e-01 8.133482207982900558e-02 1.239525552622118720e+00
7.169056730038144698e-01 8.206828742293699464e-02 1.234834663599708504e+00
7.171163048503422788e-01 8.218558538316683704e-02 1.232374547429914147e+00
7.171163048503422788e-01 8.218558538316683704e-02 1.232374547429914147e+00
7.172577728759165216e-01 8.357147840678838535e-02 1.228090381288195587e+00
7.177059389433784187e-01 8.435532752901687970e-02 1.225191419337811283e+00
7.181549736853976018e-01 8.600362142105687224e-02 1.220096973742695656e+00
7.181549736853976018e-01 8.600362142105687224e-02 1.220096973742695656e+00
7.187210805958476056e-01 9.034413923110533318e-02 1.214643488589435716e+00
7.189582090675388226e-01 9.098166255997287843e-02 1.211402383769781821e+00
7.189582090675388226e-01 9.098166255997287843e-02 1.211402383769781821e+00
7.192778134042023819e-01 9.443810087492242322e-02 1.206052111009479288e+00
7.192778134042023819e-01 9.443810087492242322e-02 1.206052111009479288e+00
7.197448676327806716e-01 9.700014405882009805e-02 1.201575782468476739e+00
7.202135578140701488e-01 9.989692472948077939e-02 1.196617474701754169e+00
7.202135578140701488e-01 9.989692472948077939e-02 1.196617474701754169e+00
7.211323384841420436e-01 1.048464571750662988e-01 1.188136692103527903e+00
7.217064859426096657e-01 1.065595402391439905e-01 1.183722240465079123e+00
7.217064859426096657e-01 1.065595402391439905e-01 1.183722240465079123e+00
7.224372953311541945e-01 1.096200404401588141e-01 1.179256983511141721e+00
7.235398926406676479e-01 1.121777383442418702e-01 1.173855862651993709e+00
7.238217209826316445e-01 1.134215976747955379e-01 1.171758532832268163e+00
7.248196665613158007e-01 1.150605038947384168e-01 1.167610442738937770e+00
7.248196665613158007e-01 1.150605038947384168e-01 1.167610442738937770e+00
7.257226069205016117e-01 1.167596992622978030e-01 1.163039804660174203e+00
7.267594711968753396e-01 1.180855691301296584e-01 1.158908548239334646e+00
7.273616551071580005e-01 1.194455957400688967e-01 1.156182689707437872e+00
7.283648435952251310e-01 1.209995928270281851e-01 1.151009328191208825e+00
7.292278152185611706e-01 1.212630177877873361e-01 1.147594576497252383e+00
7.296941785721724472e-01 1.233378579303516104e-01 1.143961244240402575e+00
7.296941785721724472e-01 1.233378579303516104e-01 1.143961244240402575e+00
7.311515296967742161e-01 1.235728929524046588e-01 1.138626230104506254e+00
7.311515296967742161e-01 1.235728929524046588e-01 1.138626230104506254e+00
7.322806363484063441e-01 1.244234560602199696e-01 1.131185283912493844e+00
7.322806363484063441e-01 1.244234560602199696e-01 1.131185283912493844e+00
7.336334234845466318e-01 1.264655194125305637e-01 1.120832066622122092e+00
7.336334234845466318e-01 1.264655194125305637e-01 1.120832066622122092e+00
7.347830926843245125e-01 1.270807908949510290e-01 1.112551503655708540e+00
7.347830926843245125e-01 1.270807908949510290e-01 1.112551503655708540e+00
7.354500205584302286e-01 1.276970165043766758e-01 1.107433580118608596e+00
7.354721705102175155e-01 1.284131577011272396e-01 1.105258544259359654e+00
7.358527965204240129e-01 1.288451551340487056e-01 1.100774563345572332e+00
7.358527965204240129e-01 1.288451551340487056e-01 1.100774563345572332e+00
7.363150881874921394e-01 1.292608702165113366e-01 1.097114523464572278e+00
7.363873345065803377e-01 1.284067883262267340e-01 1.094863199541380894e+00
7.363873345065803377e-01 1.284067883262267340e-01 1.094863199541380894e+00
7.370684873432399309e-01 1.291819526925505612e-01 1.091029227023774251e+00
7.371504647874086436e-01 1.293961066346349109e-01 1.089576447700975725e+00
7.374214614461087614e-01 1.286617499319889224e-01 1.088204049567601306e+00
7.376712378647450885e-01 1.290562646045202433e-01 1.085803104366973360e+00
7.378328807587447580e-01 1.284316039698625012e-01 1.084591438112792350e+00
7.379678673940693878e-01 1.288011361648833952e-01 1.083589433216774145e+00
7.383162620780949759e-01 1.276233380926631855e-01 1.082073499995074295e+00
7.383162620780949759e-01 1.276233380926631855e-01 1.082073499995074295e+00
7.385334946829619218e-01 1.266922240583474302e-01 1.079930957947708769e+00
7.385334946829619218e-01 1.266922240583474302e-01 1.079930957947708769e+00
7.387431304483050853e-01 1.258299248582215035e-01 1.076776240814786734e+00
7.387431304483050853e-01 1.258299248582215035e-01 1.076776240814786734e+00
7.388777414122928988e-01 1.258319419768427483e-01 1.074391130142962503e+00
7.388566153815983029e-01 1.249134385737531161e-01 1.073627837122239637e+00
7.391078718101353751e-01 1.243706696940244105e-01 1.071747914402676916e+00
7.390891021476357903e-01 1.241411720333292501e-01 1.070756395186552634e+00
7.390891021476357903e-01 1.241411720333292501e-01 1.070756395186552634e+00
7.391721369133927855e-01 1.224336228894912226e-01 1.067323624130580129e+00
7.391721369133927855e-01 1.224336228894912226e-01 1.067323624130580129e+00
7.391839720065342956e-01 1.216700303802837752e-01 1.065693914049234081e+00
7.393243895881230765e-01 1.208573194987600935e-01 1.063818967399331239e+00
7.391562362907826422e-01 1.203176953819322936e-01 1.062801272364503724e+00
7.391562362907826422e-01 1.203176953819322936e-01 1.062801272364503724e+00
7.393687979671075272e-01 1.194484523737541909e-01 1.061117498793621827e+00
7.394285226219082796e-01 1.185628013190411362e-01 1.059057103068738126e+00
7.394285226219082796e-01 1.185628013190411362e-01 1.059057103068738126e+00
7.393408747472030029e-01 1.184390983389849300e-01 1.057087508560487832e+00
7.395480698871222947e-01 1.175021051335437272e-01 1.056149159907618262e+00
7.395460032672814821e-01 1.181528791072592455e-01 1.054794679637911958e+00
7.395927381556227642e-01 1.176914785924123436e-01 1.053786517700630254e+00
7.395077726991138301e-01 1.172197863753691310e-01 1.053201766544908713e+00
7.395077726991138301e-01 1.172197863753691310e-01 1.053201766544908713e+00
7.396123448362982300e-01 1.163893050808364887e-01 1.051875230955226614e+00
7.396709862518821010e-01 1.162603747169127927e-01 1.051021466058957410e+00
7.396709862518821010e-01 1.162603747169127927e-01 1.051021466058957410e+00
7.397497608093699384e-01 1.161780338103714227e-01 1.049753950934207314e+00
7.395032861224594134e-01 1.163877212950467643e-01 1.049954453755161277e+00
7.395306238325974890e-01 1.157887177644363608e-01 1.050001502192753788e+00
7.394618101254490927e-01 1.158050971035152338e-01 1.049899008909314979e+00
7.394850432635521331e-01 1.148121263705424444e-01 1.050032454854324726e+00
7.395954226378379515e-01 1.151796088411065760e-01 1.049959994347189562e+00
7.395063530720904499e-01 1.151979428754167506e-01 1.049212783582540442e+00
7.395063530720904499e-01 1.151979428754167506e-01 1.049212783582540442e+00
7.395085229776077185e-01 1.152095016807484912e-01 1.049302430748973336e+00
7.395085229776077185e-01 1.152095016807484912e-01 1.049302430748973336e+00
7.393722416432174649e-01 1.145779554005462858e-01 1.049125475233766869e+00
7.393722416432174649e-01 1.145779554005462858e-01 1.049125475233766869e+00
7.392755416995244744e-01 1.129799614819143871e-01 1.048191652778071248e+00
7.392755416995244744e-01 1.129799614819143871e-01 1.048191652778071248e+00
7.389889363747789153e-01 1.123858447143889355e-01 1.047681105025523252e+00
7.388690748388949681e-01 1.120392158971385971e-01 1.047787459471274829e+00
7.390544950022089887e-01 1.113371643412640194e-01 1.046426631972503074e+00
7.390544950022089887e-01 1.113371643412640194e-01 1.046426631972503074e+00
7.387139514180055544e-01 1.115044836377344639e-01 1.046912442778864083e+00
7.388712316690411175e-01 1.113486752952484587e-01 1.046001623227532429e+00
7.387089751013865557e-01 1.103437536803053148e-01 1.045674798480197953e+00
7.384450790902717943e-01 1.111754768581914576e-01 1.046087599476650976e+00
7.384450790902717943e-01 1.111754768581914576e-01 1.046087599476650976e+00
7.385422604658592460e-01 1.100433933664624470e-01 1.045611184899493784e+00
7.386406500668085684e-01 1.099974700562444119e-01 1.045540801916173157e+00
7.386406500668085684e-01 1.099974700562444119e-01 1.045540801916173157e+00
7.384296330588653312e-01 1.096142449982416417e-01 1.045390420257796160e+00
7.384296330588653312e-01 1.096142449982416417e-01 1.045390420257796160e+00
7.385890078689540950e-01 1.094081876375253837e-01 1.044645437633011653e+00
7.385890078689540950e-01 1.094081876375253837e-01 1.044645437633011653e+00
7.385214386732641412e-01 1.090797760958785584e-01 1.044459212738469978e+00
7.384460341767383751e-01 1.091668105472830413e-01 1.043809031847358959e+00
7.384460341767383751e-01 1.091668105472830413e-01 1.043809031847358959e+00
7.382211035158494639e-01 1.084904347514318856e-01 1.044379341025776231e+00
7.383838083548919240e-01 1.078123417472274387e-01 1.043864278534172074e+00
7.380970688949148872e-01 1.079118365777295280e-01 1.043279899849898440e+00
7.380970688949148872e-01 1.079118365777295280e-01 1.043279899849898440e+00
7.379317428637387488e-01 1.081269323928366749e-01 1.043448899764407578e+00
7.379317428637387488e-01 1.081269323928366749e-01 1.043448899764407578e+00
7.378111829559760304e-01 1.068502416920277948e-01 1.042763641179501155e+00
7.378111829559760304e-01 1.068502416920277948e-01 1.042763641179501155e+00
7.379125370893681035e-01 1.069282574865091096e-01 1.042444441139959821e+00
7.379125370893681035e-01 1.069282574865091096e-01 1.042444441139959821e+00
7.376187646661233055e-01 1.069249842951836144e-01 1.042830082472794961e+00
7.378584866573871803e-01 1.059525111135071057e-01 1.042433822768965346e+00
7.375730873199878301e-01 1.069356822333841633e-01 1.042894891310631511e+00
7.375730873199878301e-01 1.069356822333841633e-01 1.042894891310631511e+00
7.375749013961322431e-01 1.081591388991341440e-01 1.042862023584429476e+00
7.377051049456646581e-01 1.075293907483411554e-01 1.042263346139297830e+00
7.376365166249873040e-01 1.090814255313107828e-01 1.042193714394610726e+00
7.372410385444411185e-01 1.099229252019306574e-01 1.042114739380046728e+00
7.372410385444411185e-01 1.099229252019306574e-01 1.042114739380046728e+00
7.369785033232524318e-01 1.120503042519498810e-01 1.042337028440754487e+00
7.369785033232524318e-01 1.120503042519498810e-01 1.042337028440754487e+00
7.361846081553515830e-01 1.170648508662612969e-01 1.042158666360683217e+00
7.361846081553515830e-01 1.170648508662612969e-01 1.042158666360683217e+00
7.353204754548646749e-01 1.218015004358120323e-01 1.041882600212389764e+00
7.353204754548646749e-01 1.218015004358120323e-01 1.041882600212389764e+00
7.350165440550202600e-01 1.239434631055604669e-01 1.042080125895718634e+00
7.343965460708556936e-01 1.265758308462189285e-01 1.042329911086821159e+00
7.341368123474568685e-01 1.293709713426161312e-01 1.042335626001156701e+00
7.337247927333415687e-01 1.312441637884427248e-01 1.042222993228371308e+00
7.337247927333415687e-01 1.312441637884427248e-01 1.042222993228371308e+00
7.330143376623983187e-01 1.342613118031610875e-01 1.041863527900006359e+00
7.330214562148287261e-01 1.356888919997364384e-01 1.041776011016701142e+00
7.327283119009574408e-01 1.366941030999580808e-01 1.042237769276752157e+00
7.323920892612065803e-01 1.377923928318705860e-01 1.042483385258052397e+00
7.323095021081267308e-01 1.377702972051157160e-01 1.042294443453599673e+00
7.320213943669890977e-01 1.386798406750190116e-01 1.041310733307150294e+00
7.320213943669890977e-01 1.386798406750190116e-01 1.041310733307150294e+00
7.318094635396807934e-01 1.382218730606708523e-01 1.041061110872205209e+00
7.314151270943858307e-01 1.375003319532576151e-01 1.040544280996775983e+00
7.314151270943858307e-01 1.375003319532576151e-01 1.040544280996775983e+00
7.310697629696845112e-01 1.374263248175452146e-01 1.039857936969726282e+00
7.309008736842785847e-01 1.368497924145627431e-01 1.039345338353792947e+00
7.307014727963915268e-01 1.356922438827949662e-01 1.037832022906327367e+00
7.305679356646979095e-01 1.349630157031054822e-01 1.037095255183282161e+00
7.303052932607552172e-01 1.343222957955041152e-01 1.037922673351864722e+00
7.303052932607552172e-01 1.343222957955041152e-01 1.037922673351864722e+00
7.301380016219345404e-01 1.335712842784874677e-01 1.037304198613886896e+00
7.301380016219345404e-01 1.335712842784874677e-01 1.037304198613886896e+00
7.296837956952895166e-01 1.337048636465923979e-01 1.036321163447633920e+00
7.292572230257574617e-01 1.338472598405100744e-01 1.035535449494096927e+00
7.290535576511616433e-01 1.335673411988117509e-01 1.035460018857930375e+00
7.290535576511616433e-01 1.335673411988117509e-01 1.035460018857930375e+00
7.289939364207079775e-01 1.336421552204526408e-01 1.034817234758592663e+00
7.289939364207079775e-01 1.336421552204526408e-01 1.034817234758592663e+00
7.285244886332851166e-01 1.353204358052723377e-01 1.034422293028250284e+00
7.284388630744157433e-01 1.350679255194653927e-01 1.033978349039098799e+00
7.284388630744157433e-01 1.350679255194653927e-01 1.033978349039098799e+00
7.280303004907471287e-01 1.366369900772871349e-01 1.034486882813634212e+00
7.283675161565766887e-01 1.364201511079545515e-01 1.034543297740959877e+00
7.283675161565766887e-01 1.364201511079545515e-01 1.034543297740959877e+00
7.278224114526615773e-01 1.377404771126952698e-01 1.033833954379165476e+00
7.277112582394579254e-01 1.387658166251999892e-01 1.034455490686717827e+00
7.277112582394579254e-01 1.387658166251999892e-01 1.034455490686717827e+00
7.280047217779215263e-01 1.391561048228563136e-01 1.033195330484803165e+00
7.277448529277609213e-01 1.389783704815421295e-01 1.034581615595154824e+00
7.277448529277609213e-01 1.389783704815421295e-01 1.034581615595154824e+00
7.277598916583218891e-01 1.390400507002940433e-01 1.034384778475642364e+00
7.278214945068759434e-01 1.385037744795506454e-01 1.034002561406807796e+00
7.278214945068759434e-01 1.385037744795506454e-01 1.034002561406807796e+00
7.276433292847810375e-01 1.392072115491291007e-01 1.034402255130564274e+00
7.276086547516970038e-01 1.393981103995063642e-01 1.034828216512503340e+00
7.276086547516970038e-01 1.393981103995063642e-01 1.034828216512503340e+00
7.276995968769379708e-01 1.384115638006673810e-01 1.034425998616380182e+00
7.277922956479120353e-01 1.385094715442841407e-01 1.034247116067078309e+00
7.276679171676437852e-01 1.385469526489207237e-01 1.034340089293112497e+00
7.276679171676437852e-01 1.385469526489207237e-01 1.034340089293112497e+00
7.278663209569455894e-01 1.385574408302889249e-01 1.033879402815441217e+00
7.279546406353442078e-01 1.379222822371866108e-01 1.033159650222071679e+00
7.279546406353442078e-01 1.379222822371866108e-01 1.033159650222071679e+00
7.279312216274664848e-01 1.385523323517239835e-01 1.033125556888755625e+00
7.279533022915691820e-01 1.385987229878601346e-01 1.033656664567097039e+00
7.278772568844106283e-01 1.384779019700809743e-01 1.034128168843589490e+00
7.278073463338733395e-01 1.388744531138150495e-01 1.034717386854717258e+00
7.278801962093275346e-01 1.383164370088028616e-01 1.034101773164856963e+00
7.278669746820394248e-01 1.391313592414849254e-01 1.033490563128091733e+00
7.278778418666114192e-01 1.382939886465464618e-01 1.033746334349237461e+00
7.277912054717108337e-01 1.390385593404203091e-01 1.034508413588924203e+00
7.277215189747885393e-01 1.391117364223878605e-01 1.033265823837729247e+00
7.277729933301376741e-01 1.388126869459786750e-01 1.033940416686381036e+00
7.277729933301376741e-01 1.388126869459786750e-01 1.033940416686381036e+00
7.279109705613021619e-01 1.388598856549518035e-01 1.033723638244403276e+00
7.278494296632483929e-01 1.385403952271091754e-01 1.033924731717517753e+00
7.278494296632483929e-01 1.385403952271091754e-01 1.033924731717517753e+00
7.275469456333776286e-01 1.399726010393628761e-01 1.034604315530917917e+00
7.276760754529612019e-01 1.396152599746289524e-01 1.034018579605378907e+00
7.276760754529612019e-01 1.396152599746289524e-01 1.034018579605378907e+00
7.276872356984426249e-01 1.386590825720723508e-01 1.034269011796484561e+00
7.277027246090169710e-01 1.391546759559156854e-01 1.033837513915710771e+00
7.277235486584009427e-01 1.390273842436972884e-01 1.033716854224290937e+00
7.277235486584009427e-01 1.390273842436972884e-01 1.033716854224290937e+00
7.277559043114900650e-01 1.386963876846165622e-01 1.034282351901099961e+00
7.278031944649113738e-01 1.395547110392809098e-01 1.034027183429170549e+00
7.278031944649113738e-01 1.395547110392809098e-01 1.034027183429170549e+00
7.278484101651754301e-01 1.385034933241047206e-01 1.034893032682804748e+00
7.278593479843273872e-01 1.384199021860035572e-01 1.033974811922826476e+00
7.278800166602635846e-01 1.391023515672767663e-01 1.033580159576767077e+00
7.278800166602635846e-01 1.391023515672767663e-01 1.033580159576767077e+00
7.279780312487509342e-01 1.383297700568677790e-01 1.033867737906801532e+00
7.278031208396786855e-01 1.385026496239111504e-01 1.034099147629573334e+00
7.278031208396786855e-01 1.385026496239111504e-01 1.034099147629573334e+00
7.278993460407584548e-01 1.385054842722977242e-01 1.033679044210641385e+00
7.278993460407584548e-01 1.385054842722977242e-01 1.033679044210641385e+00
7.278299166211937843e-01 1.385791553556766087e-01 1.034497598182043898e+00
7.278299166211937843e-01 1.385791553556766087e-01 1.034497598182043898e+00
7.276034604615675416e-01 1.399852358389106211e-01 1.034169372072476278e+00
7.278022780340410725e-01 1.386640638110918922e-01 1.034410525489866117e+00
7.277416521758405255e-01 1.387456806004656040e-01 1.034466538586107376e+00
7.277783986225104806e-01 1.390439915688868877e-01 1.034171489148260070e+00
7.277783986225104806e-01 1.390439915688868877e-01 1.034171489148260070e+00
7.276063348912733542e-01 1.389494441853908191e-01 1.033686826142900861e+00
7.280326305788370478e-01 1.381661841548366132e-01 1.033867599870994303e+00
7.276495331107200037e-01 1.385894322293404757e-01 1.034048897464183270e+00
7.276495331107200037e-01 1.385894322293404757e-01 1.034048897464183270e+00
7.278369171137899496e-01 1.387388457445379308e-01 1.034495513375482734e+00
7.279326000792857299e-01 1.388435606307910630e-01 1.033575160654538472e+00
7.277599232715225019e-01 1.386487597511300296e-01 1.034103494715153060e+00
7.277599232715225019e-01 1.386487597511300296e-01 1.034103494715153060e+00
7.278214585887453625e-01 1.384350983315124073e-01 1.034482201757770614e+00
7.277528840924809561e-01 1.388579458188913818e-01 1.034293425141302070e+00
7.277581565908535222e-01 1.391635053092905860e-01 1.034304742400104171e+00
7.277581565908535222e-01 1.391635053092905860e-01 1.034304742400104171e+00
7.277204463756610231e-01 1.386530637098081220e-01 1.034477846987518435e+00
7.276913502904822639e-01 1.381185420243868089e-01 1.034378408064830168e+00
7.276913502904822639e-01 1.381185420243868089e-01 1.034378408064830168e+00
7.278896102154502890e-01 1.388970847980871837e-01 1.033765973296304264e+00
7.280256667505993207e-01 1.385658579268800317e-01 1.033420785862833702e+00
7.280256667505993207e-01 1.385658579268800317e-01 1.033420785862833702e+00
7.279224711413243565e-01 1.389600268869737865e-01 1.033503046026376992e+00
7.277652432958968687e-01 1.390285277622180515e-01 1.033902715666496608e+00
7.278523124835998281e-01 1.393681220183881631e-01 1.033177449590202635e+00
7.278523124835998281e-01 1.393681220183881631e-01 1.033177449590202635e+00
7.279901765278167236e-01 1.385810613863895369e-01 1.034227943011829076e+00
7.277036656495909916e-01 1.388016150827748874e-01 1.033978349039098799e+00
7.279470169125360490e-01 1.394042341709142152e-01 1.033566228092749784e+00
7.278485729826521533e-01 1.388897114220101758e-01 1.033769574990806905e+00
7.276454002951939781e-01 1.393140671299782918e-01 1.033523191245988793e+00
7.278278486057657704e-01 1.387668656626483421e-01 1.033707703711075787e+00
7.279316527150510030e-01 1.382696863528924403e-01 1.033948706121141647e+00
7.276186488273852504e-01 1.389282480413211174e-01 1.033763813160358591e+00
7.277892905609246732e-01 1.390386618625128190e-01 1.034200497206633651e+00
7.277892905609246732e-01 1.390386618625128190e-01 1.034200497206633651e+00
7.278083405128124017e-01 1.384376453073250524e-01 1.034269731562731609e+00
7.278083405128124017e-01 1.384376453073250524e-01 1.034269731562731609e+00
7.278834515978245268e-01 1.388720321992719942e-01 1.034071290371153529e+00
7.278834515978245268e-01 1.388720321992719942e-01 1.034071290371153529e+00
7.278393619394563085e-01 1.385618080657194662e-01 1.034186389880770385e+00
7.278230317635437929e-01 1.385382072325285763e-01 1.034474423541639654e+00
7.277188126403609791e-01 1.392393891801352312e-01 1.034075032680912276e+00
7.278412116805805798e-01 1.390257016476610097e-01 1.034348516204448343e+00
7.277715223599685590e-01 1.384369150873549226e-01 1.034817111339953577e+00
7.277715223599685590e-01 1.384369150873549226e-01 1.034817111339953577e+00
7.277893052012683883e-01 1.386709401746250292e-01 1.034243062862722162e+00
7.277587575010382448e-01 1.390057214144705400e-01 1.035183207244692927e+00
7.277587575010382448e-01 1.390057214144705400e-01 1.035183207244692927e+00
7.276294553736443183e-01 1.390988677655167483e-01 1.034210166260960850e+00
7.277151334978146924e-01 1.386916825616314464e-01 1.034153848508660989e+00
7.277729004804259771e-01 1.383707936998147536e-01 1.034187447323001274e+00
7.277647441002691453e-01 1.386713096254890698e-01 1.034922626235048382e+00
7.277647441002691453e-01 1.386713096254890698e-01 1.034922626235048382e+00
7.277230007325062866e-01 1.390392213595782744e-01 1.034901731665731184e+00
7.277230007325062866e-01 1.390392213595782744e-01 1.034901731665731184e+00
7.280300442086667934e-01 1.383501059142982492e-01 1.033979760631994482e+00
7.279056352857027345e-01 1.380658945108310387e-01 1.034501778247236103e+00
7.278353117519086313e-01 1.388847179303660251e-01 1.034524222071246946e+00
7.278353117519086313e-01 1.388847179303660251e-01 1.034524222071246946e+00
7.277522542882116641e-01 1.388881720145769272e-01 1.034366565528534121e+00
7.278177386910443802e-01 1.383502872889141588e-01 1.034237886198783762e+00
7.277282854932889400e-01 1.386317160172145235e-01 1.035083864516535890e+00
7.277282854932889400e-01 1.386317160172145235e-01 1.035083864516535890e+00
7.276770297893987438e-01 1.380805212096424817e-01 1.035757355110868749e+00
7.269302993626820530e-01 1.384548621905226373e-01 1.041104430100049605e+00
7.269302993626820530e-01 1.384548621905226373e-01 1.041104430100049605e+00
7.261408647269328442e-01 1.386331750051361666e-01 1.046515555204193593e+00
7.257309013609049009e-01 1.386059936707356721e-01 1.048987773306818028e+00
7.251999877571472242e-01 1.382619315053071896e-01 1.052709963172346441e+00
7.247676488642477155e-01 1.374517112718406653e-01 1.056283424337303600e+00
7.247676488642477155e-01 1.374517112718406653e-01 1.056283424337303600e+00
7.242424452486235786e-01 1.369037317344606874e-01 1.060242516264816359e+00
7.236942835031726640e-01 1.375769084007434362e-01 1.062266701337627683e+00
7.236942835031726640e-01 1.375769084007434362e-01 1.062266701337627683e+00
7.229011622650978186e-01 1.378491873041280957e-01 1.065602636185700947e+00
7.229011622650978186e-01 1.378491873041280957e-01 1.065602636185700947e+00
7.223364418199343939e-01 1.358534964400321954e-01 1.070466774294459356e+00
7.223364418199343939e-01 1.358534964400321954e-01 1.070466774294459356e+00
7.226176672016125790e-01 1.339509351800790005e-01 1.073644630453236548e+00
7.226992103912012189e-01 1.336645138729170568e-01 1.074576192861304014e+00
7.230193518097773886e-01 1.314758721031059341e-01 1.075159434684687332e+00
7.230193518097773886e-01 1.314758721031059341e-01 1.075159434684687332e+00
7.230360093555494583e-01 1.299561737191078092e-01 1.075535174565838581e+00
7.227058808528440403e-01 1.295669259415951624e-01 1.076145392119117083e+00
7.226362751345841717e-01 1.286726133079750811e-01 1.076397023005903675e+00
7.226362751345841717e-01 1.286726133079750811e-01 1.076397023005903675e+00
7.224522530736242620e-01 1.288580598846289227e-01 1.077441458864001778e+00
7.222389080873847789e-01 1.284797201606061312e-01 1.077371426712977476e+00
7.219723603229086795e-01 1.278371380135544799e-01 1.078061644026696797e+00
7.219723603229086795e-01 1.278371380135544799e-01 1.078061644026696797e+00
7.220168534484869838e-01 1.267966806059494245e-01 1.078075865579139814e+00
7.221379989465748217e-01 1.268191091607824283e-01 1.078307471364142733e+00
7.219206219000955382e-01 1.276751081676251176e-01 1.077375673479400664e+00
7.221325060229371040e-01 1.274421329050373086e-01 1.077211138222845532e+00
7.221606833993046148e-01 1.266509120858602955e-01 1.077391808254021477e+00
7.217416599929421528e-01 1.278230160021764927e-01 1.077910021475276592e+00
7.221773274417838673e-01 1.265816545252294034e-01 1.076984158897245525e+00
7.220175274722926417e-01 1.267553459030684171e-01 1.077448063418879443e+00
7.219519261290842094e-01 1.272137497200415135e-01 1.077480087872683567e+00
7.219519261290842094e-01 1.272137497200415135e-01 1.077480087872683567e+00
7.219398731579557138e-01 1.275024931477088119e-01 1.077582023371669084e+00
7.221086047016829212e-01 1.270468794714550431e-01 1.077171024834448598e+00
7.220926484054324135e-01 1.272948208440810580e-01 1.077667393481061442e+00
7.220926484054324135e-01 1.272948208440810580e-01 1.077667393481061442e+00
7.218465330534074020e-01 1.276140395282304163e-01 1.077111508259407824e+00
7.219872621418419456e-01 1.273034059026383891e-01 1.077511461392375081e+00
7.219872621418419456e-01 1.273034059026383891e-01 1.077511461392375081e+00
7.220212445266872558e-01 1.271716424451272420e-01 1.077601474013036187e+00
7.222201338641276447e-01 1.266933294767033091e-01 1.077408648723850115e+00
7.222201338641276447e-01 1.266933294767033091e-01 1.077408648723850115e+00
7.219354109095189598e-01 1.273065339078021108e-01 1.077705312515931935e+00
7.219354109095189598e-01 1.273065339078021108e-01 1.077705312515931935e+00
7.219983044402846772e-01 1.266236311441794327e-01 1.077527748164816224e+00
7.219983044402846772e-01 1.266236311441794327e-01 1.077527748164816224e+00
7.218882924280928259e-01 1.278091410516463688e-01 1.077607368036794799e+00
7.219041374754456841e-01 1.274436821667873643e-01 1.078064600479921697e+00
7.219041374754456841e-01 1.274436821667873643e-01 1.078064600479921697e+00
7.218312617032368594e-01 1.272826680826302792e-01 1.077316812775637622e+00
7.218078258360784982e-01 1.282679761291056486e-01 1.077347459940836139e+00
7.220029700612647927e-01 1.268196051829071080e-01 1.077404713676630932e+00
7.220860268439085461e-01 1.280361787946757979e-01 1.077158328649168828e+00
7.220860268439085461e-01 1.280361787946757979e-01 1.077158328649168828e+00
7.221341925647541959e-01 1.272574946725842371e-01 1.076804374383505403e+00
7.221341925647541959e-01 1.272574946725842371e-01 1.076804374383505403e+00
7.220045856096777293e-01 1.275377359061765081e-01 1.076988209985708211e+00
7.225853546672981187e-01 1.276536852547605072e-01 1.074511046807428816e+00
7.225853546672981187e-01 1.276536852547605072e-01 1.074511046807428816e+00
7.230759817072006657e-01 1.281833369016028568e-01 1.071463974843832823e+00
7.234487331210650574e-01 1.278716353785511184e-01 1.069233185957575216e+00
7.238432385232774768e-01 1.279830891338612497e-01 1.067471611273062670e+00
7.242032728760532390e-01 1.284348760009941248e-01 1.065942283408456870e+00
7.247701384941258596e-01 1.283070607243207983e-01 1.063184059098285505e+00
7.247701384941258596e-01 1.283070607243207983e-01 1.063184059098285505e+00
7.250632632350205720e-01 1.278977952289548636e-01 1.060613627799823266e+00
7.250632632350205720e-01 1.278977952289548636e-01 1.060613627799823266e+00
7.259568899615200799e-01 1.284559756764282190e-01 1.055218498392571203e+00
7.265032861720527313e-01 1.287820700574052457e-01 1.052788731407426237e+00
7.265032861720527313e-01 1.287820700574052457e-01 1.052788731407426237e+00
7.269669735773857111e-01 1.294031649690789432e-01 1.049893682652948357e+00
7.269687640225781511e-01 1.297604963361164432e-01 1.048732689350934333e+00
7.269687640225781511e-01 1.297604963361164432e-01 1.048732689350934333e+00
7.273422033002197029e-01 1.293399263874018545e-01 1.046235722422204972e+00
7.273422033002197029e-01 1.293399263874018545e-01 1.046235722422204972e+00
7.274563193941524508e-01 1.298988960049425878e-01 1.045510244267117583e+00
7.277554368927626749e-01 1.299699376901434500e-01 1.043821731279735543e+00
7.277554368927626749e-01 1.299699376901434500e-01 1.043821731279735543e+00
7.278580197409860730e-01 1.298952021051824612e-01 1.041457975494961552e+00
7.281387409095020358e-01 1.297151860910273902e-01 1.040167280135209982e+00
7.282627878640088870e-01 1.296984533841251397e-01 1.039312482483643940e+00
7.282219693563884988e-01 1.299640524933618757e-01 1.039473310894834412e+00
7.282219693563884988e-01 1.299640524933618757e-01 1.039473310894834412e+00
7.282332077628492772e-01 1.298480994357914531e-01 1.038829585743599182e+00
7.282332077628492772e-01 1.298480994357914531e-01 1.038829585743599182e+00
7.284076098886727024e-01 1.294257045858012711e-01 1.038442855046920688e+00
7.284076098886727024e-01 1.294257045858012711e-01 1.038442855046920688e+00
7.284720732960713319e-01 1.305530071470742404e-01 1.037204269128707335e+00
7.284720732960713319e-01 1.305530071470742404e-01 1.037204269128707335e+00
7.288607603598551421e-01 1.296360889387388471e-01 1.036435492176963180e+00
7.288766816020151307e-01 1.304590297001146648e-01 1.036272468111805845e+00
7.290611934231016056e-01 1.302821926733420954e-01 1.036874567349402421e+00
7.290611934231016056e-01 1.302821926733420954e-01 1.036874567349402421e+00
7.291301945424047970e-01 1.314704836138670396e-01 1.036220879220663305e+00
7.293269360859068184e-01 1.322585629621134407e-01 1.035787551747941571e+00
7.292708472705946576e-01 1.337767273504758825e-01 1.035864150866763644e+00
7.292708472705946576e-01 1.337767273504758825e-01 1.035864150866763644e+00
7.298719366003607600e-01 1.341915693997056402e-01 1.035759534233363421e+00
7.301927054326047273e-01 1.352848694651137829e-01 1.033994247131258870e+00
7.301927054326047273e-01 1.352848694651137829e-01 1.033994247131258870e+00
7.304784700768265360e-01 1.360246623985015835e-01 1.034213973185352353e+00
7.309133776630474255e-01 1.359339780753655302e-01 1.032906489435919672e+00
7.309133776630474255e-01 1.359339780753655302e-01 1.032906489435919672e+00
7.309951539263790377e-01 1.378124484924314885e-01 1.032816494337494451e+00
7.309951539263790377e-01 1.378124484924314885e-01 1.032816494337494451e+00
7.313830192385379902e-01 1.386160558115571428e-01 1.031575323678292744e+00
7.313830192385379902e-01 1.386160558115571428e-01 1.031575323678292744e+00
7.316327748126452146e-01 1.398692257549470908e-01 1.030746168603463353e+00
7.318719302547759264e-01 1.403363178901494701e-01 1.030216784543908748e+00
7.318719302547759264e-01 1.403363178901494701e-01 1.030216784543908748e+00
7.319229082426773614e-01 1.392325405377972947e-01 1.030015384948816948e+00
7.319229082426773614e-01 1.392325405377972947e-01 1.030015384948816948e+00
7.322100814930899704e-01 1.401902156471516725e-01 1.029523598597478440e+00
7.322100814930899704e-01 1.401902156471516725e-01 1.029523598597478440e+00
7.322947309553424766e-01 1.405951736802364960e-01 1.028141601627068802e+00
7.322947309553424766e-01 1.405951736802364960e-01 1.028141601627068802e+00
7.322601050372841147e-01 1.404361854392562892e-01 1.028292030263298962e+00
7.322364353877856002e-01 1.406294003421495187e-01 1.028009034368406294e+00
7.322959887712441329e-01 1.405989110138652354e-01 1.027691374072810193e+00
7.322959887712441329e-01 1.405989110138652354e-01 1.027691374072810193e+00
7.321430959031856034e-01 1.403190722605178464e-01 1.028191208242374532e+00
7.322958519899720464e-01 1.402504104381676331e-01 1.027285132722035588e+00
7.324653108289214121e-01 1.400770775612851515e-01 1.027289921395037942e+00
7.324392670628208091e-01 1.401195270547144212e-01 1.027149700087794493e+00
7.321499209694333210e-01 1.408418038471037081e-01 1.027111488738571943e+00
7.321273217993982119e-01 1.404206723573105942e-01 1.028235145895845193e+00
7.321273217993982119e-01 1.404206723573105942e-01 1.028235145895845193e+00
7.321403993836876900e-01 1.406060958988402665e-01 1.027740018976210701e+00
7.321934998661301375e-01 1.414225935501481901e-01 1.027240363641491516e+00
7.324405542279368575e-01 1.402531844994825971e-01 1.027389803986562322e+00
7.324405542279368575e-01 1.402531844994825971e-01 1.027389803986562322e+00
7.322115719611794749e-01 1.402023297819223469e-01 1.027497967080361674e+00
7.322194993875630331e-01 1.407215466859793873e-01 1.027531765224688254e+00
7.323151732419668214e-01 1.404345254764622908e-01 1.027014571881916138e+00
7.323038615379167116e-01 1.401579004692573294e-01 1.027770103462359419e+00
7.320219825707205974e-01 1.405976786557562030e-01 1.028029726831756197e+00
7.320219825707205974e-01 1.405976786557562030e-01 1.028029726831756197e+00
7.322438532418006352e-01 1.398224971313259679e-01 1.026992965561215332e+00
7.323692621130843960e-01 1.406642884295680462e-01 1.027488682195084824e+00
7.323692621130843960e-01 1.406642884295680462e-01 1.027488682195084824e+00
7.322619384790342023e-01 1.402902836251854468e-01 1.027354455307531111e+00
7.322619384790342023e-01 1.402902836251854468e-01 1.027354455307531111e+00
7.321558798544057778e-01 1.403061067384587246e-01 1.027183683323894758e+00
7.320911934474596539e-01 1.407908931841462818e-01 1.027517069508165903e+00
7.321003203336353682e-01 1.405662563852440039e-01 1.027567320838549847e+00
7.323011404145497449e-01 1.406003150388766831e-01 1.026960912025184802e+00
7.323011404145497449e-01 1.406003150388766831e-01 1.026960912025184802e+00
7.324215115053550607e-01 1.400997004535523005e-01 1.027757170003461784e+00
7.322119892753210513e-01 1.402330962862425867e-01 1.027571951541351281e+00
7.323376775435239683e-01 1.401069988580075643e-01 1.027222987484058381e+00
7.323376775435239683e-01 1.401069988580075643e-01 1.027222987484058381e+00
7.324207045953935458e-01 1.404816119185458567e-01 1.027297736694603447e+00
7.324207045953935458e-01 1.404816119185458567e-01 1.027297736694603447e+00
7.322523446708939510e-01 1.405777472756525037e-01 1.027454378082580000e+00
7.322523446708939510e-01 1.405777472756525037e-01 1.027454378082580000e+00
7.321681928142925733e-01 1.403924139526319392e-01 1.027181629635516957e+00
7.324256117519972742e-01 1.404279301289182436e-01 1.027329897037011275e+00
7.323081769126317253e-01 1.410087898383767524e-01 1.027176072615315405e+00
7.323081769126317253e-01 1.410087898383767524e-01 1.027176072615315405e+00
7.323557517614048828e-01 1.406054126523439418e-01 1.027673914302323244e+00
7.321137285704184539e-01 1.409548735543448006e-01 1.027462053134494457e+00
7.322420189005907076e-01 1.400883299961158124e-01 1.026981734259887036e+00
7.322420189005907076e-01 1.400883299961158124e-01 1.026981734259887036e+00
7.321380716873714389e-01 1.410967760210391220e-01 1.027678738483403631e+00
7.322482467088807789e-01 1.406116881882701342e-01 1.026958115252166959e+00
7.324089763502666939e-01 1.400516329150532646e-01 1.027394704992500740e+00
7.323122692297625580e-01 1.404720310243320891e-01 1.027450485569363359e+00
7.324048366491451301e-01 1.392412119579434227e-01 1.027869093425237468e+00
7.324048366491451301e-01 1.392412119579434227e-01 1.027869093425237468e+00
7.322446324639527715e-01 1.404258261089534610e-01 1.027604097992734333e+00
7.322446324639527715e-01 1.404258261089534610e-01 1.027604097992734333e+00
7.322002153809890057e-01 1.402753947128939915e-01 1.027763440780877113e+00
7.322002153809890057e-01 1.402753947128939915e-01 1.027763440780877113e+00
7.323582773952277414e-01 1.405621014705230876e-01 1.027670990235899584e+00
7.321392793264560606e-01 1.409756140338552788e-01 1.027706458636183484e+00
7.321392793264560606e-01 1.409756140338552788e-01 1.027706458636183484e+00
7.322619806591192937e-01 1.406387768343462796e-01 1.027798785434763440e+00
7.322123154812456569e-01 1.408050093554809867e-01 1.027037657509295876e+00
7.322123154812456569e-01 1.408050093554809867e-01 1.027037657509295876e+00
7.322435406886134146e-01 1.404468180292377522e-01 1.027186895905501718e+00
7.322435406886134146e-01 1.404468180292377522e-01 1.027186895905501718e+00
7.322504327323806628e-01 1.409611337493748839e-01 1.027139431806261216e+00
7.323466594679408637e-01 1.403690791990812592e-01 1.027261472758755678e+00
7.323466594679408637e-01 1.403690791990812592e-01 1.027261472758755678e+00
7.321987715706349542e-01 1.401540873255894271e-01 1.027120184676261427e+00
7.321987715706349542e-01 1.401540873255894271e-01 1.027120184676261427e+00
7.322260035260976796e-01 1.407449819320015227e-01 1.026897042295501716e+00
7.322601805435280387e-01 1.404601751811452581e-01 1.026399010018850699e+00
7.322410353051707066e-01 1.401407458983550125e-01 1.027687264465738659e+00
7.321400342705419728e-01 1.409804558818411047e-01 1.027764881967351274e+00
7.321400342705419728e-01 1.409804558818411047e-01 1.027764881967351274e+00
7.322384683657098270e-01 1.403461114263914733e-01 1.027362127391906466e+00
7.324121861213150897e-01 1.401433933441723345e-01 1.026516829883368898e+00
7.322744736445413460e-01 1.405569396492695189e-01 1.027509204937151921e+00
7.322744736445413460e-01 1.405569396492695189e-01 1.027509204937151921e+00
7.324021273201332116e-01 1.401649410436623944e-01 1.027155764936370730e+00
7.324021273201332116e-01 1.401649410436623944e-01 1.027155764936370730e+00
7.324300269736090385e-01 1.406743983934700959e-01 1.027051174807221745e+00
7.324300269736090385e-01 1.406743983934700959e-01 1.027051174807221745e+00
7.324775479501353104e-01 1.399951554735939241e-01 1.027053457890225063e+00
7.321499615649721404e-01 1.404811618627495318e-01 1.027146587487047125e+00
7.322182157489425247e-01 1.407982657643751245e-01 1.027370316968654107e+00
7.322599859322480587e-01 1.401694140366806507e-01 1.027767125067745813e+00
7.321583381277362301e-01 1.406558481554181783e-01 1.027372460312867108e+00
7.321583381277362301e-01 1.406558481554181783e-01 1.027372460312867108e+00
7.322585539746957473e-01 1.403660254637599802e-01 1.027410337409334851e+00
7.322585539746957473e-01 1.403660254637599802e-01 1.027410337409334851e+00
7.323281901116899251e-01 1.405256749328274990e-01 1.027048133230303195e+00
7.323776582093006748e-01 1.396920626891878792e-01 1.027944009401283498e+00
7.324277967840798764e-01 1.405105477631445332e-01 1.027762716522282016e+00
7.324277967840798764e-01 1.405105477631445332e-01 1.027762716522282016e+00
7.322305073499281169e-01 1.404680078710047741e-01 1.027116821227072041e+00
7.321339583852700672e-01 1.407501152474997796e-01 1.027598389688974656e+00
7.321339583852700672e-01 1.407501152474997796e-01 1.027598389688974656e+00
7.322224826915528784e-01 1.406839856749254603e-01 1.027080631392421006e+00
7.324199626566210153e-01 1.407880959464920534e-01 1.027166975449168573e+00
7.324199626566210153e-01 1.407880959464920534e-01 1.027166975449168573e+00
7.324458454343528713e-01 1.401300421505800309e-01 1.027121919377082193e+00
7.322629215690725779e-01 1.406186025275002471e-01 1.027327550240608955e+00
7.322629215690725779e-01 1.406186025275002471e-01 1.027327550240608955e+00
7.324021606218930058e-01 1.397224635089173717e-01 1.027293951383773329e+00
7.324350495777346426e-01 1.401215289595009461e-01 1.027475581039277497e+00
7.324870857984867589e-01 1.397188018131400034e-01 1.027424007174170040e+00
7.324870857984867589e-01 1.397188018131400034e-01 1.027424007174170040e+00
7.322275283815360414e-01 1.408664618418884740e-01 1.027548280896082966e+00
7.322275283815360414e-01 1.408664618418884740e-01 1.027548280896082966e+00
7.320565353624026717e-01 1.406490933416905953e-01 1.028363913087468440e+00
7.320565353624026717e-01 1.406490933416905953e-01 1.028363913087468440e+00
7.322532031639359396e-01 1.405579259551744675e-01 1.026990422132127989e+00
7.322532031639359396e-01 1.405579259551744675e-01 1.026990422132127989e+00
7.320459544480700798e-01 1.414497077990778673e-01 1.027752870811197372e+00
7.323222554470312229e-01 1.401260309907570167e-01 1.027528405175289095e+00
7.323677000017377869e-01 1.406051759998232231e-01 1.027296358954627120e+00
7.324289894789857147e-01 1.393778269359537414e-01 1.026971420538131063e+00
7.324289894789857147e-01 1.393778269359537414e-01 1.026971420538131063e+00
7.322331312037967388e-01 1.403567049973522274e-01 1.027681600310151655e+00
7.322331312037967388e-01 1.403567049973522274e-01 1.027681600310151655e+00
7.322353053897497910e-01 1.402832123036042433e-01 1.027377907725475659e+00
7.322639875569598722e-01 1.406099080342870233e-01 1.027311063607197150e+00
7.321131449498867738e-01 1.405011630746325346e-01 1.026925738404254496e+00
7.322334552895644055e-01 1.409164215472517578e-01 1.027565637901737272e+00
7.321925652211576097e-01 1.407766426389582826e-01 1.028021544816337673e+00
7.321925652211576097e-01 1.407766426389582826e-01 1.028021544816337673e+00
7.321820558049130234e-01 1.404886008200179892e-01 1.027266104099359589e+00
7.323202245227973251e-01 1.399941183436985148e-01 1.027440563903970983e+00
7.323230635554310863e-01 1.399938088507288458e-01 1.027085814037504985e+00
7.323230635554310863e-01 1.399938088507288458e-01 1.027085814037504985e+00
7.324473903962908095e-01 1.402644991651909312e-01 1.027181529662537507e+00
7.321577028075090254e-01 1.409437736291639931e-01 1.027464712410102621e+00
7.322528964080546876e-01 1.400158475675805092e-01 1.027756968657050241e+00
7.323759663269168163e-01 1.404694248394513789e-01 1.027069321376635092e+00
7.323759663269168163e-01 1.404694248394513789e-01 1.027069321376635092e+00
7.323699668702976506e-01 1.405318767717993467e-01 1.027030569706631535e+00
7.323699668702976506e-01 1.405318767717993467e-01 1.027030569706631535e+00
