219.31658224957033 332.6997063403795
219.13515231399577 332.5529631417255
218.95684612332747 332.40394655023636
218.78166273023652 332.2526901848462
218.60960118739396 332.09922766448915
218.44066054747083 331.9435926080991
218.27483986313825 331.7858186346105
218.11213818706713 331.62593936295707
217.95255457192863 331.4639884120731
217.7960880703937 331.29999940089266
217.64273773513352 331.1340059483498
217.49250261881897 330.9660416733785
217.34538177412122 330.796140194913
217.2013742537112 330.6243351318873
217.06047911026016 330.45066010323563
216.92269539643897 330.27514872789186
216.7880221649187 330.09783462479015
216.6564584683704 329.91875141286465
216.52800335946515 329.7379327110494
216.40265589087397 329.55541213827837
216.28041511526789 329.3712233134858
216.16128008531808 329.18539985560585
216.04524985369545 328.9979753835724
215.93232347307105 328.80898351631964
215.82249999611597 328.6184578727816
215.7157784755013 328.4264320718925
215.612157963898 328.2329397325862
215.51163751397712 328.038014473797
215.41421617840976 327.84168991445887
215.31989300986697 327.64399967350596
215.2286670610197 327.44497736987216
215.14053738453916 327.2446566224918
215.05550303309622 327.04307105029886
214.97356305936208 326.8402542722274
214.8947165160076 326.6362399072116
214.81896245570405 326.4310615741854
214.74629993112234 326.22475289208313
214.6767279949335 326.0173474798385
214.61024569980867 325.8088789563859
214.54685209841875 325.59938094065933
214.48654624343496 325.3888870515928
214.42932718752826 325.1774309081206
214.37519398336966 324.96504612917647
214.32414568363026 324.75176633369483
214.27618134098114 324.5376251406096
214.23130000809323 324.32265616885485
214.1895007376377 324.1068930373647
214.1507825822855 323.89036936507324
214.11514459470774 323.67311877091464
214.08258582757543 323.45517487382284
214.05310533355964 323.23657129273204
214.0267021653314 323.01734164657614
214.0033753755618 322.7975195542895
213.9831240169218 322.577138634806
213.9659471420825 322.35623250705976
213.95184380371495 322.13483478998484
213.94081305449018 321.91297910251546
213.93285394707925 321.69069906358555
213.9279655341532 321.46802829212936
213.92614686838303 321.24500040708074
213.92739700243987 321.02164902737394
213.9317149889947 320.79800777194305
213.93909988071863 320.5741102597221
213.94955073028265 320.34999010964515
213.96306659035784 320.12568094064636
213.9796465136152 319.90121637165976
213.99928955272586 319.6766300216195
214.0219947603607 319.45195550945954
214.047761189191 319.2272264541141
214.07658789188758 319.0024764745171
214.1084739211217 318.77773918960287
214.14341832956424 318.55304821830526
214.1814201698863 318.3284371795585
214.22247849475892 318.1039396922966
214.26659235685318 317.87958937545363
214.31376080884007 317.6554198479637
214.3639829033907 317.43146472876094
214.41725769317608 317.20775763677943
214.47358423086723 316.9843321909532
214.53296156913527 316.7612220102163
214.59538876065113 316.5384607135029
214.660864858086 316.31608191974703
214.7293889141108 316.0941192478829
214.8009599813967 315.8726063168444
214.8755771126146 315.65157674556576
214.95323936043565 315.4310641529809
215.03394577753087 315.2111021580241
215.1176954165713 314.99172437962943
215.20448733022795 314.77296443673066
215.29432057117197 314.5548559482624
215.3871941920743 314.33743253315833
215.48310724560605 314.1207278103526
215.58205878443826 313.9047753987795
215.68404786124194 313.6896089173728
215.78907352868816 313.4752619850669
215.89713483944797 313.26176822079566
216.00823084619236 313.0491612434932
216.12236060159245 312.83747467209366
216.23952315831926 312.62674212553105
216.35971756904388 312.4169972227396
216.4829428864373 312.20827358265336
216.60919816317056 312.0006048242063
216.73848245191468 311.7940245663325
216.87079480534078 311.58856642796616
217.00613427611992 311.3842640280413
217.14449991692308 311.181150985492
217.28589078042134 310.9792609192524
217.43030591928564 310.77862744825643
217.57774438618725 310.57928419143843
217.72820523379704 310.3812647677323
217.88168751478608 310.1846027960721
218.03819028182548 309.98933189539207
218.19771258758618 309.7954856846261
218.36025348473933 309.60309778270846
218.52581202595596 309.4122018085732
218.69438726390706 309.2228313811542
218.86597825126373 309.0350201193859
219.04058404069696 308.84880164220203
219.2182036848778 308.6642095685368
219.39883623647742 308.48127751732443
219.58248074816674 308.3000391074989
219.7691362726168 308.12052795799417
219.95880186249875 307.9427776877446
220.1514765704835 307.766821915684
220.3471594492422 307.59269426074667
220.54584935628233 307.42042825020496
220.74753116652903 307.2500508441957
220.9521666629808 307.0815781573759
221.1597154666084 306.91502528897263
221.37013719838234 306.7504073382129
221.5833914792733 306.5877394043239
221.79943793025188 306.42703658653267
222.01823617228874 306.26831398406637
222.2397458263545 306.1115866961521
222.4639265134197 305.956869822017
222.69073785445505 305.80417846088795
222.9201394704311 305.65352771199235
223.15209098231855 305.50493267455704
223.386552011088 305.3584084478094
223.62348217771012 305.21397013097624
223.86284110315543 305.071632823285
224.1045884083946 304.93141162396233
224.34868371439828 304.7933216322358
224.59508664213706 304.6573779473323
224.84375681258157 304.52359566847883
225.09465384670239 304.3919898949025
225.3477373654703 304.26257572583074
225.60296698985573 304.13536826049034
225.8603023408294 304.0103825981083
226.11970303936198 303.8876338379121
226.38112870642394 303.7671370791286
226.64453896298608 303.64890742098504
226.90989343001888 303.5329599627083
227.17715172849304 303.4193098035256
227.4462734793792 303.3079720426641
227.7172183036479 303.19896177935084
227.98994582226987 303.09229411281297
228.26441565621565 302.9879841422775
228.54058742645586 302.8860469669716
228.8184207539612 302.7864976861224
229.09787525970222 302.68935139895694
229.3789105646496 302.59462320470243
229.66148628977396 302.50232820258583
229.94556205604587 302.4124814918343
230.23109748443596 302.3250981716749
230.5180521959149 302.24019334133476
230.80638581145328 302.1577821000411
231.09605795202174 302.07787954702087
231.3870282385909 302.0005007815013
231.67925629213136 301.92566090270924
231.9727017336138 301.8533750098721
232.26732418400877 301.78365820221677
232.56308326428697 301.7165255789705
232.8599385954189 301.65199223936025
233.1578497983753 301.5900732826132
233.4567764941268 301.53078380795654
233.75667830364395 301.4741389146172
234.05751484789738 301.4201537018223
234.35924574785787 301.36884326879914
234.6618306244958 301.3202227147746
234.96522909878195 301.274307138976
235.26940079168685 301.2311116406301
235.57430532418124 301.1906513189643
235.8799023172356 301.15294127320567
236.1861513918207 301.11799660258123
236.49301216890706 301.08583240631805
236.80044426946534 301.0564637836433
237.10840731446623 301.0299058337842
237.41686092322988 301.0061736536364
237.72576037816606 300.985276213854
238.03504721777492 300.96720307069216
238.34466026437528 300.9519399435771
238.65453834028577 300.9394725519346
238.9646202678249 300.9297866151907
239.2748448693115 300.92286785277145
239.58515096706412 300.91870198410254
239.89547738340136 300.9172747286101
240.20576294064188 300.9185718057202
240.51594646110436 300.92257893485856
240.82596676710745 300.9292818354514
241.13576268096966 300.93866622692434
241.4452730250098 300.95071782870366
241.7544366215465 300.9654223602152
242.06319229289824 300.9827655408849
242.37147886138382 301.0027330901387
242.6792351493218 301.02531072740254
242.9863999790308 301.0504841721026
243.29291217282957 301.0782391436645
243.59871055303665 301.10856136151443
243.90373394197076 301.1414365450783
244.20792116195045 301.17685041378206
244.51121103529445 301.2147886870517
244.8135423843213 301.255237084313
245.1148540313497 301.29818132499224
245.41508479869825 301.34360712851503
245.7141735086857 301.39150021430765
246.01205898363057 301.44184630179586
246.30868004585153 301.4946311104057
246.60397551766732 301.549840359563
246.89788422139642 301.60745976869396
247.19034497935752 301.66747505722424
247.48129661386935 301.7298719445801
247.7706779472505 301.7946361501873
248.05842780181962 301.8617533934718
248.3444849998953 301.93120939385966
248.62878836379616 302.0029898707768
248.91127671584093 302.0770805436491
249.1918888783482 302.15346713190263
249.47056367363658 302.2321353549633
249.74723992402485 302.3130709322571
250.02185645183147 302.39625958321
250.2943520793753 302.481687027248
250.56466562897467 302.5693389837968
250.83273592294844 302.65920117228256
251.0985017836152 302.7512593121313
251.3619020332937 302.8454991227689
251.62287549430238 302.94190632362137
251.88136098895998 303.0404666341145
252.1372973395851 303.14116577367435
252.39062336849645 303.24398946172704
252.64127789801267 303.34892341769824
252.88919975045238 303.4559533610142
253.13432774813413 303.56506501110067
253.37660071337672 303.6762440873837
253.6159574684987 303.7894763092892
253.85233683581862 303.9047473962431
254.08567763765532 304.0220430676715
254.31591869632723 304.1413490430002
254.54299883415314 304.2626510416552
254.76685818704624 304.38593447547487
254.98746630082834 304.51117786974993
255.20482169204536 304.63835296606305
255.4189241029944 304.76743121897834
255.62977327597252 304.89838408305957
255.83736895327667 305.0311830128705
256.04171087720397 305.16579946297503
256.2427987900514 305.3022048879371
256.440632434116 305.4403707423205
256.6352115516949 305.58026848068926
256.82653588508515 305.7218695576071
257.01460517658364 305.8651454276379
257.19941916848745 306.01006754534563
257.38097760309387 306.15660736529424
257.5592802226996 306.3047363420474
257.7343267696019 306.45442593016907
257.9061169860978 306.60564758422305
258.07465061448414 306.75837275877336
258.23992739705824 306.91257290838377
258.40194707611704 307.06821948761836
258.56070939395755 307.22528395104075
258.71621409287667 307.38373775321475
258.8684609151718 307.5435523487045
259.0174496031397 307.70469919207386
259.1631798990775 307.8671497378865
259.30565154528216 308.0308754407064
259.44486428405094 308.1958477550974
259.5808178576807 308.3620381356235
259.71351200846846 308.5294180368484
259.8429464787114 308.6979589133362
259.9691210107065 308.8676322196506
260.0920353467507 309.03840941035537
260.2116892291412 309.2102619400146
260.3280824001751 309.3831612631921
260.44121460214916 309.5570788344518
260.55108557736065 309.73198610835755
260.65769506810653 309.90785453947296
260.7610428166839 310.08465558236236
260.8611285653898 310.26236069158927
260.9579520565211 310.4409413217177
261.0515130323751 310.6203689273115
261.1418112352487 310.80061496293456
261.22884640743905 310.9816508831509
261.312618291243 311.1634481425241
261.39312662895776 311.3459781956182
261.47037116288027 311.5292124969971
261.54435163530775 311.71312250122463
261.6150677885369 311.8976796628647
261.68251936486513 312.08285543648105
261.74670610658933 312.2686212766377
261.8076277560066 312.4549486378985
261.8652840554138 312.64180897482726
261.91967474710816 312.8291737419879
261.9707995733866 313.01701439394446
262.0186582765463 313.20530238526055
262.06325059888434 313.39400917050017
262.1045762826975 313.58310620422714
262.142635070283 313.7725649410054
262.17742670393784 313.9623568353987
262.2089509259592 314.1524533419711
262.2372074786439 314.3428259152863
262.2621961042891 314.5334460099084
262.2839165451918 314.72428508040105
262.30236854364915 314.9153145813281
262.3175518419581 315.1065059672537
262.3294661824156 315.2978306927415
262.33811130731897 315.4892602123554
262.34348695896506 315.6807659806594
262.34559287965084 315.8723194522172
262.34442881167354 316.06389208159277
262.3399944973301 316.25545532334996
262.3322896789176 316.44698063205266
262.321314098733 316.63843946226484
262.30706749907347 316.82980326855017
262.289549622236 317.0210435054726
262.2687602105176 317.21213162759614
262.24469900621534 317.4030390894845
262.21736575162623 317.5937373457016
262.18676018904733 317.7841978508113
262.15288206077577 317.9743920593776
262.1157311091084 318.1642914259643
262.07530707634254 318.3538674051352
262.0316097047749 318.5430914514542
261.98463873670283 318.73193501948515
261.93439391442325 318.92036956379206
261.8808749802331 319.10836653893875
261.82408167642956 319.2958973994891
261.7640137453096 319.48293360000685
261.7006709291703 319.66944659505606
261.63405297030874 319.8554078392005
261.564159611022 320.04078878700403
261.49099059360685 320.2255608930306
261.4145456603606 320.40969561184403
261.3348245535803 320.5931643980082
261.2518270155628 320.77593870608706
261.1655527886053 320.9579899906444
261.0760016150048 321.1392897062441
260.98317323705834 321.31980930745004
260.887067397063 321.4995202488261
260.78768383731574 321.67839398493624
260.6850223001137 321.8564019703442
260.57908252775377 322.03351565961395
260.4698642625332 322.2097065073093
260.3573672467488 322.3849459679941
260.24159122269793 322.5592054962324
260.12253593267735 322.73245654658785
260.0002011189842 322.9046705736245
259.8745865239155 323.0758190319061
259.74569188976835 323.2458733759966
259.61351695883974 323.4148050604598
259.47806147342675 323.58258553985974
259.3393251758264 323.74918626876
259.1973078083357 323.9145787017248
259.0520091132518 324.07873429331784
258.9034288328716 324.2416244981029
258.7515667094923 324.4032207706441
258.5964224854108 324.56349456550504
258.4379959029242 324.72241733724985
258.27628670432955 324.8799605404422
258.1112946319239 325.036095629646
257.94301942800433 325.1907940594253
257.77146083486775 325.3440272843439
257.5966185948113 325.49576675896554
257.4184924501321 325.6459839378541
257.23708214312705 325.79465027557364
257.05238749965343 325.94173730008174
256.8644215718156 326.0872281564118
256.67322497309556 326.23113019771966
256.4788417618415 326.37345380290765
256.28131599640164 326.51420935087833
256.0806917351243 326.6534072205337
255.87701303635757 326.7910577907765
255.6703239584497 326.92717144050886
255.46066855974885 327.06175854863324
255.24809089860332 327.1948294940521
255.03263503336132 327.3263946556676
254.81434502237107 327.45646441238233
254.59326492398077 327.58504914309844
254.36943879653856 327.7121592267185
254.14291069839277 327.83780504214474
253.91372468789152 327.9619969682796
253.681924823383 328.08474538402544
253.44755516321558 328.20606066828464
253.2106597657374 328.3259531999595
252.9712826892967 328.44443335795245
252.72946799224155 328.56151152116587
252.48525973292027 328.6771980685021
252.23870196968122 328.79150337886347
251.9898387608723 328.90443783115245
251.73871416484204 329.01601180427133
251.48537223993844 329.1262356771225
251.2298570445098 329.2351198286084
250.9722126369043 329.34267463763126
250.71248307547017 329.4489104830936
250.45071241855564 329.55383774389765
250.1869447245089 329.6574667989458
249.92122405167825 329.7598080271404
249.65359445841176 329.860871807384
249.38410000305777 329.96066851857887
249.1127847439644 330.0592085396274
248.8396927394799 330.15650224943175
248.56486804795247 330.25256002689457
248.28835472773045 330.3473922509181
248.01019683716189 330.4410093004047
247.7304384345951 330.5334215542568
247.44912357837822 330.6246393913767
247.1662963268596 330.7146731906669
246.88200073838726 330.8035333310296
246.59628087130952 330.8912301913672
246.30918078397468 330.9777741505821
246.02074453473085 331.0631755875768
245.73101618192626 331.1474448812534
245.44003978390907 331.2305924105146
245.14785939902757 331.3126285542625
244.85451908562993 331.3935636913995
244.56006290206443 331.47340820082815
244.26453490667927 331.5521724614506
243.96797915782264 331.6298668521693
243.6704397138427 331.7065017518868
243.3719606330878 331.782087539505
243.07258597390603 331.85663459392686
242.7723597946456 331.9301532940544
242.4713261536549 332.00265401878994
242.1695291092819 332.0741471470361
241.86701271987502 332.1446430576951
241.56382104378238 332.21415212966923
241.2599981393522 332.282684741861
240.95558806493267 332.3502512731728
240.650634878872 332.41686210250685
240.34518263951853 332.48252760876557
240.0392767010386 332.54725817085136
239.73297166326876 332.6110641676666
239.4263261438265 332.67395597811367
239.11939877672927 332.735943981095
238.8122481959946 332.79703855551276
238.50493303563982 332.85725008026947
238.1975119296825 332.9165889342675
237.89004351214004 332.97506549640906
237.58258641703 333.0326901455968
237.27519927836974 333.0894732607328
236.96794073017676 333.1454252207197
236.6608694064685 333.20055640445963
236.35404394126252 333.2548771908551
236.0475229685762 333.3083979588085
235.74136512242706 333.361129087222
235.4356290368325 333.4130809549981
235.13037334580997 333.46426394103935
234.82565668337702 333.5146884242478
234.52153768355106 333.5643647835261
234.21807498034963 333.61330339777635
233.91532720779009 333.66151464590104
233.61335299988997 333.7090089068027
233.31221099066673 333.7557965593835
233.01195981413784 333.8018879825458
232.7126581043206 333.84729355519204
232.41436449523277 333.8920236562247
232.1171376208917 333.93608866454593
231.8210361153147 333.9794989590582
231.5261186125194 334.022264918664
231.23244374652322 334.0643969222654
230.94007015134366 334.1059053487651
230.6490564609981 334.1468005770652
230.35946130950413 334.18709298606825
230.0713433308791 334.22679295467657
229.78476115914052 334.26591086179246
229.49977342830587 334.3044570863184
229.21643877239256 334.34244200715665
228.93481582541816 334.3798760032097
228.6549632214 334.4167694533798
228.37693959435563 334.4531327365694
228.10080357830253 334.48897623168085
227.8266138072581 334.5243103176166
227.55442891523987 334.55914537327874
227.2843075362652 334.59349177756997
227.01630830435167 334.62735990939245
226.75048985351674 334.66076014764866
226.4869108177778 334.6937028712409
226.22562983115236 334.72619845907155
225.96670552765792 334.75825729004305
225.71019654131183 334.7898897430577
225.45616150613168 334.82110619701785
225.20465905613486 334.8519170308259
224.95574782533885 334.88233262338434
224.70948644776112 334.91236335359537
224.46593355741922 334.9420196003614
224.22514778833045 334.97131174258476
223.98718777451242 335.000250159168
223.75211214998242 335.0288452290132
223.5199795487581 335.057107331023
223.2908486048569 335.08504684409957
223.06477795229614 335.1126741471455
222.8418263667816 335.1399993196368
222.62205438965233 335.1670287097759
222.40552376028762 335.19376613397515
222.192296240856 335.22021536048624
221.9824335935261 335.24638015756074
221.77599758046662 335.2722642934503
221.57304996384613 335.29787153640655
221.37365250583332 335.3232056546811
221.1778669685968 335.3482704165257
220.98575511430516 335.3730695901917
220.79737870512716 335.39760694393095
220.61279950323126 335.42188624599504
220.4320792707863 335.4459112646357
220.2552797699607 335.4696857681044
220.0824627629233 335.4932135246528
219.9136900118426 335.5164983025325
219.74902327888725 335.5395438699952
219.58852432622595 335.5623539952926
219.43225491602732 335.5849324466762
219.28027681045995 335.60728299239764
219.1326517716925 335.62940940070854
218.98944156189367 335.6513154398607
218.85070794323198 335.67300487810553
218.7165126778761 335.69448148369474
218.5869175279947 335.71574902488
218.4619842557564 335.7368112699129
218.34177462332988 335.7576719870451
218.2263503928837 335.7783349445282
218.11577332658658 335.79880391061374
218.0101051866071 335.8190826535536
217.9094077351138 335.83917494159914
217.81374273427554 335.85908454300215
217.72317194626078 335.87881522601424
217.6377571332382 335.8983707588869
217.55756005737646 335.91775490987203
217.4826424808442 335.9369714472211
217.41306616581002 335.9560241391856
217.3488928744426 335.97491675401744
217.29018436891056 335.99365305996804
217.23700241138255 336.0122368252891
217.18940876402715 336.03067181823235
217.14746518901305 336.04896180704924
217.11123344850878 336.0671105599915
217.08077530468316 336.08512184531065
217.05615251970468 336.10299943125847
217.0374268557421 336.12074708608657
217.02466007496386 336.1383685780465
217.01791393953883 336.1558676753899
217.01725021163546 336.17324814636856
217.0227306534225 336.19051375923385
217.03441702706857 336.20766828223753
217.05237109474223 336.2247154836313
217.07665461861217 336.24165913166667
217.10732936084705 336.25850299459535
217.14445708361546 336.2752508406689
217.18809954908613 336.29190643813894
217.2383185194275 336.3084735552573
217.2951757568084 336.3249559602753
217.35873302339738 336.3413574214448
217.4290520813631 336.35768170701743
217.50619469287415 336.3739325852445
217.59022262009927 336.39011382437803
217.681197625207 336.4062291926696
217.77918147036598 336.42228245837066
217.8842312393356 336.4382773897329
217.99637210600395 336.4542177550079
218.1156159227668 336.47010732244746
218.24197449755198 336.4859498603031
218.37545963828728 336.50174913682656
218.5160831529004 336.5175089202691
218.6638568493192 336.53323297888284
218.81879253547152 336.5489250809191
218.98090201928503 336.56458899462973
219.15019710868762 336.5802284882661
219.326689611607 336.59584733007995
219.51039133597106 336.61144928832294
219.7013140897075 336.6270381312467
219.89946968074415 336.6426176271029
220.10486991700876 336.6581915441431
220.3175266064292 336.67376365061887
220.5374515569331 336.68933771478197
220.76465657644846 336.704917504884
220.99915347290295 336.72050678917657
221.2409540542244 336.73610933591124
221.49007012834048 336.7517289133398
221.7465135031791 336.76736928971366
222.01029598666804 336.78303423328464
222.281429386735 336.79872751230425
222.55992551130797 336.8144528950242
222.8457961683145 336.83021414969613
223.13905316568258 336.8460150445716
223.43970831133984 336.8618593479022
223.7477734132141 336.87775082793974
224.06326027923322 336.89369325293575
224.38618071732498 336.90969039114174
224.71654653541717 336.9257460108095
225.05436917566158 336.9418638801907
225.39963640455312 336.95804776753675
225.75229826096503 336.97430144109944
226.11230141489833 336.9906286691304
226.47959253635403 337.0070332198812
226.85411829533325 337.02351886160346
227.2358253618369 337.040089362549
227.62466040586608 337.05674849096914
228.0205700974216 337.07350001511566
228.42350110650463 337.0903477032402
228.83340010311616 337.1072953235945
229.25021375725728 337.12434664443
229.67388873892887 337.1415054339984
230.10437171813197 337.15877546055134
230.54160936486767 337.1761604923404
230.98554834913705 337.1936642976173
231.43613534094084 337.2112906446336
231.89331701028024 337.229043301641
232.3570400271564 337.24692603689107
232.82725106157002 337.26494261863536
233.30389678352233 337.28309681512565
233.78692386301435 337.3013923946135
234.276278970047 337.3198331253506
234.7719087746213 337.33842277558847
235.2737599467383 337.3571651135788
235.781779156399 337.37606390757327
236.29591307360448 337.3951229258234
236.81610836835557 337.4143459365809
237.34231171065358 337.43373670809734
237.87446931981484 337.45329884126636
238.4125058518858 337.47302792962546
238.95631535841287 337.49290820196603
239.50578956222378 337.51292302232696
240.06082018614654 337.5330557547474
240.62129895300896 337.5532897632666
241.18711758563896 337.5736084119237
241.75816780686435 337.59399506475785
242.33434133951295 337.6144330858081
242.91552990641293 337.6349058391138
243.5016252303917 337.6553966887139
244.09251903427747 337.67588899864757
244.68810304089814 337.69636613295404
245.2882689730813 337.7168114556724
245.892908553655 337.73720833084184
246.50191350544716 337.75754012250144
247.11517555128566 337.77779019469045
247.73258641399815 337.79794191144794
248.3540378164127 337.81797863681317
248.97942148135726 337.8378837348251
249.60862913165946 337.8576405695229
250.24155249014734 337.877232504946
250.87808327964876 337.89664290513326
251.5181132229915 337.9158551341239
252.16153404300357 337.9348525559571
252.8082374625127 337.9536185346719
253.4581152043468 337.9721364343076
254.1110589913338 337.99038961890335
254.76696054630156 338.00836145249815
255.42571159207802 338.0260352991313
256.08720385149087 338.04339452284177
256.7513290473681 338.0604224876689
257.4179788876024 338.0771025576518
258.08703942213737 338.0934180968295
258.75838255408473 338.1093524692413
259.431878011634 338.1248890389262
260.10739552297434 338.14001116992335
260.78480481629526 338.15470222627204
261.46397561978597 338.16894557201135
262.14477766163606 338.1827245711805
262.8270806700346 338.19602258781845
263.5107543731711 338.20882298596456
264.19566849923496 338.22110912965775
264.8816927764154 338.2328643829374
265.56869693290173 338.24407210984253
266.2565506968836 338.25471567441235
266.9451237965501 338.2647784406859
267.63428596009055 338.27424377270245
268.3239069156946 338.28309503450106
269.0138563915514 338.2913155901209
269.7040041158502 338.29888880360124
270.39421981678055 338.305798038981
271.0843732225318 338.31202666029947
271.7743340612931 338.31755803159587
272.46397206125397 338.3223755169091
273.1531569506038 338.32646248027856
273.8417584575319 338.32980228574337
274.5296463102275 338.33237829734253
275.2166902368801 338.33417387911527
275.90275996567914 338.33517239510076
276.58772522481365 338.3353572093381
277.2714557424733 338.3347116858664
277.9538212468473 338.333219188725
278.6346914661251 338.33086308195294
279.31393612849587 338.32762672958927
279.9914249632653 338.3234934956732
280.6670322895397 338.31844674424394
281.340647476422 338.3124698393405
282.0121629730093 338.3055461450022
282.68147122839883 338.2976590252681
283.3484646916874 338.2887918441774
284.0130358119721 338.2789279657692
284.67507703835 338.26805075408254
285.33448081991816 338.2561435731568
285.9911396057735 338.24318978703093
286.64494584501335 338.2291727597442
287.29579198673446 338.21407585533575
287.94357048003405 338.1978824378446
288.58817377400914 338.18057587131005
289.22949431775675 338.16213951977124
289.867424560374 338.14255674726724
290.50185695095774 338.1218109178372
291.1326839386054 338.09988539552023
291.7597979724136 338.0767635443557
292.3830915014796 338.0524287283825
293.00245697490055 338.0268643116398
293.6177868417733 338.00005365816696
294.2289735511949 337.97198013200295
294.83590955226254 337.942627097187
295.43848729407324 337.91197791775824
296.036599225724 337.88001595775575
296.63013779631183 337.8467245812187
297.21899545493386 337.81208715218634
297.80306465068713 337.7760870346977
298.3822378326686 337.73870759279197
298.95640744997553 337.69993219050826
299.5254659517047 337.6597441918859
300.0893057869532 337.6181269609637
300.64782118394356 337.57506386178125
301.2009371502865 337.5305382583773
301.74860471259683 337.4845335147911
302.29077571610435 337.437032995062
302.82740200603877 337.3880200632289
303.35843542762956 337.33747808333106
303.88382782610637 337.28539041940763
304.40353104669913 337.2317404354977
304.9174969346373 337.17651149564057
305.4256773351506 337.1196869638752
305.9280240934689 337.06125020424076
306.4244890548215 337.00118458077657
306.9150240644384 336.93947345752156
307.399580967549 336.8761001985151
307.87811160938327 336.8110481677962
308.35056783517064 336.74430072940396
308.8169014901409 336.6758412473776
309.27706441952364 336.6056530857563
309.73100846854857 336.53371960857913
310.1786854824453 336.4600241798853
310.6200473064437 336.384550163714
311.0550457857733 336.3072809241042
311.4836327656638 336.2281998250953
311.90576009134486 336.1472902307262
312.32137960804613 336.06453550503625
312.7304431609973 335.97991901206444
313.1329025954281 335.89342411585
313.52870975656816 335.8050341804322
313.917816489647 335.7147325698499
314.30017736146186 335.6225047784799
314.6757864283392 335.52836721157513
315.0446675271078 335.4323595854124
315.4068452257593 335.3345221885957
315.7623440922851 335.23489530972796
316.11118869467737 335.13351923741294
316.45340360092723 335.0304342602537
316.7890133790267 334.9256806668541
317.11804259696726 334.8192987458172
317.4405158227407 334.71132878574656
317.75645762433845 334.60181107524556
318.06589256975235 334.4907859029176
318.36884522697403 334.3782935573662
318.66534016399515 334.2643743271946
318.9554019488073 334.1490685010065
319.23905514940236 334.03241636740506
319.5163243337715 333.9144582149938
319.78723406990673 333.795234332376
320.0518089257997 333.6747850081553
320.310073469442 333.55315053093494
320.56205226882525 333.4303711893186
320.80776989194123 333.30648727190925
321.0472509067814 333.1815390673107
321.28051988133757 333.05556686412615
321.5076013836014 332.9286109509591
321.7285199815645 332.800711616413
321.9433002432184 332.6719091490913
322.151966736555 332.5422438375972
322.3545440295659 332.4117559705343
322.5510566902424 332.280485836506
322.7415292865767 332.1484737241157
322.92598638655994 332.0157599219667
323.10445255818416 331.88238471866276
323.27695236944095 331.7483884028069
323.4435103883218 331.61381126300273
323.6041511828185 331.4786935878536
323.7588993209226 331.343075665963
323.9077793706258 331.2069977859344
324.05081589991994 331.07050023637095
324.1880334767963 330.9336233058764
324.3194566692468 330.7964072830539
324.445110045263 330.6588924565069
324.56501817283674 330.5211191148391
324.67920561995936 330.3831275466536
324.78769695462273 330.24495804055397
324.89051674481846 330.1066508851436
324.98768955853814 329.9682463690259
325.0792399637735 329.8297847808042
325.1651925285162 329.6913064090821
325.2455718207579 329.55285154246286
325.3204024084901 329.4144604695499
325.3897088597047 329.2761734789467
325.4535157423932 329.1380308592567
325.5118476245472 329.0000728990833
325.56472907415855 328.8623398870299
325.6121846592187 328.7248721116998
325.6542389477195 328.5877098616966
325.6909165076524 328.4508934256237
325.7222419070092 328.31446309208445
325.7482397137815 328.1784591496822
325.76893449596093 328.04292188702055
325.7843508215392 327.9078915927028
325.79451325850795 327.7734085553323
325.7994463748588 327.63951306351265
325.79917473858353 327.50624540584715
325.7937229176736 327.3736458709391
325.7831154801208 327.2417547473922
325.7673769939167 327.1106123238096
325.746532027053 326.9802588887949
325.7206051475214 326.85073473095144
325.68962092331344 326.7220801388826
325.6536039224209 326.59433540119187
325.6125787128354 326.4675408064827
325.5665698625485 326.34173664335844
325.51560193955197 326.2169632004224
325.4596995118374 326.0932607662782
325.3988871473964 325.9706696295292
325.3331894142208 325.84923007877876
325.2626308803021 325.72898240263027
325.1872361136319 325.6099668896872
325.10702968220204 325.4922238285529
325.0220361540041 325.37579350783096
324.9322800970297 325.26071621612465
324.8377860792705 325.1470322420375
324.73857866871816 325.03478187417284
324.6346824333644 324.924005401134
324.52612194120076 324.8147431115246
324.4129217602189 324.7070352939478
324.2951064584106 324.60092223700724
324.1727006037675 324.49644422930635
324.0457287642811 324.39364155944844
323.91421550794314 324.2925545160369
323.7781854027453 324.1932233876751
323.6376630166792 324.09568846296673
323.4926729177365 323.9999900305149
323.34323967390884 323.9061683789232
323.189387853188 323.81426379679505
323.03114202356545 323.7243165727338
322.868526753033 323.6363669953428
322.7015666095822 323.5504553532257
322.53028616120474 323.46662193498565
322.35470997589226 323.38490702922627
322.1748626216364 323.3053509245509
321.9907686664289 323.2279939095628
321.8024526782614 323.15287627286574
321.6099392251253 323.0800383030628
321.4132528750125 323.0095202887575
321.2124181959148 322.9413625185534
321.00745975582345 322.8756052810537
320.79840212273047 322.812288864862
320.5852698646273 322.7514535585816
320.36808754950573 322.69313965081597
320.14687974535735 322.6373874301686
319.9216710201738 322.5842371852427
319.69248594194664 322.5337292046418
319.4593490786678 322.4859037769694
319.2222849983287 322.44080119082884
318.98131826892103 322.3984617348234
318.73647345843636 322.35892569755674
318.4877751348667 322.32223336763224
318.2352478662033 322.28842503365314
317.97891622043795 322.25754098422294
317.7188047655624 322.2296215079452
317.45493806956824 322.20470689342307
317.1873407004471 322.1828374292602
316.9160372261723 322.16405340416037
316.64105154118886 322.1483987830003
316.3624050852465 322.1359309285887
316.0801187390421 322.1267102550902
315.7942133832729 322.12079717667
315.50470989863567 322.118252107493
315.21162916582745 322.1191354617241
314.9149920655452 322.1235076535281
314.6148194784862 322.1314290970701
314.3111322853471 322.14296020651506
314.00395136682494 322.1581613960277
313.6932976036167 322.17709307977304
313.3791918764196 322.19981567191604
313.06165506593044 322.22638958662174
312.74070805284623 322.2568752380549
312.41637171786397 322.2913330403803
312.0886669416806 322.3298234077632
311.7576146049932 322.37240675436834
311.42323558849864 322.4191434943607
311.08555077289395 322.47009404190527
310.7445810388763 322.5253188111668
310.40034726714237 322.58487821631036
310.0528703383894 322.6488326715008
309.70217113331427 322.7172425909032
309.3482705326141 322.79016838868233
308.99118941698566 322.86767047900304
308.63094866712606 322.9498092760305
308.26756916373233 323.0366451939295
307.9010717875014 323.128238646865
307.5314774191302 323.2246500490018
307.15880693931587 323.32593981450503
306.7830812287553 323.43216835753947
306.40432116814554 323.5433960922702
306.02254763818337 323.659683432862
305.637781519566 323.7810907934798
305.2500436929905 323.9076785882886
304.85935503915346 324.03950723145334
304.46573643875234 324.1766371371388
304.069208772484 324.31912871951016
303.66979292104526 324.46704239273214
303.2675097651332 324.62043857096967
302.8623801854448 324.7793776683878
302.4544250626772 324.9439200991514
302.0436652775271 325.1141262774253
301.6301217106917 325.2900566173746
301.21381524286795 325.47177153316414
300.7947667547527 325.65933143895893
300.3729971270431 325.85279674892377
299.94852724043625 326.05222787722363
299.5213779756287 326.2576852380234
299.09157021331794 326.469229245488
298.65912483420084 326.6869203137826
298.22406271897415 326.9108188570718
297.7864047483351 327.14098528952064
297.3461718029805 327.3774800252941
296.90338476360756 327.6203634785572
296.458064510913 327.8696960634745
296.01023192559404 328.1255381942114
295.5599078883475 328.3879502849324
295.1071132798704 328.6569927498029
294.65186898085983 328.93272600298735
294.1941958365908 329.2152105021752
293.7341136950699 329.50450793043194
293.27164129364627 329.8006813355251
292.80679731148706 330.1037938367124
292.339600427759 330.41390855325176
291.87006932162905 330.73108860440124
291.39822267226407 331.0553971094186
290.924079158831 331.3868971875619
290.44765746049654 331.72565195808886
289.96897625642794 332.0717245402575
289.48805422579187 332.4251780533258
289.0049100477553 332.78607561655156
288.5195624014848 333.1544803491926
288.0320299661477 333.53045537050696
287.5423314209108 333.91406379975257
287.05048544494076 334.30536875618725
286.5565107174049 334.70443335906896
286.0604259174698 335.11132072765554
285.5622497243024 335.52609398120495
285.06200081706953 335.9488162389749
284.55969787493837 336.3795506202237
284.0553595770755 336.81836024420886
283.54900460264804 337.26530823018874
283.04065163082265 337.72045769742067
282.5303193407664 338.18387176516296
282.0180264116461 338.6556135526736
281.5037915226286 339.13574617921
280.98763335288106 339.6243327640305
280.46957058157005 340.1214364263931
279.94962188786275 340.62712028555524
279.4278059509259 341.14144746077505
278.90414144992644 341.66448107131043
278.3786470640312 342.1962842364194
277.8513414724071 342.7369200753597
277.3222433542211 343.28645170738935
276.79137138864 343.84494225176616
276.2587442548308 344.41245482774815
275.72438063196023 344.9890525545932
275.18829919919534 345.57479855155935
274.65051863570295 346.1697559379041
274.11105762065006 346.77398783288567
273.5699348332035 347.3875573557618
273.02716895252996 348.0105276257908
272.4827786577967 348.64296176223
271.9367826281704 349.2849228843376
271.3891995428181 349.9364741113715
270.84004808090657 350.59767856258964
270.28934692160266 351.26859935724974
269.7371147440734 351.9492996146099
269.18337022748557 352.63984245392794
268.6281320510062 353.34029099446184
268.07141889380205 354.0507083554694
267.51324943503994 354.7711576562088
266.953642353887 355.50170201593755
266.3926163295101 356.24240455391373
265.83019004107587 356.99332838939546
265.2663821677515 357.75453664164024
264.70121138870377 358.5260924299061
264.1346963830996 359.30805887345105
263.56685583010596 360.10049909153304
262.9977084088896 360.9034762034099
262.4272727986174 361.71705332833943
