227.18748591789955 335.9472103401727
227.29374131186128 335.7629151039046
227.39573384464768 335.57671801423686
227.4935250067486 335.3886462228741
227.58717628865415 335.19872688152094
227.6767491808542 335.00698714188167
227.76230517383877 334.81345415566096
227.84390575809806 334.61815507456333
227.92161242412183 334.4211170502933
227.9954866624002 334.2223672345553
228.0655899634232 334.0219327790539
228.13198381768075 333.8198408354937
228.19472971566296 333.61611855557913
228.2538891478597 333.41079309101474
228.30952360476104 333.20389159350503
228.36169457685696 332.9954412147546
228.4104635546375 332.78546910646776
228.45589202859267 332.5740024203493
228.49804148921237 332.36106830810354
228.53697342698672 332.14669392143514
228.5727493324057 331.93090641204856
228.60543069595923 331.7137329316482
228.63507900813738 331.49520063193876
228.66175575943015 331.27533666462466
228.68552244032756 331.0541681814105
228.70644054131958 330.83172233400074
228.7245715528962 330.6080262740999
228.73997696554744 330.38310715341254
228.75271826976334 330.1569921236432
228.76285695603383 329.9297083364962
228.77045451484898 329.7012829436764
228.7755724366987 329.471743096888
228.77827221207312 329.24111594783574
228.77861533146213 329.00942864822395
228.77666328535577 328.7767083497573
228.77247756424407 328.5429822041403
228.76611965861701 328.3082773630774
228.7576510589646 328.07262097827316
228.74713325577684 327.836040201432
228.73462773954367 327.59856218425864
228.72019600075515 327.36021407845755
228.70389952990132 327.1210230357331
228.68579981747212 326.8810162077899
228.66595835395756 326.64022074633243
228.64443662984772 326.39866380306535
228.62129613563255 326.15637252969316
228.59659836180197 325.91337407792
228.57040479884603 325.669695599451
228.5427769372548 325.42536424599024
228.51377626751827 325.18040716924247
228.48346428012638 324.93485152091193
228.45190246556916 324.6887244527035
228.4191523143366 324.4420531163214
228.3852753169187 324.19486466347036
228.3503329638055 323.9471862458547
228.31438674548698 323.6990450151792
228.27749815245312 323.4504681231482
228.23972867519396 323.20148272146616
228.20113980419947 322.95211596183776
228.1617930299597 322.7023949959675
228.12174984296462 322.4523469755598
228.08107173370422 322.2019990523192
228.03982019266846 321.9513783779503
227.99805671034747 321.70051210415755
227.9558427772311 321.44942738264547
227.91323988380952 321.1981513651187
227.87030952057256 320.94671120328155
227.82711317801036 320.6951340488387
227.78371234661282 320.44344705349465
227.74016851687003 320.19167736895383
227.69654317927197 319.9398521469209
227.65289782430858 319.68799853910025
227.6092939424699 319.4361436971964
227.56579302424592 319.1843147729141
227.52245656012673 318.93253891795763
227.47934604060222 318.6808432840315
227.4365229561624 318.4292550228403
227.39404879729736 318.1778012860886
227.351985054497 317.9265092254808
227.31039321825142 317.6754059927216
227.26933477905047 317.42451873951535
227.22887122738436 317.17387461756664
227.18906405374295 316.92350077858
227.1499747486163 316.67342437426
227.1116648024943 316.4236725563109
227.07419570586714 316.1742724764376
227.03762894922465 315.9252512863444
227.00202602305694 315.6766361377358
226.96744841785397 315.4284541823164
226.93395762410577 315.1807325717906
226.9016151323023 314.9334984578631
226.87048243293358 314.68677899223843
226.84062101648965 314.4406013266208
226.81209237346044 314.1949926127151
226.784957994336 313.94998000222574
226.75927936960628 313.70559064685705
226.73511798976145 313.4618516983137
226.71253534529123 313.2187903083003
226.6915929266859 312.97643362852125
226.67235222443523 312.73480881068105
226.6548747290294 312.4939430064843
226.63922193095834 312.2538633676355
226.62545532071206 312.014597045839
226.61363638878055 311.7761711927996
226.6038266256538 311.5386129602218
226.59608752182186 311.30194949980984
226.59048056777468 311.0662079632685
226.58706725400233 310.83141550230215
226.58590907099472 310.59759926861545
226.58706750924193 310.3647864139128
226.59060405923393 310.13300408989875
226.5965802114607 309.9022794482779
226.60505745641228 309.67263964075454
226.61609728457867 309.44411181903354
226.62976118644985 309.2167231348191
226.64611065251583 308.990500739816
226.66520717326662 308.76547178572855
226.68711223919223 308.5416634242614
226.71188734078262 308.319102807119
226.73959396852783 308.0978170860059
226.77029361291784 307.8778334126265
226.80404776444274 307.6591789386856
226.84091791359236 307.4418808158875
226.88096555085684 307.2259661959368
226.92425216672615 307.0114622305379
226.97083925169034 306.79839607139553
227.02078829623926 306.5867948702141
227.074160790863 306.376685778698
227.13101777315086 306.16809580099533
227.1913999183175 305.9610453071226
227.2553197352688 305.75554549041675
227.32278766753956 305.5516068713096
227.3938141586647 305.34923997023327
227.46840965217882 305.14845530761943
227.546584591617 304.94926340390015
227.62834942051404 304.75167477950737
227.71371458240475 304.5556999548728
227.80269052082394 304.36134945042846
227.8952876793065 304.1686337866064
227.99151650138734 303.9775634838385
228.09138743060117 303.7881490625565
228.19491091048292 303.6004010431925
228.30209738456742 303.4143299461783
228.41295729638946 303.229946291946
228.52750108948393 303.0472606009274
228.64573920738576 302.8662833935543
228.76768209362962 302.68702519025885
228.8933401917505 302.5094965114728
229.0227239452832 302.33370787762806
229.15584379776246 302.15966980915664
229.2927101927233 301.98739282649046
229.43333357370042 301.8168874500615
229.5777243842288 301.6481642003015
229.72589306784315 301.4812335976425
229.87785006807837 301.31610616251623
230.03360582846932 301.1527924153549
230.19317079255083 300.9913028765904
230.35655540385775 300.8316480666543
230.52377010592494 300.67383850597884
230.69482534228723 300.51788471499594
230.8697315564794 300.3637972141374
231.04849919203642 300.21158652383514
231.23113869249298 300.0612631645212
231.4176605013841 299.91283765662735
231.60807506224447 299.7663205205856
231.80239281860904 299.62172227682777
232.00062421401256 299.47905344578584
232.20277969199003 299.33832454789183
232.4088696960761 299.1995461035776
232.61890466980574 299.0627286332749
232.83289505671377 298.9278826574159
233.050851300335 298.79501869643235
233.27278384420435 298.66414727075625
233.4987031318566 298.53527890081943
233.72861960682656 298.4084241070539
233.9625437126492 298.2835934098916
234.2004858928592 298.1607973297643
234.44245659099153 298.04004638710404
234.68846625058103 297.9213511023428
234.9385253151624 297.8047219959123
235.19264422827072 297.6901695882446
235.45083343344064 297.5777043997716
235.7131033742071 297.46733695092524
235.9794644941049 297.3590777621374
236.24992723666892 297.25293735383997
236.524502045434 297.14892624646495
236.80319936393488 297.0470549604442
237.08602963570655 296.94733401620954
237.3730033042838 296.84977393419314
237.6641308132015 296.7543852348267
237.95942260599443 296.6611784385423
238.25888906525483 296.5701640657717
238.56251486910722 296.48135263694684
238.87021923698015 296.39475467249986
239.1819111208037 296.31038069286245
239.4974994725079 296.2282412184665
239.81689324402285 296.1483467697441
240.14000138727863 296.07070786712706
240.46673285420522 295.9953350310474
240.79699659673284 295.92223878193687
241.13070156679143 295.8514296402275
241.4677567163112 295.7829181263512
241.80807099722205 295.71671476073993
242.15155336145418 295.6528300638255
242.49811276093772 295.59127455603993
242.84765814760257 295.53205875781504
243.2000984733789 295.47519318958285
243.55534269019674 295.42068837177516
243.91329974998635 295.3685548248241
244.27387860467744 295.3188030691614
244.63698820620036 295.2714436252189
245.00253750648514 295.2264870134288
245.3704354574619 295.18394375422287
245.74059101106045 295.143824368033
246.11291311921113 295.10613937529104
246.48731073384394 295.07089929642916
246.86369280688896 295.03811465187897
247.24196829027625 295.00779596207263
247.62204613593588 294.979953747442
248.00383529579787 294.95459852841896
248.38724472179243 294.9317408254354
248.77218336584946 294.91139115892327
249.15856017989915 294.8935600493145
249.54628411587152 294.878258017041
249.93526412569676 294.8654955825347
250.32540916130472 294.8552832662275
250.7166281746257 294.8476315885514
251.1088301175896 294.8425510699381
251.5019239421266 294.84005223081977
251.89581860016682 294.84014559162824
252.2904230436401 294.8428416727954
252.68564622447678 294.84815099475315
253.08139709460673 294.8560840779335
253.4775846059602 294.8666514427682
253.87411771046712 294.8798636096894
254.27090536005764 294.8957310991288
254.66785650666176 294.91426443151846
255.06488010220966 294.93547412729026
255.46188509863129 294.95937070687614
255.85878044785676 294.98596469070793
256.2554751018162 295.0152665992177
256.65187801243974 295.04728695283717
257.0478981316573 295.0820362719984
257.443444411399 295.11952507713335
257.838425803595 295.15976388867375
258.2327512601752 295.2027632270517
258.6263297330698 295.2485336126991
259.0190701742089 295.2970855660477
259.41088153552244 295.3484296075296
259.80167276894065 295.40257625757675
260.1913528263935 295.4595360366208
260.57983528353867 295.5193160015967
260.9670622354993 295.5819018463513
261.35298664077146 295.64727112730185
261.7375614791685 295.7154013848964
262.120739730504 295.78627015958335
262.5024743745914 295.85985499181083
262.88271839124445 295.93613342202707
263.2614247602765 296.0150829906804
263.63854646150133 296.0966812382191
264.01403647473234 296.1809057050913
264.3878477797832 296.26773393174545
264.75993335646746 296.3571434586296
265.1302461845986 296.44911182619205
265.49873924399026 296.5436165748812
265.86536551445596 296.6406352451451
266.2300779758093 296.74014537743216
266.59282960786373 296.84212451219054
266.95357339043295 296.94655018986845
267.31226230333044 297.05339995091424
267.6688493263698 297.1626513357762
268.0232874393647 297.2742818849025
268.37552962212845 297.3882691387413
268.7255288544749 297.504590637741
269.0732381162173 297.62322392234984
269.41861038716945 297.7441465330161
269.76159864714475 297.86733601018784
270.10215587595684 297.99276989431354
270.4402350534193 298.1204257258414
270.7757891593458 298.25028104521954
271.1087711735497 298.38231339289626
271.4391340758445 298.51650030932
271.76683084604406 298.6528193349387
272.0918144639618 298.79124801020095
272.4140379094111 298.93176387555474
272.73345416220576 299.07434447144846
273.0500162021593 299.2189673383303
273.3636770090853 299.36561001664853
273.67438956279716 299.5142500468514
273.9821068431085 299.66486496938705
274.28678182983305 299.817432324704
274.5883675027842 299.9719296532503
274.8868168417756 300.12833449547423
275.1820828266208 300.28662439182415
275.4741184371332 300.4467768827481
275.7628766531266 300.60876950869454
276.0483104544145 300.7725798101116
276.3303728208103 300.9381853274477
276.60901673212777 301.1055636011507
276.8841951681803 301.27469217166936
277.15586110878166 301.4455485794516
277.4239675337452 301.6181103649457
277.6884674228847 301.7923550686001
277.94931375601334 301.9682602308628
278.2064595129452 302.1458033921823
278.4598576734934 302.32496209300666
278.7094612174717 302.5057138737842
278.95522312469365 302.68803627496317
279.19709637497283 302.8719068369919
279.43503394812274 303.0573031003185
279.66898882395697 303.24420260539137
279.898913982289 303.4325828926586
280.12476240293256 303.6224215025685
280.34648706570107 303.81369597556943
280.56404095040824 304.00638385210954
280.77737703686745 304.2004625235958
280.98644830489235 304.3959051339271
281.19120773429654 304.59268006714535
281.3916083048936 304.79075545536364
281.5876029964969 304.9900994306952
281.7791447889202 305.1906801252535
281.96618666197696 305.3924656711518
282.1486815954809 305.59542420050343
282.32658256924543 305.7995238454218
282.499842563084 306.0047327380201
282.66841455681043 306.2110190104118
282.8322515302381 306.4183507947101
282.9913064631807 306.6266962230282
283.1455323354516 306.83602342747963
283.29488212686465 307.04630054017775
283.4393088172332 307.2574956932356
283.57876538637083 307.46957701876676
283.7132048140911 307.68251264888454
283.84258008020765 307.89627071570214
283.966844164534 308.1108193513328
284.0859500468837 308.3261266878901
284.19985070707025 308.5421608574871
284.3084991249074 308.7588899922374
284.41184828020846 308.9762822242541
284.5098511527873 309.19430568565065
284.6024607224572 309.4129285085402
284.6896299690317 309.63211882503623
284.7713118723246 309.8518447672519
284.84745941214936 310.07207446730087
284.9180255683196 310.292776057296
284.98296332064876 310.5139176693511
285.04222564895036 310.7354674355789
285.09576553303816 310.9573934880933
285.1435359527256 311.1796639590073
285.18548988782624 311.40224698043426
285.2215803181536 311.6251106844875
285.2517602235214 311.8482232032805
285.27598258374303 312.07155266892624
285.2942003786322 312.2950672135385
285.30636658800233 312.5187349692302
285.312434191667 312.7425240681149
285.31235616943997 312.9664026423057
285.3060855011345 313.1903388239161
285.2935751665644 313.4143007450594
285.27477814554305 313.638256537849
285.24964741788415 313.8621743343979
285.2181359634011 314.0860222668198
285.18019676190767 314.3097684672278
285.1357827932174 314.5333810677352
285.0848470371436 314.7568282004555
285.0273424735001 314.98007799750184
284.9632220821003 315.2030985909877
284.8924388427578 315.42585811302627
284.81494573528636 315.6483246957309
284.7306957394992 315.8704664712149
284.63964183521006 316.09225157159165
284.5417370022326 316.3136481289744
284.4369342203801 316.5346242754766
284.3251864694665 316.75514814321144
284.206446729305 316.97518786429225
284.08066797970935 317.1947115708324
283.9478157739166 317.4136908616863
283.80790870034 317.63211195855365
283.660979328508 317.8499649380036
283.507060228022 318.0672398766255
283.3461839684837 318.2839268510089
283.17838311949464 318.5000159377429
283.00369025065675 318.715497213417
282.8221379315714 318.93036075462055
282.6337587318403 319.14459663794315
282.4385852210651 319.3581949399739
282.2366499688475 319.57114573730223
282.0279855447891 319.7834391065177
281.8126245184915 319.99506512420936
281.59059945955636 320.2060138669668
281.3619429375853 320.4162754113795
281.1266875221801 320.62583983403675
280.8848657829422 320.8346972115278
280.63651028947334 321.0428376204422
280.3816536113752 321.25025113736905
280.12032831824945 321.45692783889814
279.8525669796975 321.6628578016186
279.5784021653212 321.86803110211974
279.29786644472216 322.0724378169912
279.0109923875021 322.27606802282213
278.71781256326244 322.47891179620206
278.418359541605 322.68095921372014
278.11266589213125 322.8822003519661
277.8007641844431 323.082625287529
277.48268698814195 323.28222409699833
277.15846687282954 323.4809868569635
276.8281364081075 323.6789036440138
276.4917281635774 323.8759645347388
276.149274708841 324.07215960572773
275.80080861349995 324.2674789335699
275.44636244715576 324.4619125948549
275.08596877941017 324.6554506661719
274.7196601798647 324.8480832241104
274.3474692181212 325.0398003452598
273.9694284637812 325.23059210620926
273.5855704864462 325.4204485835485
273.195927855718 325.6093598538667
272.8005331411983 325.7973159937531
272.39941891248867 325.9843070797973
271.99261773919056 326.1703231885888
271.58016219090587 326.3553543967166
271.16208483723625 326.53939078077036
270.7384182477832 326.7224224173393
270.3091949921484 326.90443938301297
269.8744476399334 327.0854317543807
269.4342087607401 327.2653896080316
268.98851092416993 327.44430302055537
268.5373866998245 327.6221620685414
268.0808686573056 327.7989568285788
267.6189893662148 327.97467737725714
267.15178139615375 328.1493137911658
266.6792773167239 328.3228561468941
266.2015096975273 328.49529452103144
265.71851110816533 328.6666189901672
265.2303141182397 328.8368196308908
264.73695129735194 329.0058865197915
264.23845521510367 329.1738097334588
263.7348584410968 329.34057934848204
263.22619354493276 329.5061854414505
262.71249309621317 329.6706180889537
262.19379972430494 329.83386736758104
261.67019955587193 329.99592335392174
261.1417904713525 330.1567761245653
260.6086703513752 330.3164157561011
260.07093707656907 330.4748323251183
259.5286885275624 330.6320159082067
258.98202258498395 330.78795658195526
258.4310371294624 330.9426444229537
257.87583004162656 331.09606950779107
257.316499202105 331.24822191305697
256.75314249152615 331.3990917153408
256.18585779051887 331.54866899123175
255.61474297971193 331.6969438173194
255.03989593973387 331.843906270193
254.46141455121327 331.98954642644196
253.8793966947788 332.13385436265565
253.29394025105935 332.27682015542354
252.70514310068342 332.4184338813348
252.11310312427958 332.558685616979
251.51791820247655 332.69756543894556
250.91968621590314 332.8350634238236
250.31850504518786 332.97116964820276
249.71447257095932 333.1058741886723
249.10768667384627 333.2391671218216
248.49824523447745 333.3710385242401
247.88624613348148 333.50147847251696
247.2717872514868 333.6304770432419
246.6549664691223 333.75802431300406
246.03588166701664 333.88411035839295
245.41463072579845 334.00872525599783
244.79131152609622 334.1318590824082
244.16602194853883 334.25350191421325
243.53885987375492 334.3736438280026
242.90992318237312 334.4922749003654
242.27930975502187 334.60938520789125
241.64711747233014 334.72496482716934
241.01344421492655 334.83900383478914
240.3783878634396 334.95149230734006
239.74204629849797 335.0624203214113
239.10451740073043 335.17177795359254
238.46589905076567 335.27955528047295
237.82628912923232 335.38574237864185
237.18578551675884 335.4903293246888
236.54448609397406 335.59330619520307
235.90248874150674 335.694663066774
235.25989133998542 335.7943900159911
234.61679177003865 335.8924771194437
233.97328791229518 335.9889144537212
233.3294776473838 336.0836920954128
232.68545885593315 336.1768001211081
232.04132941857165 336.26822860739634
231.3971872159282 336.357967630867
230.75313012863137 336.44600726810944
230.10925603730982 336.532337595713
229.46566282259207 336.616948690267
228.82244836510716 336.6998306283609
228.1797105454835 336.7809734865842
227.5375472443496 336.86036734152594
226.8960563423343 336.93800226977584
226.2553357200664 337.0138683479231
225.6154898196155 337.08795844535433
224.9766593742388 337.1602808783561
224.33899759460067 337.2308492740705
223.70265770276373 337.29967726449166
223.0677929207903 337.3667784816131
222.43455647074293 337.4321665574287
221.80310157468412 337.49585512393224
221.17358145467657 337.5578578131173
220.54614933278265 337.61818825697804
219.92095843106475 337.6768600875081
219.29816197158544 337.7338869367011
218.6779131764074 337.7892824365509
218.06036526759306 337.8430602190513
217.44567146720482 337.8952339161962
216.83398499730515 337.9458171599794
216.22545907995683 337.99482358239453
215.62024693722225 338.04226681543526
215.0185017911637 338.08816049109555
214.42037686384387 338.1325182413693
213.82602537732532 338.1753536982501
213.23560055367062 338.2166804937317
212.649255614942 338.256512259808
212.0671437832022 338.29486262847286
211.4894182805137 338.3317452317198
210.91623232893895 338.3671737015429
210.34773915054038 338.40116166993573
209.78409196738062 338.43372276889227
209.22544400152225 338.464870630406
208.6719484750277 338.49461888647096
208.1237586099594 338.52298116908094
207.58102762837984 338.54997111022954
207.04390875235174 338.57560234191067
206.5125552039375 338.59988849611807
205.98712020519952 338.6228432048456
205.46775525797952 338.64448010008704
204.95459578242102 338.664812813836
204.44776842327818 338.6838549780864
203.9473997366295 338.7016202248321
203.45361627855397 338.71812218606664
202.9665446051302 338.7333744937841
202.48631127243686 338.747390779978
202.01304283655278 338.76018467664227
201.54686585355685 338.77176981577065
201.08790687952762 338.78215982935694
200.6362924705439 338.79136834939493
200.19214918268443 338.7994090078784
199.75560357202804 338.8062954368011
199.32678219465342 338.8120412681569
198.9058116066392 338.81666013393954
198.49281836406422 338.82016566614266
198.08792902300735 338.82257149676025
197.6912701395472 338.823891257786
197.3029682697625 338.82413858121373
196.92314996973204 338.8233270990371
196.55194179553465 338.82147044325006
196.18947030324895 338.8185822458464
195.83586204895374 338.8146761388197
195.4912435887277 338.809765754164
195.15574147864976 338.8038647238728
194.8294822747985 338.7969866799403
194.51259253325267 338.7891452543597
194.2051988100911 338.7803540791253
193.90742766139252 338.77062678623065
193.61940564323564 338.7599770076696
193.34124499175886 338.7484183754358
193.07297671075295 338.7359645215233
192.81460319549967 338.72262907792555
192.5661268093333 338.7084256766365
192.32754991558824 338.69336794965005
192.09887487759883 338.67746952895993
191.88010405869952 338.6607440465597
191.67123982222466 338.6432051344434
191.4722845315086 338.62486642460476
191.28324054988562 338.6057415490375
191.10411024069023 338.58584413973534
190.9348959672567 338.5651878286922
190.77560009291946 338.54378624790183
190.62622498101277 338.52165302935805
190.48677299487113 338.49880180505454
190.3572464978289 338.4752462069851
190.23764785322035 338.45099986714365
190.12797942437993 338.4260764175238
190.02824357464198 338.40048949011936
189.93844266734087 338.3742527169242
189.85857906581091 338.3473797299321
189.78865513338656 338.31988416113677
189.72867323340216 338.2917796425321
189.678635729192 338.2630798061117
189.6385449840906 338.23379828386953
189.60840336143218 338.2039487077992
189.5882132245512 338.17354470989466
189.577976936782 338.1425999221496
189.57769686145892 338.11112797655784
189.58737536191643 338.0791425051132
189.60701480148873 338.0466571398094
189.6366175435103 338.01368551264017
189.67618595131552 337.98024125559937
189.7257223882387 337.94633800068084
189.78522921761422 337.9119893798782
189.85470880277649 337.87720902518544
189.93416350705985 337.84201056859615
190.02359569379863 337.80640764210426
190.12300772632724 337.7704138777035
190.23240196798005 337.7340429073876
190.35178078209145 337.69730836315034
190.48114653199576 337.66022387698564
190.6205015810273 337.6228030808872
190.7698482925206 337.58505960684886
190.9291890298099 337.54700708686414
191.09852615622958 337.5086591529272
191.27786203511397 337.4700294370316
191.46719902979763 337.4311315711711
191.66653950361467 337.39197918733953
191.87588581989962 337.35258591753086
192.09524034198682 337.31296539373864
192.32460543321062 337.2731312479567
192.5639834569054 337.2330971121788
192.81337677640548 337.19287661839894
193.07278775504528 337.15248339861057
193.34221875615916 337.1119310848077
193.62167214308153 337.07123330898406
193.91115027914663 337.0304037031334
194.2106555276889 336.9894558992496
194.52019025204285 336.94840352932624
194.8397568155426 336.90726022535733
195.16935758152266 336.8660396193365
195.50899491331734 336.8247553432578
195.8586638849054 336.78342102911444
196.21827324057145 336.7420503089008
196.58767526315953 336.7006568146104
196.96672125952193 336.6592541782371
197.35526253651057 336.6178560317745
197.75315040097763 336.57647600721674
198.16023615977514 336.5351277365572
198.57637111975538 336.49382485178984
199.00140658777033 336.4525809849085
199.43519387067204 336.41140976790695
199.87758427531259 336.3703248327789
200.32842910854433 336.32933981151825
200.78757967721913 336.2884683361186
201.25488728818908 336.2477240385739
201.73020324830642 336.20712055087785
202.21337886442328 336.16667150502417
202.7042654433916 336.1263905330069
203.2027142920635 336.08629126681956
203.70856286654399 336.046387338456
204.22159162945704 336.00669237990996
204.74156638608451 335.9672200231755
205.2682529416963 335.9279839002461
205.8014171015626 335.8889976431156
206.3408246709533 335.8502748837778
206.8862414551385 335.81182925422655
207.437433259388 335.7736743864556
207.9941658889719 335.73582391245867
208.55620514916035 335.6982914642296
209.12331684522326 335.66109067376215
209.69526678243045 335.62423517305024
210.271820766052 335.58773859408745
210.85274460135813 335.55161456886765
211.4378040936186 335.5158767293847
212.02676504810344 335.48053870763215
212.61939326945267 335.44561413560405
213.2154538297412 335.411116645294
213.81470965561726 335.37705986869594
214.4169232830287 335.3434574378035
215.02185724792346 335.3103229846106
215.6292740862496 335.27767014111095
216.23893633395465 335.2455125392982
216.85060652698652 335.21386381116645
217.46404720129317 335.18273758870913
218.07902089282248 335.15214750392033
218.6952901375222 335.1221071887937
219.31261747134013 335.09263027532296
219.9307654302242 335.06373039550203
220.54949655012229 335.0354211813245
221.16857336698217 335.0077162647844
221.78775841675167 334.98062927787527
222.40681423537887 334.95417385259117
223.02550335881136 334.92836362092555
223.64359564378796 334.90321221487244
224.26091065135319 334.8787332664256
224.8772886075302 334.85494040757874
225.49256980585002 334.83184727032557
226.10659453984357 334.8094674866601
226.71920310304205 334.78781468857596
227.33023578897667 334.76690250806695
227.93953289117837 334.74674457712683
228.54693470317812 334.72735452774947
229.15228151850715 334.7087459919285
229.75541363069655 334.6909326016579
230.3561713332774 334.6739279889312
230.95439527709797 334.6577457857425
231.54996512366503 334.6423996240854
232.1428341267581 334.62790313595366
232.7329636999634 334.61426995334114
233.32031525686702 334.60151370824155
233.90485021105542 334.5896480326487
234.48652997611495 334.5786865585565
235.06531596563192 334.5686429179585
235.6411695931923 334.55953074284866
236.21405227238262 334.5513636652207
236.78392541678923 334.5441553170685
237.35075043999825 334.5379193303856
237.91448875559587 334.53266933716594
238.47510177716853 334.5284189694034
239.03255091830258 334.52518185909156
239.58679759258416 334.5229716382244
240.13780321359954 334.5218019387956
240.68552919493501 334.521686392799
241.22993695017703 334.5226386322283
241.77098789291168 334.5246722890772
242.30864343672522 334.52780099533976
242.842864995204 334.53203838300954
243.37361398193443 334.53739808408045
243.9008518105026 334.54389373054613
244.42453989449476 334.5515389544004
244.94463964749733 334.5603473876373
245.4611124830965 334.57033266225017
245.97391981487877 334.5815084102332
246.48302305643003 334.59388826357986
246.98838362133682 334.60748585428416
247.48996292318543 334.62231481433986
247.987722375562 334.6383887757405
248.48162339205288 334.65572137048014
248.97162738624442 334.6743262305526
249.4576957717229 334.6942169879514
249.93978996207437 334.71540727467044
250.4178713708853 334.73791072270353
250.89190141174205 334.7617409640444
251.36184149823072 334.7869116306869
251.8276530439377 334.81343635462486
252.28929746244913 334.8413287678519
252.7467361673515 334.870602502362
253.19993057223095 334.90127119014875
253.64884209067375 334.93334846320596
254.09343213626622 334.9668479535275
254.53366212259468 335.00178329310734
254.96949346324539 335.0381681139388
255.4008875718045 335.076016048016
255.82780586185842 335.1153407273327
256.2502097469935 335.15615578388247
256.66806064079594 335.1984748496594
257.08131995685187 335.24231155665706
257.48994910874774 335.2876795368693
257.8939095100698 335.33459242228986
258.2931625744044 335.3830638449126
258.68766971533756 335.43310743673123
259.0773923464559 335.4847368297396
259.4622918813455 335.5379656559314
259.8423297335927 335.5928075473005
260.2174673167837 335.64927613584064
260.5876661157262 335.70738502772
260.9529076108999 335.7671405784919
261.3132205807562 335.8285319930281
261.6686406414085 335.8915459968015
262.01920340897004 335.95616931528446
262.3649444995542 336.02238867395
262.70589952927423 336.0901907982708
263.0421041142435 336.15956241371947
263.3735938705752 336.2304902457688
263.7004044143828 336.3029610198914
264.02257136177946 336.3769614615602
264.3401303288785 336.4524782962477
264.6531169317933 336.5294982494268
264.9615667866371 336.60800804657
265.26551550952325 336.6879944131502
265.56499871656507 336.76944407464
265.8600520238757 336.8523437565121
266.1507110475687 336.9366801842394
266.43701140375714 337.0224400832944
266.7189887085544 337.1096101791499
266.9966785780739 337.19817719727865
267.2701166284288 337.28812786315336
267.53933847573245 337.3794489022466
267.8043797360982 337.4721270400313
268.0652760256393 337.56614900198
268.3220629604692 337.66150151356555
268.57477615670086 337.7581713002605
268.82345123044786 337.85614508753787
269.0681237978235 337.95540960087
269.308829474941 338.05595156572986
269.54560387791366 338.15775770759006
269.7784826228548 338.2608147519233
270.0075013258778 338.36510942420244
270.23269560309586 338.4706284499
270.45410107062236 338.5773585544888
270.67175334457045 338.6852864634414
270.8856880410537 338.7943989022308
271.0959407761853 338.90468259632956
271.3025471660783 339.01612427121034
271.5055428268464 339.1287106523459
271.70496337460264 339.2424284652092
271.9008444254605 339.3572644352725
272.09322159553307 339.47320528800867
272.2821305009339 339.59023774889056
272.4676067577761 339.7083485433909
272.64968598217314 339.82752439698226
272.82840379023804 339.9477520351374
273.00379579808447 340.0690181833291
273.17589762182547 340.19130956703003
273.34474487757456 340.3146129117129
273.5103731814448 340.4389149428503
273.6728181495496 340.56420238591517
273.8321153980023 340.69046196638016
273.98830054291625 340.8176804097179
274.14140920040455 340.9458444414012
274.2914769865808 341.07494078690274
274.43853951755796 341.2049561716951
274.5826324094496 341.3358773212512
274.723791278369 341.46769096104373
274.86205174042937 341.60038381654516
274.997449411744 341.7339426132286
275.1300199084263 341.86835407656645
275.2597988465895 342.0036049320316
275.3868218423469 342.1396819050965
275.51112451181183 342.2765717212343
275.6327424710975 342.4142611059174
275.7517113363174 342.5527367846186
275.8680667235847 342.6919854828104
275.98184424901285 342.83199392596595
276.0930795287149 342.97274883955765
276.20180817880436 343.1142369490583
276.30806581539446 343.2564449799407
276.4118880545985 343.3993596576774
276.5133105125298 343.5429677077412
276.6123688053017 343.6872558556048
276.7090985490274 343.8322108267409
276.80353535982033 343.9778193466223
276.8957148537937 344.1240681407216
276.9856726470609 344.27094393451165
277.07344435573503 344.41843345346496
277.1590655959297 344.56652342305443
277.24257198375795 344.7152005687526
277.32399913533334 344.86445161603245
277.40338266676895 345.01426329036644
277.4807581941782 345.1646223172275
277.55616133367425 345.31551542208814
277.62962770137057 345.4669293304211
277.7011929133804 345.6188507676992
277.770892585817 345.7712664593952
277.83876233479384 345.92416313098164
277.904837776424 346.07752750793134
277.96915452682094 346.231346315717
278.0317482020979 346.38560627981127
278.09265441836817 346.540294125687
278.15190879174514 346.6953965788168
278.20954693834204 346.85090036467346
278.26560447427215 347.0067922087297
278.32011701564886 347.16305883645805
278.3731201785854 347.3196869733314
278.42464957919515 347.47666334482244
278.4747408335912 347.6339746764038
278.5234295578872 347.7916076935483
278.5707513681962 347.9495491217287
278.6167418806316 348.10778568641757
278.6614367113067 348.26630411308764
278.70487147633474 348.4250911272118
278.74708179182903 348.5841334542625
278.788103273903 348.74341781971265
278.82797153866983 348.90293094903484
278.86672220224284 349.0626595677019
278.9043908807354 349.2225904011866
278.9410131902608 349.3827101749614
278.9766247469322 349.54300561449924
279.011261166863 349.7034634452727
279.04495806616666 349.8640703927546
279.0777510609563 350.0248131824176
279.1096757673452 350.18567853973434
279.1407678014468 350.3466531901778
279.17106277937427 350.50772385922033
279.2005963172411 350.66887727233484
279.22940403116036 350.8301001549941
279.2575215372455 350.99137923267074
279.2849844516098 351.1527012308376
279.31182839036654 351.3140528749672
279.3380882656856 351.4754208905323
279.36378137055476 351.63679200300567
279.3889065466266 351.7981529378599
279.4134617650684 351.95949042056805
279.43744499704746 352.1207911766024
279.4608542137311 352.28204193143597
279.48368738628653 352.44322941054133
279.50594248588106 352.60434033939123
279.52761748368187 352.7653614434583
279.54871035085625 352.9262794482155
279.5692190585716 353.0870810791353
279.5891415779952 353.2477530616905
279.6084758802941 353.40828212135386
279.62721993663575 353.5686549835979
279.6453717181875 353.7288583738957
279.66292919611647 353.88887901771966
279.6798903415899 354.0487036405426
279.6962531257753 354.2083189678372
279.7120155198396 354.3677117250763
279.7271754949504 354.5268686377324
279.7417310222748 354.6857764312784
279.7556800729801 354.84442183118693
279.7690206182337 355.0027915629307
279.78175062920263 355.1608723519825
279.79386807705436 355.31865092381497
279.8053709329561 355.47611400390076
279.81625716807514 355.6332483177128
279.8265247535788 355.7900405907236
279.8361716606342 355.94647754840594
279.8451958604088 356.10254591623254
279.8535953240697 356.25823241967623
279.86136802278435 356.41352378420953
279.8685119277199 356.56840673530525
279.8750250100436 356.722867998436
279.8809052409229 356.87689429907476
279.88615059152494 357.030472362694
279.890759033017 357.18358891476646
279.89472853656633 357.3362306807649
279.8980570733402 357.4883843861621
279.9007426145061 357.6400367564307
279.90278313123105 357.79117451704343
279.9041765946824 357.941784393473
279.90492097602737 358.09185311119205
279.90501424643344 358.2413673956735
279.9044543770676 358.3903139723898
279.90323933909735 358.5386795668138
279.90136710368995 358.68645090441834
279.89883564201256 358.833614710676
279.8956429252324 358.9801577110594
279.89178692451696 359.12606663104134
279.88726561103334 359.27132819609466
279.88207695594895 359.41592913169194
279.87621893043087 359.5598561633059
279.86968950564665 359.70309601640923
279.86248665276327 359.8456354164747
279.8546083429482 359.98746108897507
279.84605254736874 360.128559759383
279.836817237192 360.26891815317117
279.8269003835853 360.4085229958124
279.81629995771607 360.5473610127793
279.8050139307514 360.6854189295445
279.7930402738586 360.822683471581
279.780376958205 360.95914136436124
279.7670219549579 361.09477933335813
279.7529732352844 361.2295841040442
279.73822877035207 361.3635424018924
279.722786531328 361.4966409523751
279.70664448937936 361.6288664809654
279.6898006156736 361.7602057131358
279.672252881378 361.89064537435905
279.6539992576597 362.02017219010776
279.63503771568605 362.14877288585484
279.6153662266243 362.27643418707294
279.59498276164186 362.4031428192347
279.5738852919058 362.52888550781296
279.55207178858353 362.6536489782802
279.5295402228423 362.77741995610944
279.50628856584933 362.9001851667732
279.4823147887719 363.0219313357442
279.4576168627774 363.14264518849535
279.43219275903294 363.26231345049905
279.40604044870594 363.38092284722825
279.37915790296364 363.4984601041556
279.3515430929732 363.61491194675375
279.32319398990205 363.7302651004955
279.29410856491734 363.84450629085353
279.26428478918643 363.95762224330065
279.23372063387643 364.0695996833094
279.20241407015493 364.1804253363525
279.170363069189 364.29008592790285
279.13756560214586 364.398568183433
279.10401964019286 364.50585882841574
279.06972315449735 364.6119445883238
279.0346741162265 364.71681218862983
278.9988704965476 364.8204483548066
278.96231026662804 364.9228398123268
278.92499139763487 365.02397328666314
278.88691186073555 365.1238355032883
278.8480696270973 365.2224131876751
278.8084626678874 365.31969306529624
278.7680889542731 365.41566186162424
278.7269464574216 365.51030630213205
278.68503314850034 365.60361311229224
278.64234699867654 365.69556901757767
278.5988859791174 365.78616074346087
278.5546480609903 365.87537501541476
278.50963121546243 365.96319855891187
278.46383341370114 366.0496180994249
278.4172526268736 366.1346203624268
278.36988682614714 366.21819207339007
278.3217339826891 366.30031995778745
278.27279206766667 366.38099074109175
278.22305905224715 366.4601911487756
278.1725329075978 366.53790790631183
278.12121160488596 366.614127739173
278.0690931152788 366.6888373728319
278.0161754099437 366.7620235327613
277.96245646004786 366.8336729444337
277.90793423675854 366.90377233332214
277.8526067112431 366.97230842489904
277.79647185466877 367.0392679446373
277.7395276382028 367.1046376180095
277.6817720330124 367.1684041704886
277.62320301026506 367.23055432754705
277.5638185411279 367.29107481465763
