218.7309602949615 319.4065238056621
218.4971769395825 319.21025718706
218.27173266629973 319.01666154328643
218.05456480295834 318.8257312255526
217.8456106774034 318.6374605850695
217.6448076174801 318.45184397304826
217.45209295103362 318.26887574069985
217.26740400590901 318.0885502392354
217.09067810995134 317.9108618198658
216.9218525910059 317.7358048338023
216.76086477691769 317.5633736322558
216.60765199553188 317.3935625664374
216.4621515746936 317.22636598755827
216.3243008422479 317.0617782468293
216.1940371260401 316.89979369546154
216.0712977539152 316.7404066846661
215.95602005371828 316.58361156565405
215.84814135329458 316.4294026896364
215.74759898048907 316.27777440782427
215.6543302631472 316.12872107142863
215.56827252911373 315.9822370316606
215.48936310623398 315.8383166397311
215.41753932235306 315.6969542468513
215.35273850531613 315.5581442042322
215.2948979829682 315.4218808630849
215.2439550831545 315.28815857462047
215.1998471337201 315.15697169004983
215.16251146251017 315.0283145605841
215.13188539736987 314.9021815374344
215.10790626614423 314.7785669718117
215.09051139667847 314.6574652149271
215.07963811681765 314.5388706179917
215.07522375440698 314.4227775322163
215.0772056372915 314.30918030881224
215.0855210933164 314.19807329899044
215.10010745032673 314.089450853962
215.12090203616776 313.98330732493787
215.14784217868453 313.8796370631293
215.18086520572217 313.77843441974704
215.21990844512578 313.67969374600244
215.2649092247405 313.58340939310636
215.31580487241158 313.4895757122701
215.37253271598402 313.3981870547043
215.43503008330293 313.3092377716203
215.50323430221349 313.2227222142291
215.57708270056085 313.1386347337417
215.65651260619012 313.0569696813693
215.7414613469464 312.9777214083228
215.83186625067486 312.90088426581326
215.9276646452206 312.8264526050518
216.02879385842877 312.7544207772494
216.1351912181445 312.68478313361715
216.2467940522129 312.6175340253661
216.36353968847908 312.5526678037073
216.48536545478822 312.4901788198519
216.61220867898544 312.4300614250107
216.74400668891582 312.372309970395
216.88069681242453 312.31691880721564
217.02221637735667 312.26388228668384
217.16850271155738 312.21319476001065
217.31949314287186 312.1648505784071
217.47512499914512 312.118844093084
217.63533560822236 312.0751696552527
217.8000622979487 312.03382161612427
217.9692424009167 311.99479432690947
218.14281357926257 311.95808213881963
218.3207140334232 311.9236794030657
218.50288201351225 311.8915804708588
218.6892557696435 311.86177969340974
218.8797735519305 311.8342714219298
219.07437361048704 311.80905000763
219.2729941954267 311.7861098017214
219.47557355686314 311.765445155415
219.68204994491012 311.74705041992183
219.89236160968133 311.73091994645296
220.1064468012904 311.71704808621956
220.32424376985094 311.7054291904325
220.5456907654767 311.696057610303
220.77072603828134 311.6889276970419
220.99928783837854 311.6840338018603
221.23131441588203 311.6813702759695
221.46674402090534 311.6809314705803
221.70551490356226 311.68271173690385
221.94756531396644 311.68670542615115
222.19283350223154 311.6929068895332
222.44125771847123 311.70131047826123
222.69277621279926 311.71191054354614
222.94732723532923 311.7247014365991
223.2048490361748 311.739677508631
223.46527986544965 311.75683311085305
223.72855797326753 311.77616259447626
223.99462160974204 311.7976603107116
224.26340902498686 311.8213206107701
224.53485846911568 311.847137845863
224.80890819224217 311.87510636720117
225.0854964444801 311.9052205259958
225.364561475943 311.9374746734577
225.64604153674458 311.9718631607982
225.92987487699853 312.0083803392283
226.2159997468186 312.04702055995887
226.50435439631835 312.0877781742011
226.79487707561148 312.1306475331661
227.08750603481172 312.17562298806473
227.38217952403278 312.2226988901083
227.67883579338817 312.2718695905076
227.97741309299167 312.32312944047385
228.27784967295696 312.376472791218
228.5800837833977 312.4318939939512
228.88405367442763 312.48938739988444
229.18969759616027 312.5489473602287
229.4969537987094 312.61056822619514
229.80576053218869 312.6742443489948
230.1160560467118 312.7399700798387
230.4277785923924 312.80773976993794
230.74086641934426 312.87754777050355
231.0552577776809 312.9493884327465
231.37089091751608 313.0232561078779
231.68770408896341 313.0991451471088
232.0056355421367 313.1770499016504
232.3246235271495 313.25696472271346
232.6446062941155 313.3388839615092
232.96552209314842 313.4228019692486
233.2873091743619 313.50871309714285
233.60990578786968 313.59661169640293
233.93325018378533 313.68649211823976
234.2572806122226 313.77834871386455
234.5819353232951 313.87217583448836
234.90715285642912 313.9679676449208
235.2328798440256 314.06571309574343
235.55907190201142 314.1653953495363
235.88568511434465 314.26699726733085
236.21267556498353 314.3705017101587
236.53999933788623 314.47589153905153
236.867612517011 314.58314961504084
237.1954711863159 314.6922587991583
237.52353142975926 314.8032019524355
237.851749331299 314.9159619359041
238.18008097489354 315.0305216105956
238.508482444501 315.1468638375417
238.83690982407956 315.26497147777394
239.1653191975874 315.384827392324
239.49366664898267 315.50641444222333
239.82190826222362 315.6297154885036
240.1500001212684 315.75471339219655
240.47789831007518 315.88139101433364
240.80555891260212 316.0097312159465
241.13293801280741 316.13971685806666
241.45999169464926 316.271330801726
241.78667604208587 316.40455590795585
242.11294713907543 316.5393750377879
242.43876106957597 316.6757710522538
242.7640739175459 316.81372681238497
243.0888417669432 316.9532251792132
243.41302070172614 317.0942490137701
243.73656680585302 317.23678117708715
244.05943616328176 317.38080453019603
244.38158485797075 317.5263019341284
244.70296897387811 317.6732562499157
245.023544594962 317.82165033858973
245.34326780518066 317.97146706118184
245.66209468849215 318.1226892787239
245.97998132885485 318.2752998522473
246.29688381022675 318.4292816427839
246.6127582165661 318.584617511365
246.92756063183114 318.7412903190225
247.24124713997995 318.8992829267878
247.55377382497073 319.0585781956925
247.8650967707618 319.2191589867682
248.17517206131114 319.38100816104674
248.48395578057705 319.5441085795594
248.79140401251772 319.7084431033381
249.0974728410913 319.8739945934141
249.40211835025593 320.04074591081934
249.70529662396987 320.20867991658514
250.0069637461912 320.3777794717433
250.30707580087824 320.5480274373253
250.60558887198908 320.7194066743628
250.90245904348188 320.8919000438874
251.197642399315 321.0654904069307
251.49109502344635 321.2401606245243
251.78277299983435 321.41589355769986
252.07263241243692 321.59267206748893
252.36062934521252 321.77047901492307
252.64671988211919 321.94929726103396
252.93086010711508 322.1291096668532
253.21300610415852 322.30989909341224
253.4931139572075 322.4916484017429
253.77113975022039 322.6743404528767
254.04703956715522 322.85795810784526
254.32076949197025 323.0424842276801
254.59228560862365 323.2279016622101
254.86154400107364 323.41419055369846
255.12850075327825 323.6013248313575
255.3931119491958 323.7892775563951
255.65533367278448 323.97802179001906
255.91512200800238 324.167530593437
256.1724330388078 324.3577770278568
256.4272228491588 324.548734154486
256.6794475230136 324.7403750345326
256.9290631443305 324.9326727292043
257.17602579706755 325.1256002997088
257.42029156518294 325.3191308072538
257.6618165326348 325.5132373130472
257.9005567833815 325.7078928782968
258.1364684013811 325.9030705642101
258.36950747059166 326.09874343199505
258.5996300749716 326.2948845428592
258.82679229847895 326.4914669580108
259.050950225072 326.68846373865705
259.27205993870876 326.88584794600587
259.4900775233476 327.08359264126517
259.7049590629466 327.2816708856426
259.916660641464 327.4800557403459
260.1251383428579 327.6787202665829
260.33034825108655 327.8776375255612
260.5322464501081 328.0767805784888
260.73078902388073 328.2761224865733
260.9259320563626 328.47563631102236
261.1176316315119 328.67529511304394
261.30584383328693 328.87507195384563
261.49052474564576 329.0749398946353
261.67163045254654 329.2748719966207
261.84911703794756 329.4748413210095
262.0229405858069 329.6748209290095
262.1930571800827 329.8747838818285
262.3594229047333 330.0747032406742
262.5219938437168 330.2745520667544
262.6807260809914 330.47430342127683
262.83557570051534 330.6739303654492
262.98649878624656 330.87340596047943
263.13345142214354 331.0727032675751
263.27638969216434 331.2717953479439
263.4152696802671 331.4706552627939
263.55004747041005 331.6692560733326
263.68067914655137 331.8675708407677
263.8071207926492 332.0655726263072
263.92932849266174 332.2632344911588
264.04725833054715 332.46052949653017
264.1608663902638 332.6574307036289
264.27010875576957 332.8539111736631
264.3749415110228 333.04994396784036
264.4753207399817 333.24550214736837
264.57120252660445 333.440558773455
264.6625429548492 333.63508690730794
264.74929810867405 333.829059610135
264.8314240720373 334.02244994314384
264.9088769288971 334.21523096754237
264.9816127632116 334.4073757445381
265.049587658939 334.59885733533906
265.112759278096 334.7896492615361
265.171121791974 334.9797356959454
265.2247060003853 335.1691114973977
265.27354430505017 335.3577719920646
265.31766910768886 335.54571250611764
265.3571128100216 335.7329283657286
265.3919078137686 335.91941489706886
265.4220865206503 336.10516742631023
265.44768133238665 336.2901812796243
265.468724650698 336.47445178318264
265.4852488773047 336.6579742631568
265.4972864139268 336.84074404571845
265.5048696622847 337.02275645703946
265.50803102409856 337.204006823291
265.50680290108863 337.38449047064495
265.50121769497525 337.5642027252729
265.4913078074784 337.7431389133464
265.47710564031865 337.9212943610372
265.458643595216 338.0986643945168
265.43595407389085 338.2752443399568
265.40906947806326 338.4510295235289
265.37802220945366 338.6260152714047
265.3428446697822 338.80019690975587
265.30356926076905 338.97356976475385
265.2602283841346 339.1461291625704
265.212854441599 339.3178704293771
265.1614798348825 339.48878889134556
265.10613696570545 339.6588798746474
265.0468582357878 339.82813870545425
264.9836760468501 339.99656070993774
264.9166228006125 340.1641412142694
264.8457308987952 340.330875544621
264.7710327431184 340.496759027164
264.6925607353024 340.66178698807016
264.61034727706743 340.825954753511
264.52442477013375 340.98925764965816
264.4348256162216 341.15169100268315
264.34158221705115 341.31325013875784
264.2447269743427 341.47393038405363
264.1442922898166 341.6337270647423
264.04031056519284 341.79263550699534
263.9328142021918 341.9506510369842
263.82183560253384 342.10776898088096
263.7074071679389 342.26398466485693
263.58956130012757 342.4192934150837
263.46833040081987 342.573690557733
263.34374687173613 342.7271714189764
263.21584311459645 342.8797313249855
263.0846515311212 343.03136560193195
262.95020452303066 343.1820695759873
262.81253449204485 343.33183857332335
262.6716738398844 343.4806679201116
262.52765496826913 343.6285529425235
262.3805102789195 343.775488966731
262.2302721735557 343.92147131890545
262.07697305389803 344.06649532521857
261.9206453216666 344.2105563118419
261.76132137858184 344.3536496049473
261.59903362636385 344.49577053070607
261.43381446673294 344.63691441529
261.26569630140926 344.7770765848707
261.09471153211314 344.91625236561975
260.92089256056477 345.0544370837088
260.74427178848447 345.19162606530944
260.56488161759233 345.32781463659325
260.3827544496088 345.46299812373195
260.19792268625383 345.597171852897
260.01041872924793 345.73033115026016
259.8202749803113 345.8624713419931
259.6275238411641 345.99358775426725
259.4321977135265 346.1236757132543
259.2343289991189 346.25273054512587
259.0339500996614 346.38074757605364
258.83109341687447 346.5077221322092
258.6257913524781 346.633649539764
258.4180763081926 346.75852512488996
258.20798068573833 346.8823442137584
257.99553688683534 347.0051021325413
257.78077731320394 347.12679420740983
257.5637343665645 347.24741576453596
257.34444044863716 347.366962130091
257.1229279611421 347.4854286302469
256.8992293057997 347.60281059117506
256.6733768843301 347.7191033390471
256.4454030984535 347.8343022000348
256.2153403498902 347.9484025003096
255.98322104036052 348.06139956604324
255.74907757158456 348.1732887234073
255.51294234528265 348.28406529857335
255.27484776317505 348.393724617713
255.0348262269819 348.5022620069979
254.79291013842348 348.6096727925997
254.54913189922 348.71595230069
254.30352391109187 348.8210958574404
254.05611857575914 348.92509878902246
253.80694829494215 349.02795642160794
253.5560454703611 349.1296640813684
253.3034425037362 349.2302170944753
253.0491717967878 349.3296107871005
252.7932657512361 349.4278404854155
252.53575676880118 349.5249015155919
252.2766772512035 349.6207892038014
252.01605960016312 349.71549887621546
251.75393621740042 349.8090258590058
251.49033950463564 349.90136547834413
251.22530186358898 349.99251306040185
250.95885569598067 350.0824639313508
250.6910334035309 350.17121341736237
250.42186738795996 350.2587568446084
250.15139005098817 350.34508953926036
249.8796337943357 350.43020682748994
249.60663101972264 350.51410403546873
249.33241412886952 350.5967764893683
249.05701552349635 350.6782195153604
248.78046760532362 350.7584284396165
248.50280277607126 350.8373985883083
248.22405343745965 350.9151252876074
247.9442519912091 350.9916038636854
247.66343083903976 351.06682964271397
247.3816223826719 351.14079795086457
247.0988590238258 351.213504114309
246.8151731642217 351.2849434592188
246.53059720557974 351.35511131176565
246.2451635496203 351.4240029981211
245.95890459806347 351.4916138444569
245.67185275262952 351.5579391769442
245.38404041503878 351.62297432175524
245.09549998701146 351.6867146050613
244.80626357895684 351.74915535303404
244.51636039675495 351.8102918918451
244.2258179784555 351.87011954766604
243.93466384225698 351.92863364666863
243.6429255063581 351.9858295150243
243.35063048895765 352.0417024789049
243.05780630825421 352.09624786448177
242.76448048244654 352.14946099792667
242.4706805297334 352.2013372054112
242.1764339683134 352.2518718131071
241.88176831638515 352.30106014718575
241.58671109214757 352.3488975338189
241.29128981379915 352.39537929917816
240.9955319995387 352.4405007694351
240.69946516756485 352.4842572707615
240.40311683607632 352.52664412932864
240.10651452327184 352.5676566713085
239.8096857473501 352.60729022287256
239.51265802650983 352.64554011019237
239.21545887894953 352.6824016594397
238.9181158228681 352.71787019678595
238.62065637646424 352.75194104840295
238.3231080579364 352.7846095404621
238.02549838548362 352.8158709991352
237.7278548773044 352.8457207505938
237.43020505159743 352.8741541210095
237.13257642656137 352.90116643655404
236.8349965203951 352.92675302339876
236.53749285129712 352.9509092077156
236.24009293746624 352.973630315676
235.9428242971011 352.99491167345167
235.64571444840047 353.0147486072141
235.3487909095629 353.033136443135
235.05208119878725 353.05007050738584
234.75561283427214 353.06554612613843
234.4594133342163 353.07955862556435
234.1635102168183 353.0921033318351
233.86793100027697 353.1031755711225
233.57270320279093 353.11277066959786
233.27785434255898 353.12088395343324
232.98341193777966 353.12751074879975
232.68940350665184 353.1326463818694
232.395856567374 353.13628617881363
232.10279863814515 353.1384254658041
231.81025723716363 353.1390595690123
231.51825988262837 353.13818381461004
231.22683409273802 353.13579352876894
230.9360073856912 353.1318840376604
230.64580727968672 353.1264506674563
230.3562612929231 353.1194887443281
230.06739694359928 353.1109935944474
229.77924174991378 353.1009605439858
229.49182323006536 353.0893849191151
229.20516890225264 353.0762620460068
228.9193062846744 353.0615872508324
228.63426289552928 353.0453558597638
228.35006625301605 353.02756319897225
228.06674387533337 353.0082045946297
227.78432328067984 352.9872753729076
227.50283198725435 352.96477085997765
227.2222975132554 352.9406863820113
226.94274737688178 352.9150172651803
226.66420909633217 352.88775883565637
226.38671018980537 352.8589064196109
226.1102781754999 352.82845534321564
225.83494057161448 352.79640093264226
225.56072489634795 352.76273851406216
225.2876586678988 352.7274634136472
225.01576940446597 352.69057095756887
224.74508462424794 352.65205647199883
224.4756318454435 352.6119152831086
224.2074385862514 352.57014271706987
223.94053236487022 352.52673410005434
223.67494069949873 352.4816847582335
223.41069110833556 352.4349900177791
223.14781110957944 352.38664520486253
222.88632822142907 352.3366456456556
222.6262699620832 352.28498666633
222.36766384974047 352.2316635930571
222.11053740259956 352.1766717520086
221.85491813885915 352.1200064693562
221.600833576718 352.0616630712715
221.34831123437485 352.00163688392604
221.09737863002815 351.9399232334915
220.84806328187693 351.87651744613953
220.6003927081196 351.8114148480417
220.3543944269551 351.7446107653696
220.11009595658192 351.67610052429484
219.86752481519883 351.6058794509891
219.62670852100464 351.53394287162405
219.38767459219775 351.46028611237114
219.15045054697723 351.384904499402
218.91506390354147 351.30779335888843
218.6815421800893 351.2289480170019
218.44991289481948 351.1483637999141
218.2202035659306 351.0660360337966
217.99244171162132 350.981960044821
217.76665485009045 350.8961311591589
217.54287049953663 350.80854470298203
217.32111617815852 350.7191960024619
217.10141940415494 350.6280803837702
216.8838076957244 350.5351931730785
216.66830857106578 350.44052969655843
216.45494954837758 350.34408528038153
216.24375814585872 350.2458552507196
216.03476188170777 350.1458349337442
215.82798827412338 350.0440196556267
215.62346484130435 349.9404047425391
215.42121910144925 349.83498552065276
215.22127857275697 349.7277573161393
215.023670773426 349.6187154551705
214.82842322165516 349.50785526391786
214.63556343564312 349.395172068553
214.44511893358853 349.28066119524766
214.25711723369014 349.1643179701733
214.07158585414663 349.0461377195014
213.88855231315665 348.9261157694039
213.70804412891903 348.80424744605233
213.5300888196323 348.6805280756182
213.35471390349525 348.5549529842732
213.18194689870657 348.427517498189
213.01181532346496 348.29821694353717
212.84434383230226 348.1670487587227
212.67953205103134 348.03402884327215
212.5173666740283 347.8991826349075
212.35783428746907 347.76253565115934
212.20092147752936 347.6241134095576
212.04661483038493 347.48394142763306
211.89490093221158 347.342045222916
211.74576636918496 347.1984503129367
211.599197727481 347.05318221522566
211.45518159327523 346.90626644731316
211.31370455274362 346.75772852672986
211.17475319206176 346.6075939710058
211.0383140974055 346.4558882976718
210.90437385495056 346.30263702425793
210.77291905087276 346.1478656682946
210.6439362713478 345.9915997473124
210.5174121025514 345.83386477884153
210.39333313065939 345.6746862804126
210.27168594184747 345.51408976955577
210.15245712229142 345.3521007638015
210.03563325816697 345.1887447806802
209.92120093564992 345.02404733772244
209.80914674091602 344.85803395245836
209.69945726014097 344.6907301424185
209.5921190795006 344.5221614251333
209.48711878517065 344.352353318133
209.38444296332682 344.18133133894804
209.2840782001449 344.00912100510885
209.18601108180064 343.8357478341459
209.09022819446983 343.6612373435894
208.99671612432823 343.48561505096995
208.9054614575515 343.3089064738178
208.8164507803155 343.13113712966344
208.72967067879594 342.95233253603726
208.64510773916857 342.77251821046957
208.56274854760917 342.5917196704908
208.4825796902935 342.4099624336314
208.4045877533973 342.22727201742174
208.32875932309628 342.0436739393922
208.25508098556628 341.85919371707314
208.18353932698298 341.67385686799497
208.1141209335222 341.48768890968813
208.04681239135965 341.3007153596832
207.9816002866711 341.1129617355101
207.9184712056324 340.92445355469965
207.8574117344191 340.735216334782
207.79840845920708 340.5452755932878
207.74144796617213 340.35465684774715
207.68651684148992 340.16338561569063
207.6336016713363 339.97148741464866
207.58268904188694 339.7789877621515
207.53376553931764 339.58591217572956
207.48681774980412 339.39228617291343
207.44183225952222 339.19813527123324
207.39879565464767 339.0034849882195
207.3576945213561 338.8083608414027
207.31851544582338 338.61278834831325
207.28124501422522 338.4167930264813
207.24586981273742 338.2204003934374
207.21237642753576 338.02363596671194
207.18075144479587 337.82652526383544
207.15098145069365 337.6290938023381
207.12305303140477 337.43136709975033
207.09695277310502 337.2333706736027
207.0726672619701 337.0351300414254
207.05018308417587 336.836670720749
207.02948682589798 336.63801822910364
207.01056507331225 336.4391980840201
206.9934044125944 336.2402358030285
206.9779914299202 336.0411569036594
206.96431271146542 335.84198690344294
206.95235484340577 335.64275131990973
206.94210441191711 335.4434756705902
206.9335480031751 335.24418547301445
206.92667220335548 335.0449062447132
206.92146359863406 334.84566350321677
206.91790877518662 334.6464827660555
206.91599431918888 334.4473895507598
206.9157068168166 334.24840937486005
206.91703285424546 334.0495677558867
206.91995901765134 333.8508902113701
206.9244718932099 333.6524022588407
206.930558067097 333.45412941582873
206.93820412548826 333.2560971998649
206.94739665455953 333.0583311284792
206.95812224048652 332.8608567192024
206.97036746944508 332.66369948956464
206.98411892761084 332.4668849570964
206.99936320115964 332.2704386393281
207.0160868762672 332.0743860537902
207.03427653910921 331.878752718013
207.0539187758616 331.68356414952683
207.07500017269996 331.48884586586234
207.09750731580013 331.2946233845497
207.12142679133785 331.1009222231193
207.14674518548887 330.90776789910166
207.17344908442888 330.71518593002713
207.20152507433383 330.523201833426
207.23095974137928 330.3318411268288
207.26173967174103 330.14112932776595
207.2938514515949 329.9510919537677
207.32728166711655 329.76175452236464
207.36201690448183 329.5731425510869
207.39804374986645 329.3852815574652
207.43534878944618 329.1981970590296
207.47391860939678 329.01191457331083
207.51373979589394 328.8264596178391
207.55479893511352 328.6418577101447
207.5970826132312 328.4581343677582
207.64057741642273 328.2753151082099
207.68526993086397 328.0934254490304
207.73114674273054 327.9124909077498
207.77819443819828 327.7325370018986
207.82639960344292 327.55358924900736
207.87574882464017 327.37567316660625
207.92622868796593 327.1988142722259
207.97782577959583 327.02303808339644
208.03052668570564 326.84837011764847
208.0843179924711 326.67483589251225
208.13918628606805 326.5024609255183
208.1951181526722 326.33127073419695
208.25210017845924 326.1612908360786
208.31011894960503 325.9925467486936
208.36916105228525 325.82506398957236
208.42921307267568 325.65886807624537
208.49026159695208 325.49398452624297
208.55229321129025 325.33043885709554
208.61529450186586 325.1682565863335
208.67925205485477 325.0074632233966
208.7441524564326 324.84807871506825
208.80998229277523 324.69010775067767
208.87672815005834 324.5335524268784
208.9443766144577 324.37841484032356
209.0129142721491 324.224697087667
209.08232770930823 324.0724012655618
209.15260351211097 323.9215294706615
209.22372826673293 323.77208379961945
209.29568855934994 323.6240663490892
209.36847097613776 323.4774792157242
209.44206210327212 323.33232449617776
209.51644852692877 323.1886042871033
209.59161683328352 323.04632068515434
209.667553608512 322.9054757869842
209.7442454387902 322.7660716892464
209.82167891029363 322.62811048859425
209.89984060919818 322.4915942816814
209.97871712167952 322.3565251651609
210.0582950339135 322.22290523568654
210.13856093207582 322.0907365899115
210.21950140234225 321.96002132448933
210.30110303088856 321.8307615360735
210.38335240389048 321.7029593213173
210.4662361075238 321.5766167768742
210.54974072796418 321.45173599939756
210.63385285138753 321.328319085541
210.7185590639695 321.2063681319578
210.8038459518858 321.0858852353013
210.8897001013123 320.96687249222515
210.97610809842476 320.8493319993826
211.0630565293988 320.7332658534271
211.15053198041028 320.6186761510122
211.23852103763494 320.50556498879115
211.32701028724856 320.39393446341757
211.41598631542686 320.28378667154465
211.50543570834563 320.17512370982587
211.5953450521805 320.0679476749148
211.68570093310746 319.96226066346486
211.77648993730202 319.8580647721293
211.86769865094013 319.75536209756166
211.9593136601974 319.6541547364153
212.05132155124969 319.5544447853437
212.1437089102727 319.45623434100025
212.2364623234421 319.35952550003856
212.32956837693388 319.26432035911165
212.42301365692364 319.1706210148733
212.5167847495871 319.0784295639768
212.6108682411001 318.9877481030756
212.70525071763836 318.8985787288231
212.7999187653777 318.8109235378728
212.89485897049374 318.724784626878
212.99005791916235 318.6401640924921
213.08550219755918 318.5570640313688
213.18117839186016 318.4754865401611
213.27707308824094 318.3954337155228
213.37317287287723 318.3169076541072
213.46946433194483 318.2399104525677
213.5659340516195 318.1644442075577
213.66256861807705 318.09051101573067
213.75935461749313 318.01811297374
213.85627863604356 317.9472521782391
213.95332725990406 317.8779307258816
214.0504870752504 317.8101507133206
214.1477446682584 317.7439142372097
214.24508662510374 317.6792233942023
214.34249953196218 317.61608028095185
214.43996997500943 317.55448699411164
214.53748454042142 317.49444563033535
214.63502981437372 317.43595828627616
214.73259238304217 317.37902705858767
214.83015883260254 317.32365404392317
214.92771574923052 317.26984133893615
215.02524971910188 317.21759104027996
215.12274732839248 317.1669052446082
215.22019516327794 317.1177860485741
215.3175798099341 317.07023554883125
215.41488785453666 317.0242558420329
215.51210588326143 316.9798490248326
215.60922048228406 316.9370171938837
215.70621823778052 316.89576244583975
215.80308573592635 316.856086877354
215.8998095628974 316.81799258508005
215.99637630486936 316.7814816656712
216.0927725480181 316.7465562157808
216.18898487851934 316.7132183320625
216.28499988254873 316.68147011116963
216.38080414628212 316.65131364975554
216.47638425589528 316.62275104447366
216.57172679756394 316.59578439197753
216.6668183574638 316.5704157889205
216.76164552177073 316.5466473319559
216.85619487666037 316.52448111773737
216.95045300830859 316.5039192429182
217.044406502891 316.48496380415173
217.13804194658354 316.4676168980916
217.23134592556178 316.45188062139107
217.3243050260016 316.43775707070364
217.4169058340787 316.42524834268266
217.50913493596886 316.4143565339816
217.60097891784787 316.405083741254
217.69242436589136 316.397432061153
217.78345786627523 316.39140359033223
217.87406600517517 316.38700042544514
217.96423536876688 316.3842246631451
218.05395254322625 316.3830784000855
218.14320411472895 316.38356373291975
218.23197666945075 316.3856827583013
218.32025679356732 316.3894375728837
218.40803107325462 316.39483027332017
218.49528609468823 316.40186295626427
218.58200844404394 316.41053771836937
218.66818470749757 316.42085665628883
218.75380147122482 316.43282186667625
218.83884532140144 316.4464354461849
218.92330284420322 316.46169949146827
219.0071606258059 316.47861609917976
219.09040525238524 316.4971873659728
219.173023310117 316.51741538850086
219.25500138517694 316.53930226341737
219.3363260637407 316.56285008737564
219.41698393198425 316.58806095702914
219.49696158342297 316.6149369706336
219.57624811602753 316.6434807731546
219.65483877428815 316.6736963513124
219.73272972847434 316.70558789392027
219.80991714885548 316.73915958979137
219.8863972057008 316.77441562773873
219.96216606927985 316.81136019657566
220.03721990986188 316.84999748511524
220.11155489771642 316.89033168217077
220.18516720311263 316.9323669765552
220.25805299632015 316.97610755708183
220.33020844760816 317.0215576125639
220.40162972724613 317.0687213318146
220.47231300550345 317.11760290364697
220.54225445264942 317.1682065168742
220.61145023895358 317.2205363603095
220.67989653468513 317.274596622766
220.74758951011356 317.330391493057
220.81452533550822 317.3879251599955
220.88070018113848 317.44720181239484
220.9461102172737 317.508225639068
221.01075161418336 317.5710008288283
221.07462054213673 317.635531570489
221.1377131714033 317.70182205286295
221.20002567225228 317.7698764647637
221.2615542149532 317.839698995004
221.3222949697755 317.9112938323975
221.38224410698834 317.98466516575695
221.44139779686128 318.05981718389586
221.49975220966368 318.1367540756271
221.55730351566476 318.2154800297641
221.6140478851341 318.29599923511984
221.66998148834102 318.3783158805076
221.7251004955548 318.4624341547405
221.77940107704498 318.5483582466317
221.83287940308088 318.6360923449945
221.8855316439319 318.72564063864195
221.93735396986733 318.8170073163872
221.98834255115662 318.91019656704356
222.03849355806912 319.0052125794241
222.08780316087424 319.10205954234186
222.1362675298414 319.20074164461033
222.18388283523996 319.3012630750424
222.2306452473392 319.40362802245147
222.2765509364086 319.50784067565047
222.32159607271754 319.61390522345283
222.36577682653538 319.7218258546715
222.4090893681315 319.8316067581198
222.45152986777526 319.9432521226108
222.49309449573605 320.0567661369577
222.53377942228326 320.1721529899737
222.5735808176863 320.28941687047194
222.61249485221452 320.4085619672656
222.65051769613737 320.52959246916794
222.68764551972407 320.65251256499204
222.72387449324407 320.7773264435511
222.75920078696691 320.9040382936582
222.79362057116182 321.03265230412666
222.8271300160981 321.16317266376956
222.8597252920453 321.29560356140007
222.8914025692727 321.42994918583145
222.9221580180498 321.5662137258767
222.9519878086458 321.70440137034916
222.98088811133022 321.844516308062
223.0088549817483 321.9865627278283
223.0358815740563 322.13054481846126
223.06195798550232 322.27646676877407
223.08707416760018 322.4243327675799
223.11122007186344 322.57414700369185
223.13438564980584 322.72591366592326
223.15656085294094 322.87963694308706
223.17773563278266 323.03532102399663
223.1978999408444 323.1929700974651
223.21704372864 323.3525883523056
223.23515694768307 323.5141799773313
223.25222954948734 323.6777491613554
223.26825148556645 323.84330009319103
223.28321270743407 324.0108369616515
223.29710316660396 324.18036395554975
223.30991281458967 324.3518852636991
223.32163160290497 324.5254050749127
223.33224948306352 324.7009275780038
223.34175640657892 324.87845696178545
223.35014232496502 325.0579974150709
223.35739718973534 325.2395531266731
223.36351095240357 325.4231282854056
223.36847356448345 325.6087270800814
223.37227497748864 325.7963536995135
223.37490514293282 325.9860123325153
223.37635401232959 326.17770716789994
223.3766115371928 326.3714423944805
223.3756676690359 326.56722220107014
223.37351235937277 326.76505077648216
223.37013555971703 326.9649323095296
223.36552722158228 327.1668709890258
223.35967729648223 327.3708710037838
223.35257573593057 327.5769365426168
223.34421249144108 327.78507179433797
223.33457751452733 327.9952809477604
223.3236607567029 328.2075681916975
223.31145216948173 328.4219377149622
223.2979417043772 328.6383937063678
223.28311931290318 328.8569403547273
223.26697494657333 329.0775818488542
223.24949855690124 329.3003223775613
223.23068009540071 329.5251661296621
223.21050951358532 329.75211729396955
223.1889767629688 329.9811800592969
223.16607179506477 330.21235861445734
223.14178456138697 330.445657148264
223.11610501344907 330.68107984953
223.08902310276468 330.91863090706863
223.06052878084756 331.158314509693
223.03061199921135 331.4001348462164
222.99926270936967 331.64409610545175
222.96647086283627 331.89020247621244
222.93222641112487 332.1384581473116
222.89651930574908 332.3888673075623
222.85933949822257 332.6414341457779
222.82067694005903 332.89616285077136
222.78052158277217 333.15305761135596
222.73886337787565 333.41212261634485
222.69569227688305 333.6733620545512
222.65099823130822 333.9367801147883
222.60477119266474 334.2023809858691
222.55700111246634 334.4701688566069
222.5076779422266 334.74014791581493
222.45679163345926 335.0123223523062
222.40433183341477 335.2866962713333
222.35028589496707 335.56327314803605
222.29464012449216 335.8420561701515
222.23738082302825 336.12304852395056
222.1784942916133 336.40625339570386
222.11796683128543 336.6916739716826
222.0557847430828 336.9793134381576
221.99193432804344 337.2691749813997
221.9264018872054 337.5612617876799
221.85917372160685 337.855577043269
221.7902361322858 338.15212393443807
221.7195754202804 338.4509056474578
221.64717788662875 338.75192536859913
221.57302983236883 339.05518628413284
221.49711755853886 339.3606915803302
221.41942736617685 339.6684444434618
221.33994555632094 339.9784480597988
221.25865843000918 340.29070561561167
221.17555228827962 340.6052202971718
221.09061343217036 340.92199529074975
221.00382816271957 341.2410337826164
220.91518278096527 341.562338959043
220.8246635879456 341.8859140063001
220.73225688469856 342.21176211065875
220.63794897226228 342.53988645838984
220.5417261516749 342.8702902357643
220.44357472397442 343.2029766290529
220.34348099019897 343.5379488245266
220.24143125138664 343.8752100084564
220.1374118085756 344.21476336711305
220.03140896280377 344.5566120867675
219.92340901510937 344.9007593536907
219.81339826653038 345.24720835415354
219.70136301810498 345.5959622744268
219.5872895708712 345.94702430078166
219.47116422586717 346.30039761948865
219.35297328413097 346.65608541681894
219.23270304670066 347.01409087904335
219.11033981461438 347.3744171924326
218.98586988891014 347.737067543258
218.85927957062611 348.10204511779006
218.73055516080035 348.46935310229986
218.5996829604709 348.8389946830583
218.46664927067587 349.21097304633616
218.33144039245335 349.58529137840446
218.19404262684148 349.9619528655341
218.0544422748783 350.34096069399584
217.9126256376019 350.72231805006066
217.76857901605044 351.1060281199996
217.62228871126186 351.4920940900834
217.47374102427432 351.88051914658297
217.32292225612593 352.2713064757692
217.16981870785477 352.6644592639131
217.01441668049893 353.0599806972855
216.8567024750965 353.4578739621572
216.69666239268554 353.8581422447992
216.53428273430416 354.2607887314824
216.36954980099043 354.6658166084777
216.20244989378247 355.073229062056
216.03296931371833 355.48302927848823
215.86109436183617 355.89522044404515
215.68681133917391 356.30980574499785
215.51010654676983 356.72678836761696
215.33096628568924 357.14617149817366
215.14937688675877 357.5679583229387
214.96532476731926 357.99215202818306
214.7787963603444 358.4187558001777
214.5897780988078 358.8477728251932
214.39825641568316 359.2792062895008
214.2042177439441 359.71305937937126
214.0076485165643 360.1493352810754
213.80853516651737 360.5880371808843
213.60686412677688 361.02916826506885
213.40262183031658 361.47273171989974
213.1957947101101 361.918730731648
212.98636919913113 362.36716848658455
212.7743317303532 362.8180481709803
212.55966873675 363.2713729711061
212.34236665129527 363.72714607323275
212.12241190696255 364.1853706636314
211.89979093672554 364.6460499285728
211.6744901735578 365.10918705432783
211.44649605043304 365.5747852271674
211.21579500032496 366.04284763336244
210.9823734562071 366.51337745918386
210.74621785105322 366.98637789090253
210.50731461783687 367.4618521147894
210.26565018953173 367.9398033171151
210.0212109991115 368.42023468415096
209.7739834795497 368.9031494021676
209.52395406382007 369.38855065743604
209.27110918489623 369.8764416362271
209.01543527575186 370.36682552481176
208.75691876936045 370.85970550946075
208.49554609869594 371.3550847764452
208.2313036967318 371.8529665120358
207.96417799644163 372.3533539025036
207.69415543079913 372.8562501341194
207.4212224327779 373.3616583931542
207.14536543535172 373.86958186587873
206.8665708714941 374.38002373856415
206.58482517417877 374.8929871974811
206.3001147763793 375.4084754289007
206.01242611106946 375.92649161909355
205.72174561122273 376.4470389543308
205.4280597098129 376.97012062088334
205.13135483981353 377.4957398050221
204.83161743419828 378.0238996930177
204.52883392594083 378.5546034711413
204.22299074801475 379.0878543256638
203.9140743333938 379.62365544285586
203.60207111505164 380.1620100089886
203.28696752596173 380.70292121033293
202.9687499990979 381.2463922331597
202.64740496743363 381.79242626373974
202.32291886394276 382.341026488344
201.99527812159874 382.89219609324346
201.66446917337538 383.4459382647089
201.3304784522463 384.0022561890113
200.99329239118512 384.56115305242133
200.6528974231654 385.1226320412102
200.3092799811609 385.68669634164866
199.96242649814516 386.2533491400077
