247.01512735654222 145.0452565513371
247.03682166568487 145.07401661313062
247.04919805581895 145.09016475410098
247.05333812227292 145.09501216575782
247.0503234603749 145.08987003961084
247.04123566545348 145.07604956716978
247.02715633283674 145.0548619399443
247.00916705785306 145.02761834944408
246.98834943583086 144.99562998717883
246.96578506209832 144.96020804465823
246.9425555319838 144.92266371339198
246.91974244081558 144.88430818488968
246.89842738392207 144.84645265066115
246.8796919566315 144.81040830221602
246.86461775427222 144.777486331064
246.8542863721725 144.74899792871477
246.84977940566074 144.726254286678
246.85217845006522 144.71056659646342
246.86256510071428 144.70324604958068
246.88202095293613 144.70560383753948
246.91162760205918 144.71895115184955
246.9524666434117 144.74459918402053
247.00561967232204 144.78385912556212
247.0721682841185 144.838042167984
247.15319407412943 144.90845950279592
247.24977863768308 144.9964223215075
247.36300357010774 145.10324181562842
247.4939504667319 145.2302291766685
247.64370092288368 145.37869559613728
247.8133365338915 145.5499522655445
248.00393889508365 145.74531037639989
248.21658960178843 145.9660811202131
248.45232309317373 146.21354404039116
248.7106122419882 146.4879306600216
248.9890458780222 146.78820805690245
249.28510046622893 147.11326789696875
249.59625247156166 147.46200184615589
249.91997835897368 147.833301570399
250.2537545934183 148.22605873563336
250.5950576398487 148.6391650077942
250.94136396321832 149.07151205281664
251.29015002848024 149.52199153663605
251.6388923005879 149.98949512518763
251.9850672444945 150.47291448440652
252.32615132515332 150.971141280228
252.65962100751767 151.48306717858736
252.9829527565407 152.0075838454197
253.29362303717585 152.5435829466604
253.58910831437635 153.08995614824454
253.86688505309542 153.64559511610744
254.1244297182864 154.20939151618433
254.35921877490253 154.7802370144104
254.56872868789713 155.3570232767209
254.75043592222337 155.93864196905102
254.90181694283467 156.52398475733602
255.0203482146842 157.11194330751115
255.1035062027253 157.7014092855116
255.1487673719112 158.29127435727264
255.15360818719518 158.8804301887294
255.1155051135305 159.46776844581726
255.03193461587057 160.05218079447135
254.90037315916848 160.63255890062683
254.71829720837758 161.20779443021914
254.48318322845122 161.77677904918326
254.19313625445918 162.33874313380034
253.84903687778257 162.89441269244128
253.4525315458343 163.44492642150462
253.00526673085412 163.9914230307668
252.5088889050822 164.53504123000428
251.96504454075827 165.07691972899372
251.37538011012242 165.61819723751145
250.7415420854145 166.16001246533418
250.06517693887446 166.70350412223826
249.34793114274217 167.24981091800035
248.59145116925765 167.8000715623968
247.79738349066082 168.35542476520428
246.96737457919153 168.9170092361993
246.10307090708983 169.48596368515834
245.20611894659552 170.06342682185792
244.27816516994864 170.6505373560745
243.32085604938914 171.2484339975847
242.33583805715674 171.85825545616507
241.32475766549163 172.48114044159195
240.28926134663354 173.11822766364207
239.23099557282254 173.77065583209176
238.15160681629848 174.43956365671772
237.05274154930132 175.12608984729624
235.93604624407095 175.83137311360412
234.80316737284744 176.55655216541766
233.65575140787058 177.3027657125134
232.49544482138026 178.07115246466802
231.32389408561656 178.86285113165786
230.14274567281927 179.6790004232596
228.9536460552285 180.52073904924956
227.75824170508392 181.3892057194045
226.55823466501312 182.28541797193543
225.3561056706595 183.20869540022895
224.15490898842833 184.15710701038262
222.95771221599887 185.12869273956971
221.76758295105057 186.12149252496354
220.5875887912631 187.13354630373706
219.42079733431572 188.1628940130636
218.27027617788812 189.2075755901162
217.13909291965967 190.2656309720681
216.03031515730976 191.3351000960926
214.94701048851806 192.4140228993626
213.89224651096393 193.50043931905168
212.86909082232688 194.5923892923326
211.88061102028635 195.6879127563788
210.92987470252186 196.7850496483633
210.01994946671283 197.88183990545934
209.15390291053885 198.97632346484014
208.3348026316794 200.06654026367875
207.5657162278137 201.1505302391485
206.84971129662162 202.2263333284224
206.18985543578228 203.29198946867388
205.58921624297543 204.3455385970758
205.05086131588038 205.3850206508015
204.57785825217667 206.40847556702428
204.17327464954386 207.41394328291705
203.8401781056612 208.3994637356532
203.5816362182084 209.36307686240576
203.40071658486482 210.30282260034804
203.30048680331004 211.21674088665304
203.28401447122337 212.10287165849414
203.35436718628443 212.95925485304429
203.51461254617263 213.78393040747684
203.766501894158 214.57507391871687
204.10275627924437 215.33179169090715
204.51230708070787 216.05358061047605
204.98407267918824 216.7399389035557
205.50697145532538 217.39036479627865
206.06992178975915 218.00435651477733
206.66184206312926 218.58141228518414
207.2716506560755 219.12103033363144
207.8882659492378 219.6227088862516
208.50060632325602 220.08594616917722
209.09759015876978 220.51024040854054
209.66813583641905 220.8950898304741
210.20116173684357 221.2399926611102
210.68558624068316 221.5444471265813
211.11032772857777 221.80795145301994
211.46438446223019 222.0300038665583
211.7422732518036 222.21010259332897
211.9475102775689 222.3477458594643
212.08444039126536 222.44243189109667
212.15740844463235 222.49365891435858
212.17075928940903 222.50092515538242
212.12883777733472 222.46372884030052
212.0359887601487 222.38156819524542
211.8965570895902 222.25394144634947
211.71488761739857 222.0803468197451
211.49532519531294 221.86028254156471
211.24221467507272 221.59324683794068
210.95990090841718 221.27873793500552
210.65272874708543 220.91625405889158
210.325043042817 220.50529343573126
209.98118864735096 220.04535429165696
209.62535857115077 219.53631494207366
209.26014835940904 218.98205247945796
208.88719734802794 218.3888375805839
208.50813196884846 217.76297322368663
208.12457865371184 217.11076238700159
207.73816383445916 216.4385080487641
207.3505139429315 215.75251318720936
206.96325541097013 215.05908078057283
206.5780146704161 214.3645138070898
206.19641815311056 213.67511524499557
205.82009229089465 212.99718807252555
205.4506635156094 212.33703526791496
205.08975825909607 211.70095980939917
204.73900295319584 211.09526467521357
204.40002402974972 210.52625284359337
204.0744479205988 210.00022729277396
203.76390105758438 209.52228367790863
203.47000987254745 209.08997719794868
203.1944007973293 208.6979574764704
202.93870026377093 208.34086800116566
202.70453470371345 208.01335225972628
202.4935305489981 207.71005373984426
202.3073142314659 207.42561592921132
202.1475121829581 207.15468231551944
202.01575083531583 206.89189638646047
201.91365662038012 206.63190162972631
201.84285596999214 206.36934153300876
201.80497531599303 206.09885958399983
201.801641090224 205.81509927039136
201.83447972452615 205.51270407987514
201.9051176507405 205.18631750014316
202.01516468891074 204.83063547009044
202.16530841174517 204.44326589419268
202.35484815477173 204.02619999008843
202.58296852920955 203.5817912136429
202.84885414627766 203.11239302072156
203.15168961719493 202.62035886718957
203.49065955318054 202.1080422089122
203.86494856545343 201.57779650175488
204.27374126523281 201.03197520158267
204.71622226373742 200.472931764261
205.1915761721865 199.90301964565515
205.698987601799 199.32459230163042
206.23764116379397 198.74000318805193
206.80672146939042 198.15160576078515
207.4054131298074 197.56175347569518
208.03290075626387 196.9727997886475
208.6883689599789 196.3870981555073
209.37100235217164 195.80700203213976
210.07998554406086 195.2348648744104
210.81450314686586 194.6730401381842
211.5737397718054 194.1238812793267
212.35688003009872 193.58974175370304
213.16310853296474 193.0729750171786
213.99160989162255 192.57593452561852
214.84156871729107 192.1009737348882
215.7121696211894 191.65044610085297
216.60259721453664 191.22670507937792
217.51203610855165 190.83210412632846
218.4396709144537 190.46899669756985
219.38468624346146 190.13973624896735
220.34626670679427 189.84667623638632
221.3235967981934 189.59216944640812
222.31572381417055 189.37778703711237
223.3212930582918 189.20280996622722
224.33887659135394 189.06610191894325
225.3670464741538 188.9665265804508
226.4043747674879 188.9029476359403
227.44943353215322 188.8742287706023
228.5007948289462 188.87923366962715
229.5570307186636 188.91682601820534
230.61671326210248 188.98586950152742
231.67841452005916 189.08522780478367
232.74070655333043 189.21376461316464
233.80216142271308 189.37034361186085
234.86135118900376 189.5538284860626
235.91684791299932 189.76308292096044
236.96722365549644 189.99697060174483
238.01105047729163 190.25435521360612
239.0469004391818 190.5341004417349
240.07334560196364 190.83506997132153
241.08895802643391 191.1561274875565
242.09230977338933 191.4961366756303
243.0819729036264 191.85396122073328
244.056519477942 192.22846480805597
245.01452155713295 192.61851112278885
245.95455120199586 193.0229638501223
246.8751804733273 193.44068667524675
247.7749814319242 193.87054328335273
248.6525261385832 194.31139735963066
249.50638665410108 194.76211258927108
250.33513503927443 195.22155265746431
251.13734335490005 195.68858124940078
251.91158366177456 196.16206205027112
252.65643544814412 196.64094747139103
253.37052289885943 197.12472385658162
254.05248683849945 197.6130763229614
254.70096811968298 198.10569032261074
255.31460759502934 198.60225130761012
255.89204611715763 199.10244473004005
256.43192453868687 199.60595604198093
256.9328837122361 200.1124706955132
257.39356449042464 200.6216741427173
257.8126077258713 201.13325183567372
258.1886542711954 201.64688922646283
258.520344979016 202.16227176716524
258.80632070195213 202.67908490986116
259.04522229262284 203.19701410663123
259.23569060364747 203.71574480955584
259.3763664876448 204.23496247071543
259.4658907972342 204.75435254219047
259.5029043850345 205.2736004760613
259.4860481036651 205.79239172440847
259.4139628057449 206.31041173931249
259.28528934389306 206.82734597285372
259.0986685707287 207.3428798771126
258.8527413388709 207.85669890416955
258.5461485009387 208.36848850610508
258.17753090955125 208.87793413499966
257.7455294173276 209.3847212429337
257.24878487688693 209.88853528198769
256.68593814084835 210.3890617042419
256.05563006183087 210.88598596177704
255.35650149245353 211.3789935066734
254.58719328533567 211.8677697910114
253.74640985376737 212.35200026687156
252.8352664204133 212.83137038633436
251.85797559609782 213.30556560148023
250.8189535769367 213.7742713643896
249.72261655904586 214.23717312714277
248.573380738541 214.69395634182038
247.37566231153787 215.14430646050283
246.13387747415206 215.58790893527066
244.8524424224996 216.02444921820415
243.53577335269637 216.45361276138382
242.18828646085797 216.87508501689007
240.81439794310003 217.28855143680352
239.4185239955385 217.69369747320442
238.00508081428936 218.09020857817325
236.57848459546813 218.4777702037905
235.14315153519073 218.85606780213664
233.70287396072652 219.22478682529209
232.25659575021564 219.5836127253373
230.80099107812947 219.93223095435275
229.33272117140936 220.2703269644188
227.8484472569967 220.59758620761602
226.3448305618335 220.91369413602473
224.8185323128609 221.21833620172546
223.26621373702073 221.51119785679867
221.6845360612546 221.79196455332473
220.07016051250372 222.06032174338415
218.41974831770992 222.3159548790574
216.72996070381484 222.55854941242487
214.99745889775994 222.78779079556693
213.21890412648682 223.00336448056424
211.39095761693682 223.20495591949714
209.51029027775002 223.39225111650902
207.57695969857184 223.56512918868012
205.59937261892563 223.72394533242922
203.58719957174918 223.8691268073123
201.5501110899808 224.00110087288527
199.4977777065586 224.12029478870406
197.43986995442054 224.22713581432453
195.38605836650459 224.32205120930274
193.34601347574863 224.40546823319457
191.32940581509092 224.4778141455559
189.3459059174697 224.53951620594276
187.40518431582277 224.59100167391105
185.51691154308824 224.6326978090166
183.69075813220397 224.66503187081545
181.9363946161081 224.68843111886358
180.26349152773892 224.70332281271678
178.68163485216724 224.7101342119311
177.19770083452192 224.70929257606238
175.81534727557042 224.7012251646666
174.53804474236182 224.6863592372997
173.36926380194487 224.66512205351762
172.31247502136873 224.63794087287633
171.3711489676822 224.60524295493164
170.5487562079344 224.5674555592396
169.84876730917426 224.525005945356
169.2746528384509 224.47832137283697
168.82988336281312 224.42782910123833
168.51792944931003 224.37395639011606
168.3422616649906 224.31713049902598
168.30635057690384 224.2577786875242
168.41366675209864 224.19632821516637
168.66768075762414 224.13320634150875
169.07093950743734 224.0688403261071
169.619469958809 224.0036574285174
170.30649254360287 223.9380849082956
171.1252167546923 223.87255002499757
172.06885208495052 223.80748003817925
173.1306080272509 223.74330220739657
174.30369407446645 223.68044379220552
175.5813197194706 223.61933205216204
176.95669445513676 223.56039424682194
178.4230277743379 223.5040576357413
179.9735291699476 223.45074947847596
181.60140813483886 223.40089703458187
183.29987416188504 223.354927563615
185.06213674395963 223.31326832513125
186.88140537393573 223.27634657868657
188.75088954468643 223.24458958383687
190.66379874908517 223.21842460013815
192.61334248000517 223.1982788871462
194.59273023032 223.18457970441708
196.5951714929027 223.17775431150667
198.61387576062629 223.17822996797094
200.64205252636427 223.1864339333658
202.6729112829901 223.20279346724715
204.69966152337693 223.22773582917097
206.71551274039777 223.26168827869319
208.7136744269261 223.30507807536972
210.68735607583517 223.35833247875655
212.62976717999842 223.4218787484095
214.53411723228905 223.49614414388464
216.39361572557993 223.58155592473776
218.20147215274474 223.67854135052488
219.95089984979398 223.78752751540398
221.637533486977 223.90883730600646
223.26356821971544 224.04251126383286
224.8322995306776 224.18854257534363
226.34702290253216 224.346924426999
227.8110338179479 224.51765000525904
229.22762775959316 224.70071249658426
230.60010021013628 224.89610508743473
231.9317466522461 225.10382096427074
233.22586256859103 225.32385331355258
234.4857434418398 225.5561953217405
235.71468475466077 225.80084017529475
236.9159819897224 226.05778106067555
238.0929306296933 226.32701116434316
239.24882615724218 226.6085236727579
240.38696405503734 226.90231177238
241.51061440514638 227.20836864966964
242.62092065903798 227.52668749108707
243.71532693845643 227.85726148309269
244.79090687741578 228.20008381214657
245.84473410992976 228.55514766470918
246.8738822700121 228.92244622724056
247.8754249916767 229.30197268620103
248.84643590893745 229.69372022805086
249.78398865580832 230.09768203925037
250.685156866303 230.51385130625977
251.54701417443522 230.9422212155392
252.36663421421898 231.38278495354905
253.14109061966818 231.8355357067495
253.8674570247965 232.3004666616009
254.54280706361786 232.77757100456344
255.16421437014603 233.26684192209734
255.72892402403843 233.76817927927596
256.2355265370698 234.280750594823
256.6832475280667 234.80337768564232
257.0713163670842 235.33488032676715
257.3989624241776 235.8740782932308
257.6654150694018 236.4197913600665
257.86990367281203 236.97083930230758
258.0116576044632 237.52604189498726
258.0899062344104 238.08421891313859
258.10387893270905 238.64419013179506
258.0528050694138 239.20477532598986
257.93591401458 239.76479427075625
257.7524351382627 240.32306674112735
257.50159781051696 240.87841251213658
257.18263140139777 241.429651358817
256.7947652809604 241.97560305620206
256.33722881925985 242.515087379325
255.8092513863512 243.04692410321888
255.21006235228964 243.56993300291708
254.5388910871301 244.0829338534528
253.7949669609277 244.58474642985948
252.9775193437376 245.0741905071701
252.0857776056149 245.550085860418
251.11897111661466 246.01125226463648
250.07632924679183 246.45650949485878
248.95708136620166 246.88467732611812
247.76045684489935 247.29457553344778
246.48568505293983 247.68502389188097
245.13199536037817 248.05484217645096
243.69861713726934 248.40285016219096
242.18477975366858 248.72786762413438
240.58977989466334 249.02876069675816
238.9173577578995 249.3074557339954
237.17838429622992 249.5707899965291
235.3843732068995 249.8260433991063
233.5468381871527 250.08049585647422
231.67729293423443 250.34142728337966
229.78725114538938 250.61611759457
227.88822651786188 250.91184670479205
225.99173274889694 251.23589452879307
224.10928353573934 251.59554098131994
222.25239257563368 251.9980659771199
220.43257356582458 252.45074943093994
218.66134020355668 252.96087125752732
216.95020618607467 253.5357113716288
215.31068521062357 254.18254968799167
213.75429097444785 254.9086661213629
212.2920482836118 255.7207771970143
210.92736342812472 256.6168199982134
209.65761887419941 257.5877898611374
208.4800326602569 258.6244926383087
207.3918228247177 259.71773418224996
206.39020740600282 260.85832034548326
205.47240444253296 262.0370569805315
204.63563197272885 263.24474993991697
203.87710803501142 264.4722050761621
203.19405066780124 265.7102282417895
202.5836779095193 266.94962528932143
202.04320779858625 268.18120207128055
201.56985837342296 269.39576444018917
201.16084767245022 270.58411824856984
200.81339373408875 271.73706934894517
200.52471202630676 272.8454630389316
200.2918229401171 273.9031381858213
200.1114183266495 274.90897529305886
199.98015847875993 275.8623391442072
199.89470368930455 276.762594522829
199.85171425113938 277.609106212487
199.84785045712056 278.40123899674415
199.87977260010408 279.13835765916303
199.94414097294612 279.81982698330654
200.03761586850268 280.4450117527374
200.1568575796299 281.0132767510183
200.29852639918371 281.5239867617121
200.4592826200203 281.9765065683815
200.6357865349958 282.3702009545895
200.82469843696617 282.7044347038986
201.02267861878752 282.97857259987165
201.226387373316 283.1919794260714
201.4324849934075 283.34401996606067
201.63763177191834 283.4340590034022
201.8384880017044 283.46146132165876
202.03171397562184 283.4255917043932
202.2139699865267 283.32581493516824
202.38191632727515 283.16149579754654
202.5322132907231 282.93199907509097
202.66152116972677 282.63668955136427
202.76650025714213 282.27493200992933
202.84381084582532 281.8460912343487
202.89011322863243 281.34953200818535
202.9020676984195 280.784619115002
202.87633454804256 280.15071733836123
202.8097297308153 279.44738007540667
202.70259955513876 278.6784384500982
202.55879321811452 277.8519680322268
202.38231008391898 276.9762263488387
202.17714951672872 276.0594709269803
201.94731088072007 275.10995929369807
201.69679354006945 274.13594897603804
201.42959685895352 273.1456975010471
201.1497202015487 272.14746239577136
200.86116293203133 271.1495011872571
200.567924414578 270.1600714025509
200.27400401336504 269.187430568699
199.98340109256904 268.2398362127479
199.7001150163663 267.3255458617436
199.42814514893345 266.452817042733
199.17149085444692 265.6299072827621
198.93415149708312 264.86418360087964
198.7201264410186 264.1558167437659
198.53341505042977 263.50149470773744
198.37801668949305 262.8978827266355
198.25793072238494 262.34164603430173
198.17715651328191 261.8294498645773
198.13969342636048 261.35795945130394
198.14954082579698 260.92384002832284
198.21069807576797 260.52375682947564
198.32716454044993 260.1543750886038
198.50293958401926 259.8123600395486
198.7420225706524 259.49437691615157
199.0484128645259 259.1970909522541
199.42610982981614 258.91716738169765
199.87911283069965 258.65127143832365
200.41142123135302 258.39606835597357
201.02593268905895 258.148780094724
201.72012371366063 257.9093680864865
202.48980615800866 257.67863496533414
203.33079142932925 257.4573835905276
204.2388909348491 257.2464168213276
205.2099160817949 257.0465375169946
206.23967827739312 256.8585485367891
207.32398892887034 256.683252739972
208.45865944345337 256.52145298580365
209.63950122836832 256.3739521335448
210.86232569084197 256.24155304245596
212.1229442381012 256.1250585717978
213.41716827737207 256.02527158083086
214.7408092158814 255.94299492881586
216.08967846085562 255.8790314750132
217.45958741952148 255.83418407868365
218.84634749910552 255.80925559908783
220.24577010683424 255.80504889548627
221.65366664993454 255.82236682713958
223.06584853563243 255.86201225330834
224.47812717115502 255.92478803325318
225.8863139637283 256.01149702623474
227.28622032057913 256.12294209151355
228.67365764893415 256.25992608835026
230.04443735601987 256.42325187600545
231.39437084906288 256.61372231373974
232.71926953528967 256.8321402608138
234.01494482192726 257.07930857648813
235.2772081162015 257.3560301200234
236.50187082533952 257.6631077506802
237.68474435656748 258.00134432771904
238.82181456336468 258.37146701819415
239.91188639964386 258.77297978184714
240.9560470140372 259.20439633442624
241.9554491154208 259.66420194509834
242.9112454126709 260.1508818830306
243.82458861466375 260.66292141739
244.69663143027526 261.1988058173433
245.52852656838172 261.7570203520578
246.3214267378595 262.3360502907003
247.07648464758435 262.9343809024378
247.7948530064328 263.5504974564373
248.47768452328086 264.1828852218658
249.12613190700472 264.83002946789026
249.7413478664806 265.4904154636777
250.32448511058462 266.16252847839525
250.87669634819306 266.84485378120974
251.39869963199862 267.5358766412881
251.88847289514013 268.23408232779747
252.34292911264785 268.9379561099047
252.7589788876273 269.6459832567768
253.1335328231847 270.3566490375807
253.46350152242556 271.0684387214836
253.74579558845593 271.7798375776523
253.9773256243815 272.4893308752539
254.15500223330815 273.19540388345547
254.2757360183416 273.8965418714237
254.33643758258782 274.5912301083259
254.33401752915245 275.27795386332883
254.26538646114145 275.9551984055995
254.12745498166055 276.6214490043049
253.91713369381563 277.2751909286122
253.63136212152443 277.91491414151267
253.26871931903392 278.53937470045446
252.83027205123173 279.14773241632554
252.31729493967816 279.7391808349846
251.73106260593292 280.312913502291
251.07284967155644 280.86812396410346
250.34393075810866 281.40400576628116
249.54558048714952 281.919752454683
248.67907348023923 282.41455757516826
247.74568435893772 282.88761467359564
246.74668774480517 283.3381172958243
245.68335825940125 283.76525898771337
244.5569705242866 284.1682332951216
243.368799161021 284.5462337639081
242.12011879116426 284.89845393993204
240.8122040362769 285.2240873690522
239.44654729495198 285.52232759712774
238.0277644126175 285.7923681700176
236.56280837344227 286.03340263358086
235.05868851908343 286.2446245336765
233.52241419119844 286.42522741616347
231.9609947314441 286.57440482690095
230.38143948147822 286.6913503117478
228.79075778295754 286.77525741656314
227.19595897754 286.8253196872058
225.60405240688246 286.84073066953493
224.0220474126421 286.82068390940964
222.45695333647635 286.76437295268875
220.91577952004232 286.6709913452313
219.40553530499741 286.53973263289646
217.93323003299844 286.3697903615431
216.5058719036143 286.1603581739122
215.12902555765064 285.91075216799265
213.8039887806267 285.62065039366286
212.5312747965575 285.2897974541527
211.31139682945826 284.9179379526919
210.14486810334424 284.5048164925101
209.0322018422307 284.0501776768372
207.97391127013296 283.55376610890295
206.97050961106598 283.015326391937
206.02251008904543 282.4346031291692
205.13042592808625 281.8113409238293
204.29477035220395 281.14528437914714
203.51605658541368 280.4361780983524
202.7947978517307 279.683766684675
202.1315073751702 278.8877947413445
201.5266983797475 278.0480068715907
200.9808840894778 277.1643477601019
200.49457772837633 276.2417767000442
200.06829252045844 275.29050820796937
199.70254168973938 274.3210050380064
199.3978384602343 273.3437299442846
199.15469605595862 272.3691456809337
198.97362770092747 271.40771500208297
198.8551466191561 270.4699006618617
198.7997660346598 269.56616541439934
198.80799917145382 268.7069720138253
198.88035925355342 267.9027832142689
199.01735950497385 267.1640617698596
199.21951314973037 266.5012704347268
199.48733341183825 265.9248719629999
199.8213335153127 265.44532910880827
200.22202668416898 265.0731046262814
200.68918549025372 264.81761996042985
201.21808392597558 264.6819718440877
201.80230672915766 264.66688202723174
202.43543561968482 264.77306801681226
203.111052317442 265.00124731977985
203.82273854231366 265.35213744308476
204.56407601418513 265.82645589367775
205.3286464529409 266.42492017850884
206.11003157846582 267.14824780452864
206.9018131106448 267.9971562786877
207.69757276936278 268.9723631079365
208.49089227450455 270.07458579922525
209.27535334595493 271.30454185950464
210.04453770359888 272.66294879572524
210.79202706732096 274.1505241148371
211.51140315700624 275.7679513890073
212.1962476925396 277.51148604850505
212.84014239380568 279.3686045243625
213.4366689806894 281.3257491736851
213.97940917307562 283.36936235357797
214.4619446908492 285.4858864211462
214.87785725389503 287.6617637334948
215.22072858209796 289.88343664772947
215.48414039534265 292.1373475209543
215.6616744135141 294.4105992315441
215.7469123564971 296.69351558203806
215.73343594417648 298.9774006836477
215.6148268964371 301.25355887916066
215.38466693316389 303.51329451136417
215.0365377742416 305.7479119230453
214.56402113955502 307.94871545699124
213.9632677653559 310.107663146904
213.24692930788046 312.22091171576596
212.43418141593247 314.28627792840336
211.5442158458686 316.30158264824036
210.59622435404606 318.26464673869947
209.6093986968215 320.17329106320454
208.60293063055195 322.0253364851791
207.5960119115942 323.8186038680464
206.6078342963051 325.55091407522985
205.6575895410417 327.220087970153
204.7644694021605 328.82394641623927
203.9476656360189 330.3603102769117
203.22636999897347 331.82700041559417
202.61977424738132 333.2218376957095
202.14707013759923 334.54264298068136
201.8273812917358 335.7872367188242
201.66905414051058 336.95337369822323
201.65798098300053 338.0386719047706
201.77724816154472 339.0407322290173
202.00994201848215 339.95715556151447
202.33914889615187 340.78554279281275
202.74795513689287 341.5234948134635
203.21944708304443 342.1686125140177
203.7367110769452 342.71849678502605
204.28283346093448 343.1707485170399
204.84090057735128 343.52296860061
205.39399876853452 343.7727579262875
205.92521437682348 343.9177173846235
206.417633744557 343.95544786616887
206.8543432140743 343.8835502614747
207.21842912771427 343.6996254610919
207.49412961227083 343.40146796331607
207.67694801199116 342.98876587885746
207.76875948388204 342.46227838019644
207.7715115199233 341.82277679886846
207.6871516120949 341.0710324664094
207.51762725237685 340.207816714355
207.26488593274905 339.2339008742408
206.9308751451913 338.15005627760235
206.51754238168377 336.9571183140167
206.02683513420607 335.66102573324264
205.46070089473855 334.2764521429466
204.82108715526087 332.8189279354028
204.10994140775313 331.30398350288567
203.3292111441951 329.7471492376697
202.48084385656685 328.16395553202904
201.56678703684818 326.56993277823824
200.59351438131856 324.9802348485631
199.5864361393341 323.4084403458713
198.57591409669263 321.8677159710434
197.5923100550803 320.3712284236388
196.6659858161825 318.9321444032165
195.8273031816849 317.5636306093356
195.10662395327319 316.27885374155505
194.53430993263308 315.09098049943424
194.14072292145016 314.01225657530586
193.95622472141014 313.04459963644064
194.0111771341988 312.1834396229519
194.3359419615017 311.4241059650181
194.9608810050047 310.7619280928183
195.91635606639318 310.1922354365315
197.23272894735297 309.71035742633654
198.9393365880118 309.3116546699578
201.0390651374213 308.9922924406249
203.50664419073763 308.74929256846934
206.3154369112673 308.57971845215565
209.43880646231742 308.48063349034794
212.84698927756577 308.4491010817106
216.47932293128497 308.48218462490786
220.2575256238881 308.57694751860436
224.1031102259444 308.7304531614641
227.93674470519016 308.93976495215145
231.6762460108877 309.20194628933075
235.23883035405876 309.51406057166645
238.542722869526 309.87317119782284
241.52809928031218 310.2763415664642
244.15641069459582 310.7206350762547
246.38998206242638 311.2031151258591
248.2012236047387 311.7208451139412
249.60707874014844 312.27088843916573
250.6367788808275 312.8503085001966
251.31955583729143 313.4561686956985
251.68464142005595 314.0855324243356
251.76126743963653 314.73546308477233
251.57866570654886 315.4030240756731
251.16606803130847 316.0852787957018
250.55270622443092 316.7792906435232
249.76781209643204 317.4821230178014
248.84061745782736 318.1908393172007
247.80035411913244 318.9025029403855
246.67625389086297 319.61417728602015
245.4975485835345 320.3229257527689
244.29347000766262 321.0258117392962
243.09324012097963 321.7198994678994
241.9190510220955 322.4028408145242
240.77371505981966 323.0739076848326
239.6567335797313 323.73264876430477
238.56760792741034 324.37861273842043
237.50583944843606 325.0113482926595
236.47092948838784 325.6304041125022
235.46237939284515 326.2353288834284
234.47969050738752 326.825671290918
233.52236417759437 327.400980020451
232.5899017490449 327.96080375750756
231.68180456731906 328.5046911875673
230.79757397799582 329.0321909961104
229.93671132665511 329.54285186861665
229.09871795887614 330.03622249056616
228.28309522023838 330.5118515474388
227.48934445632128 330.9692877247146
226.71696701270443 331.4080797078735
225.96546423496707 331.8277761823956
225.2343374686886 332.22792583376076
224.52308805944887 332.6080773474488
223.83121735282694 332.96777940893986
223.15822669440252 333.30658070371385
222.50361742975502 333.6240299172507
221.86689090446387 333.9196757350304
221.24754846410852 334.19306684253286
220.64509145426848 334.44375192523825
220.05902122052305 334.67127966862625
219.48883910845174 334.8751987581771
218.93404646363416 335.0550578793705
218.39414463164968 335.2104057176866
217.86863518147157 335.3407914204
217.35726132046975 335.4462636440289
216.86046810436437 335.5283218895931
216.37882729937974 335.5887275911039
215.91291067173995 335.62924218257245
215.46328998766924 335.6516270980098
215.03053701339184 335.6576437714272
214.61522351513196 335.64905363683573
214.21792125911378 335.6276181282466
213.83920201156147 335.59509867967085
213.47963753869934 335.55325672511987
213.13979960675155 335.5038536986046
212.82025998194234 335.4486510341363
212.52159043049585 335.38941016572596
212.24436271863627 335.327892527385
211.98914861258783 335.2658595531243
211.75651987857466 335.2050726769551
211.54704828282112 335.14729333288864
211.36130559155131 335.0942829549361
211.1998635709895 335.04780297710846
211.06329398735986 335.00961483341706
210.9521686068866 334.981479957873
210.86705919579393 334.9651597844871
210.80853752030595 334.9624157472711
210.77717534664706 334.97500928023567
210.77354444104128 335.0047018173923
210.7982165697129 335.05325479275183
210.85176349888619 335.12242964032566
210.93475699478526 335.2139877941249
211.04776882363433 335.3296906881606
211.1913707516576 335.4712997564439
211.36613454507926 335.64057643298605
211.5746376738014 335.83903006579817
211.83648547254188 336.06602986306024
212.17987215951328 336.31986554284197
212.63305777328955 336.5988185506089
213.22430235244488 336.90117033182685
213.98186593555337 337.2252023319619
214.934008561189 337.5691959964796
216.10899026792583 337.9314327708459
217.53459674231024 338.31019410052664
219.21114891903738 338.7037614309876
221.09696060558466 339.1104162076945
223.14679713032695 339.52843987611334
225.31542382163948 339.9561138817099
227.55760600789597 340.39171966994996
229.82810901747223 340.83353868629933
232.08171927765378 341.27985237622374
234.28503307795899 341.72894218518917
236.43609703152327 342.17908955866136
238.538135775059 342.62857594210607
240.59437394527887 343.07568278098927
242.6080361788953 343.51869152077666
244.58234711262128 343.95588360693415
246.52053138316853 344.3855404849274
248.4258136272504 344.80594360022246
250.30141848157868 345.21537439828495
252.1505705828663 345.6121143245808
253.9764945678258 345.99444482457574
255.78241507316977 346.3606473437356
257.57155673561067 346.7090033275263
259.347144191861 347.03779422141344
261.11240207863386 347.34530147086326
262.8700811649022 347.62994195748166
264.61994490620316 347.8909863669424
266.3605957271008 348.12803721918567
268.09063346625834 348.3406977732291
269.8086579623382 348.52857128809006
271.51326905400293 348.69126102278574
273.2030665799152 348.8283702363335
274.87665037873757 348.9395021877507
276.532620289133 349.0242601360547
278.16957614976326 349.0822473402629
279.78611779929145 349.1130670593925
281.3808450763803 349.1163225524609
282.9523578196918 349.0916170784855
284.4992558678889 349.0385538964835
286.02013905963423 348.95673626547244
287.5136072335903 348.8457674444695
288.97826022841946 348.7052506924921
290.41269788278476 348.5347892685576
291.8155200353487 348.3339864316832
293.18532652477353 348.1024454408863
294.5207171897222 347.8397695551844
295.8202918688568 347.5455620335947
297.08265040084024 347.2194261351345
298.306392624335 346.8609651188212
299.4901183780039 346.46978224367217
300.6324275005092 346.0454807687048
301.7319198305136 345.58766395293634
302.78719520668005 345.09593505538396
303.7968534676705 344.5698973350653
304.759494452148 344.00915405099755
305.6737179987748 343.41330846219813
306.53823335695284 342.7821435347696
307.3527981110557 342.11716412448806
308.1177532412854 341.42083331449015
308.8334460150501 340.69562451464526
309.5002236997576 339.94401113482223
310.1184335628158 339.1684665848905
310.6884228716327 338.37146427471936
311.2105388936162 337.55547761417756
311.6851288961742 336.72298001313465
312.1125401467149 335.87644488145946
312.4931199126458 335.01834562902127
312.8272154613751 334.1511556656893
313.11517406031066 333.27734840133274
313.3573429768605 332.3993972458204
313.55406947843244 331.5197756090221
313.70570083243445 330.6409569008063
313.8125843062745 329.76541453104267
313.87506716736056 328.89562190960004
313.89349668310047 328.0340524463475
313.86822012090215 327.1831795511546
313.7995847481736 326.34547663389026
313.6879378323227 325.5234171044237
313.5336266407574 324.719474372624
313.33699844088574 323.93612184836024
313.0984005001155 323.1758329415018
312.81818008585475 322.44108106191777
312.4966844655113 321.7343396194772
312.13426090649307 321.0580820240492
311.7312566762082 320.41478168550327
311.28801904206443 319.8069120137082
310.8048952714698 319.23694641853336
310.2822359004376 318.7073530873054
309.72074877355783 318.2200293035968
309.1218160332585 317.7757949652328
308.4868946209377 317.37535045705897
307.81744147799304 317.01939616392076
307.1149135458224 316.7086324706636
306.3807677658237 316.4437597621333
305.6164610793947 316.22547842317533
304.82345042793344 316.05448883863505
304.0031927528375 315.93149139335816
303.1571449955047 315.8571864721901
302.2867640973333 315.83227445997653
301.3935069997207 315.85745574156294
300.4788306440651 315.93343070179475
299.544191971764 316.0608997255177
298.5910479242152 316.24056319757733
297.62072895503474 316.4731215028189
296.6329474962515 316.7592750260883
295.6262974455705 317.0997241522308
294.5993503983278 317.49516926609226
293.5506779498598 317.94631075251783
292.47885169550256 318.45384899635326
291.3824432305922 319.0184843824441
290.2600241504648 319.64091729563575
289.1101660504564 320.32184812077406
287.9314405259035 321.06197724270424
286.72241917214217 321.86200504627203
285.4816735845084 322.72263191632277
284.2077753583384 323.64455823770214
282.89929608896796 324.62848439525595
281.55480737173394 325.6751107738293
280.1728808160263 326.78513775968963
278.75371268502033 327.95943010694566
277.30360203819873 329.19946999568464
275.8302806374011 330.5068845539173
274.341480244466 331.88330090965485
272.8449326212324 333.3303461909082
271.34836952953907 334.8496475256887
269.85952273122473 336.4428320420075
268.3861239881289 338.11152686787506
266.93590506209017 339.85735913130287
265.5165977149474 341.6819559603018
264.13593370853926 343.5869444828833
262.80164480470523 345.5739518270579
261.5214627652839 347.64460512083684
260.30311935211415 349.8005314922311
259.15434632703494 352.0433580692518
258.08287545188495 354.37471197991056
257.09643848850357 356.7962203522174
256.20276719872936 359.30951031418385
255.40959334440134 361.916208993821
254.7246486873584 364.6179435191398
254.15566498943926 367.416341018152
253.7103740124831 370.3130286188674
253.39650751832878 373.30963344929773
253.2217972688151 376.40778263745403
253.19397502578104 379.6091033113479
253.32077255106552 382.9152225989892
253.60992160650736 386.32776762838955
254.06915395394552 389.84836552756
254.70620135521887 393.4786434245117
255.5287955721666 397.22022844725643
