116.61219690536838 86.92737138848695
116.53154940856268 86.8090866854952
116.45036254891924 86.69372237587389
116.36864652392381 86.58126341674424
116.28641153106226 86.47169476522728
116.20366776782045 86.36500137844419
116.12042543168423 86.26116821351611
116.03669472013941 86.16018022756411
115.95248583067186 86.06202237770934
115.86780896076738 85.96667962107296
115.78267430791188 85.87413691477603
115.69709206959115 85.78437921593974
115.61107244329105 85.6973914816852
115.52462562649742 85.61315866913351
115.4377618166961 85.53166573540584
115.35049121137295 85.45289763762327
115.26282400801381 85.37683933290694
115.17477040410452 85.30347577837802
115.08634059713087 85.23279193115758
114.9975447845788 85.16477274836676
114.90839316393406 85.0994031871267
114.81889593268258 85.03666820455851
114.72906328831013 84.97655275778337
114.63890542830255 84.91904180392233
114.54843255014575 84.86412030009657
114.45765485132554 84.81177320342718
114.36658252932774 84.7619854710353
114.27522578163823 84.71474206004208
114.18359480574283 84.67002792756861
114.09169979912738 84.62782803073607
113.99955095927773 84.58812732666553
113.90715848367972 84.5509107724781
113.81453256981918 84.51616332529498
113.721683415182 84.48386994223726
113.62862121725396 84.45401558042607
113.53535617352092 84.42658519698253
113.44189848146878 84.40156374902777
113.3482583385833 84.3789361936829
113.25444594235039 84.3586874880691
113.16047149025583 84.34080258930743
113.06634517978554 84.32526645451904
112.9720772084253 84.31206404082506
112.87767777366092 84.30118030534666
112.78315707297836 84.29260020520489
112.68852530386339 84.28630869752091
112.59379266380182 84.28229073941586
112.49896935027958 84.28053128801088
112.40406556078244 84.28101530042704
112.30909149279627 84.28372773378548
112.21405734380691 84.28865354520737
112.11897331130021 84.29577769181383
112.02384959276202 84.30508513072594
111.92869638567814 84.31656081906485
111.83352388753443 84.33018971395173
111.73834229581678 84.34595677250765
111.64316180801099 84.36384695185373
111.54799262160289 84.38384520911114
111.45284493407837 84.405936501401
111.35772894292323 84.43010578584442
111.26265484562333 84.45633801956251
111.16763283966449 84.48461815967642
111.0726731225326 84.51493116330728
110.97778589171347 84.54726198757622
110.88298134469294 84.58159558960436
110.78826967895688 84.61791692651282
110.6936610919911 84.65621095542271
110.59916578128143 84.69646263345521
110.50479394431378 84.73865691773139
110.41055577857396 84.7827787653724
110.31646148154776 84.82881313349935
110.2225212507211 84.87674497923342
110.12874528357979 84.92655925969567
110.03514377760965 84.97824093200727
109.94172693029657 85.03177495328934
109.84850493912636 85.087146280663
109.75548800158487 85.14433987124934
109.66268631515796 85.20334068216955
109.57011007733145 85.26413367054472
109.47776948559117 85.32670379349601
109.38567473742297 85.3910360081445
109.29383603031276 85.45711527161134
109.20226356174628 85.52492654101766
109.11096752920945 85.59445477348457
109.01995813018807 85.66568492613322
108.92924556216798 85.73860195608472
108.83884002263504 85.8131908204602
108.74875170907512 85.8894364763808
108.65899081897402 85.9673238809676
108.56956754981758 86.0468379913418
108.48049209909169 86.12796376462448
108.39177466428215 86.21068615793676
108.3034254428748 86.2949901283998
108.2154546323555 86.38086063313469
108.12787243021012 86.46828262926257
108.04068903392447 86.55724107390459
107.95391464098437 86.64772092418185
107.86755944887568 86.73970713721546
107.78163365508428 86.83318467012658
107.69614745709596 86.92813848003635
107.6111110523966 87.02455352406587
107.52653463847204 87.12241475933625
107.44242841280808 87.22170714296865
107.35880257289062 87.32241563208416
107.27566731620549 87.42452518380395
107.19303284023847 87.52802075524913
107.11090934247548 87.63288730354083
107.02930702040236 87.73910978580012
106.9482360715049 87.84667315914821
106.867706693269 87.9555623807062
106.78772908318045 88.0657624075952
106.7083134387251 88.17725819693635
106.62946995738882 88.29003470585076
106.55120883665747 88.40407689145958
106.47354027401684 88.51936971088392
106.39647446695278 88.63589812124492
106.3200216129512 88.7536470796637
106.24419190949783 88.87260154326137
106.16899555407863 88.99274646915906
106.09444274417937 89.11406681447792
106.02054367728591 89.23654753633907
105.94730855088407 89.36017359186363
105.87474756245977 89.48492993817273
105.80287090949878 89.61080153238748
105.73168878948692 89.73777333162901
105.66121139991013 89.86583029301849
105.59144893825417 89.99495737367701
105.52241160200491 90.12513953072568
105.45410868949577 90.25636172128566
105.38654584129914 90.38860890247805
105.31972776800052 90.521866031424
105.25365918018518 90.65611806524463
105.18834478843837 90.79134996106107
105.1237893033454 90.92754667599442
105.05999743549154 91.06469316716584
104.99697389546206 91.20277439169642
104.93472339384219 91.34177530670735
104.87325064121721 91.4816808693197
104.81256034817245 91.6224760366546
104.75265722529315 91.76414576583319
104.69354598316458 91.9066750139766
104.63523133237203 92.05004873820596
104.57771798350076 92.19425189564237
104.52101064713604 92.33926944340698
104.46511403386314 92.48508633862092
104.41003285426739 92.63168753840529
104.35577181893399 92.77905799988127
104.30233563844824 92.92718268016992
104.2497290233954 93.07604653639241
104.19795668436079 93.22563452566985
104.14702333192963 93.37593160512338
104.09693367668724 93.52692273187411
104.04769242921887 93.67859286304318
103.99930430010978 93.83092695575169
103.95177399994532 93.9839099671208
103.90510623931065 94.13752685427161
103.85930572879109 94.2917625743253
103.81437717897191 94.44660208440293
103.77032530043844 94.60203034162566
103.72715480377589 94.75803230311463
103.68487039956955 94.91459292599092
103.64347679840468 95.07169716737569
103.60297871086661 95.22932998439003
103.56338084754057 95.38747633415514
103.52468791901178 95.5461211737921
103.48690463586563 95.70524946042198
103.45003570868731 95.86484615116605
103.41408584806211 96.02489620314529
103.37905976457535 96.18538457348093
103.34496216881224 96.34629621929402
103.31179777135809 96.50761609770574
103.27957128279816 96.66932916583723
103.2482874137177 96.83142038080953
103.21795087470208 96.99387469974387
103.18856637633645 97.15667707976131
103.16013862920616 97.31981247798299
103.13267234389646 97.48326585153005
103.10617223099263 97.64702215752358
103.08064300107992 97.81106635308477
103.05608936474363 97.97538339533467
103.03251603256908 98.13995824139448
103.00992771514144 98.3047758483853
102.98832912304603 98.46982117342823
102.96772496686816 98.63507917364443
102.94811995719306 98.80053480615503
102.92951880460603 98.9661730280811
102.91192621969232 99.13197879654385
102.89534691303723 99.29793706866434
102.879785595226 99.46403280156372
102.8652469768439 99.6302509523631
102.85173576847626 99.79657647818365
102.83925668070835 99.96299433614647
102.82781442412536 100.12948948337267
102.81741370931265 100.2960468769834
102.80805924685545 100.46265147409979
102.79975574733905 100.62928823184292
102.79250792134873 100.795942107334
102.78632047946972 100.96259805769408
102.78119813228736 101.12924104004433
102.77714559038687 101.29585601150585
102.77416756435358 101.46242792919979
102.77226876477269 101.6289417502473
102.77145390222951 101.79538243176941
102.77172768730932 101.96173493088733
102.77309483059744 102.12798420472218
102.77556004267903 102.29411521039508
102.77912803413945 102.46011290502712
102.78380351556396 102.62596224573946
102.78959119753782 102.79164818965322
102.79649579064633 102.95715569388952
102.80452200547471 103.12246971556951
102.81367455260828 103.28757521181429
102.8239581426323 103.45245713974501
102.83537748613205 103.6171004564828
102.8479372936928 103.78149011914874
102.86164227589978 103.94561108486398
102.87649714333834 104.10944831074968
102.89250660659373 104.27298675392693
102.90967537625122 104.43621137151689
102.92800816289605 104.59910712064062
102.94750967711352 104.76165895841933
102.9681846294889 104.9238518419741
102.9900377306075 105.08567072842602
103.01307369105456 105.24710057489631
103.03729722141533 105.40812633850604
103.06271303227513 105.56873297637631
103.0893258342192 105.72890544562833
103.11714033783284 105.88862870338312
103.14616125370131 106.0478877067619
103.17639329240988 106.20666741288574
103.20784116454384 106.3649527788758
103.24050958068842 106.52272876185322
103.27440325142895 106.67998031893904
103.30952688735069 106.83669240725449
103.34588519903889 106.99284998392062
103.38348289707882 107.1484380060586
103.42232469205581 107.30344143078958
103.4624152945551 107.45784521523458
103.50375941516194 107.61163431651487
103.54636176446161 107.76479369175145
103.59022705303941 107.91730829806554
103.63535999148061 108.06916309257821
103.68176529037048 108.22034303241058
103.72944766029427 108.37083307468386
103.77841181183724 108.52061817651908
103.82866245558475 108.6696832950374
103.88020430212202 108.81801338735995
103.93304206203429 108.96559341060787
103.98718044590689 109.11240832190228
104.04262416432506 109.25844307836428
104.0993779278741 109.40368263711504
104.15744644713928 109.54811195527564
104.21683443270584 109.69171598996722
104.27754659515908 109.83447969831096
104.33958750602723 109.97638805375328
104.40295501878991 110.11742681844228
104.46763741438373 110.25758287834657
104.5336222412545 110.39684320542939
104.60089704784808 110.53519477165393
104.66944938261024 110.67262454898356
104.73926679398683 110.80911950938147
104.8103368304236 110.94466662481095
104.8826470403664 111.07925286723523
104.95618497226103 111.21286520861766
105.03093817455331 111.34549062092141
105.10689419568904 111.47711607610977
105.18404058411406 111.60772854614602
105.26236488827416 111.73731500299338
105.34185465661514 111.86586241861518
105.42249743758279 111.99335776497465
105.50428077962302 112.11978801403502
105.58719223118156 112.24514013775962
105.67121934070421 112.36940110811165
105.75634965663681 112.49255789705441
105.84257072742523 112.61459747655114
105.92987010151515 112.7355068185651
106.01823532735247 112.8552728950596
106.10765395338302 112.97388267799785
106.19811352805259 113.09132313934313
106.28960159980693 113.2075812510587
106.38210571709189 113.32264398510785
106.47561342835331 113.43649831345377
106.570112282037 113.5491312080598
106.66558982658874 113.66052964088918
106.76203361045437 113.77068058390516
106.85943118207965 113.879571009071
106.95777008991044 113.98718788835001
107.05703788239256 114.09351819370536
107.15722210797178 114.1985488971004
107.25831031509394 114.30226697049834
107.36029005220486 114.40465938586249
107.46314886775033 114.50571311515607
107.56687431017616 114.60541513034235
107.67145392792816 114.70375240338461
107.77687526945215 114.80071190624611
107.88312588319393 114.89628061089009
107.99019331759933 114.99044548927981
108.09806512111415 115.08319351337862
108.20672884218425 115.17451165514966
108.31617202925533 115.26438688655621
108.4263822307733 115.35280617956165
108.53734699518395 115.43975650612916
108.64905387093305 115.52522483822193
108.76149040646645 115.60919814780335
108.87464415022998 115.69166340683664
108.98850265066937 115.77260758728502
109.10305345623053 115.85201766111179
109.21828411535921 115.92988060028021
109.33418217650126 116.00618337675354
109.45073518810244 116.08091296249505
109.56793069860862 116.15405632946798
109.6857562564656 116.22560044963564
109.80419941011914 116.29553229496123
109.92324770801508 116.36383883740805
110.04288869859926 116.43050704893938
110.16310993031743 116.49552390151845
110.28389895161547 116.55887636710848
110.40524331093916 116.62055141767284
110.52713055673432 116.6805360251747
110.64954823744674 116.73881716157737
110.77248390152224 116.79538179884415
110.89592509740666 116.85021690893818
111.01985937354577 116.90330946382285
111.14427427838542 116.95464643546134
111.26915736037138 117.00421479581698
111.39449616794947 117.05200151685297
111.52027824956555 117.0979935705326
111.64649115366538 117.14217792881912
111.77312242869478 117.18454156367582
111.90015962309955 117.22507144706594
112.02759028532559 117.26375455095275
112.15540196381859 117.30057784729951
112.2835822070244 117.33552830806947
112.41211856338884 117.36859290522592
112.54099858135777 117.3997586107321
112.67020980937691 117.42901239655131
112.79973979589215 117.45634123464674
112.92957608934927 117.48173209698176
113.05970623819408 117.50517195551953
113.19011779087236 117.52664778222332
113.32079829582999 117.54614654905647
113.45173530151271 117.5636552279822
113.58291635636641 117.57916079096375
113.71432900883681 117.5926502099644
113.84596080736982 117.60411045694744
113.97779930041116 117.61352850387608
114.10983203640669 117.62089132271362
114.24204656380223 117.62618588542334
114.37443043104355 117.62939916396843
114.50697118657651 117.63051813031223
114.6396563788469 117.62952975641797
114.77247355630054 117.62642101424889
114.90541026738317 117.62117887576831
115.03845406054069 117.61379031293944
115.17159248421893 117.60424229772555
115.30481308686362 117.59252180208993
115.43810341692058 117.57861579799582
115.57145102283565 117.5625112574065
115.70484345305468 117.54419515228523
115.83826825602343 117.52365445459525
115.97171298018772 117.50087613629984
116.10516517399334 117.47584716936227
116.23861238588616 117.44855452574579
116.3720421643119 117.41898517741367
116.50544205771648 117.38712609632915
116.63879961454565 117.35296425445553
116.77210238324521 117.31648662375605
116.905337912261 117.27768017619397
117.03849375003885 117.23653188373257
117.17155744502449 117.19302871833509
117.30451654566383 117.1471576519648
117.43735860040263 117.09890565658498
117.5700711576867 117.04825970415888
117.70264176596184 116.99520676664974
117.83505797367391 116.93973381602086
117.96730732926869 116.8818278242355
118.09937738119197 116.82147576325691
118.23125567788964 116.75866460504834
118.36292976780743 116.69338132157307
118.49438719939114 116.62561288479435
118.62561552108666 116.55534659072197
118.75660228133974 116.48258597986894
118.88733502859624 116.40735808700613
119.01780131130192 116.32969178307658
119.14798867790265 116.2496159390234
119.27788467684415 116.1671594257898
119.4074768565723 116.08235111431891
119.53675276553294 115.99521987555379
119.66569995217182 115.9057945804376
119.79430596493476 115.81410409991354
119.9225583522676 115.72017730492465
120.05044466261616 115.62404306641412
120.17795244442618 115.52573025532512
120.30506924614353 115.42526774260071
120.43178261621402 115.32268439918401
120.55808010308344 115.21800909601825
120.68394925519763 115.11127070404652
120.80937762100237 115.00249809421189
120.93435274894348 114.8917201374576
121.05886218746677 114.77896570472669
121.18289348501806 114.66426366696234
121.30643419004319 114.54764289510771
121.42947185098791 114.42913226010592
121.55199401629805 114.30876063290006
121.67398823441947 114.18655688443327
121.79544205379794 114.06254988564875
121.91634302287925 113.93676850748956
122.03667869010927 113.8092416208989
122.15643660393376 113.67999809681984
122.27560431279855 113.54906680619554
122.39416936514947 113.41647661996916
122.51211930943231 113.2822564090838
122.62944169409288 113.14643504448263
122.74612406757693 113.00904139710877
122.86215397833043 112.8701043379053
122.97751897479904 112.7296527378154
123.09220660542867 112.58771546778225
123.2062044186651 112.4443213987489
123.31949996295411 112.29949940165855
123.43208078674154 112.15327834745426
123.54393443847319 112.00568710707924
123.65504846659488 111.85675455147658
123.7654104195524 111.70650955158945
123.87500784579157 111.55498097836096
123.98382829375822 111.40219770273423
124.0918593118982 111.2481885956524
124.19908844865724 111.09298252805864
124.30550325248119 110.93660837089602
124.41109127181585 110.77909499510774
124.51584005510706 110.62047127163692
124.61973715080059 110.46076607142666
124.72277010734227 110.30000826542012
124.82492647317792 110.13822672456043
124.92619379675335 109.97545031979075
125.02655962651436 109.81170792205415
125.12601151090678 109.6470284022938
125.2245369983764 109.48144063145288
125.322123637369 109.31497348047444
125.4187589763305 109.14765582030162
125.5144305637066 108.97951652187766
125.60912594794316 108.81058445614559
125.702832677486 108.64088849404858
125.79553830078089 108.4704575065298
125.88723036627368 108.29932036453229
125.97789642241015 108.12750593899925
126.06752401763619 107.9550431008738
126.15610070039749 107.78196072109911
126.24361401913997 107.60828767061824
126.33005152230939 107.43405282037438
126.41540075835151 107.25928504131063
126.49964927571224 107.08401320437018
126.58278462283737 106.90826618049607
126.66479434817266 106.73207284063156
126.74566600016394 106.55546205571969
126.82538712725707 106.37846269670362
126.90394527789779 106.20110363452649
126.98132800053196 106.02341374013142
127.0575228436054 105.84542188446154
127.13251735556388 105.66715693845998
127.20629908485324 105.48864777306996
127.27885557991927 105.3099232592345
127.35017438920785 105.13101226789675
127.42024306116465 104.95194366999993
127.4890491442356 104.77274633648712
127.55658018686647 104.59344913830141
127.62282373750311 104.41408094638598
127.68776734459128 104.23467063168397
127.75139855657679 104.0552470651385
127.8137049219055 103.8758391176927
127.87467398902318 103.69647566028974
127.93429330637566 103.5171855638727
127.99255042240874 103.33799769938474
128.04943288556825 103.15894093776902
128.1049282443 102.98004414996863
128.15902404704974 102.80133620692672
128.21170784226342 102.62284597958642
128.2629671783867 102.44460233889087
128.31278960386547 102.26663415578324
128.36116266714555 102.08897030120657
128.4080739166727 101.91163964610409
128.45351090089275 101.73467106141894
128.49746116825156 101.55809341809415
128.5399122671949 101.38193558707292
128.58085174616858 101.2062264392984
128.62026715361839 101.03099484571369
128.65814603799018 100.85626967726192
128.69447594772976 100.68207980488629
128.7292444312829 100.50845409952984
128.76243903709545 100.33542143213579
128.79404731361322 100.16301067364722
128.82405680928207 99.99125069500728
128.85245507254768 99.82017036715906
128.87922965185595 99.64979856104578
128.90436809565267 99.48016414761057
128.92785795238368 99.31129599779645
128.9496867704948 99.14322298254665
128.96984209843177 98.97597397280433
128.98831148464046 98.8095778395125
129.00508247756665 98.6440634536144
129.02014262565618 98.47945968605318
129.03347947735483 98.31579540777189
129.04508058110844 98.15309948971368
129.05493348536282 97.99140080282174
129.06302621698183 97.83072769591962
129.06935935779117 97.67109481602341
129.07394697216367 97.51250209602573
129.0768037887027 97.35494874391384
129.0779445360116 97.19843396767489
129.07738394269367 97.04295697529612
129.07513673735232 96.88851697476485
129.07121764859082 96.73511317406819
129.0656414050126 96.58274478119338
129.05842273522097 96.43141100412771
129.0495763678192 96.28111105085831
129.03911703141077 96.13184412937247
129.02705945459894 95.98360944765739
129.01341836598704 95.8364062137003
128.9982084941785 95.69023363548843
128.98144456777658 95.54509092100892
128.96314131538466 95.40097727824916
128.9433134656061 95.25789191519623
128.9219757470442 95.11583403983735
128.89914288830235 94.97480286015987
128.87482961798383 94.8347975841509
128.84905066469204 94.69581741979768
128.8218207570304 94.55786157508746
128.7931546236021 94.42092925800746
128.76306699301057 94.28501967654489
128.73157259385914 94.15013203868696
128.69868615475116 94.01626555242095
128.66442240428995 93.88341942573403
128.62879607107894 93.7515928666134
128.59182188372137 93.62078508304634
128.5535145708206 93.49099528302007
128.51388886098002 93.36222267452179
128.472959482803 93.23446646553872
128.43074116489277 93.10772586405808
128.3872486358528 92.98200007806712
128.34249662428633 92.85728831555302
128.29649985879684 92.73358978450304
128.24927306798753 92.6109036929044
128.2008309804618 92.48922924874428
128.15118832482304 92.36856566000999
128.10035982967455 92.24891213468865
128.04836022361965 92.13026788076756
127.99520423526174 92.01263210623391
127.94090659320415 91.89600401907492
127.88548202605014 91.78038282727785
127.8289452624032 91.66576773882984
127.77131103086663 91.55215796171822
127.7125940600437 91.43955270393013
127.65280907853781 91.32795117345283
127.5919708149523 91.21735257827352
127.53009399789053 91.10775612637946
127.46719335595584 90.99916102575783
127.40328361775155 90.89156648439587
127.33837951188103 90.7849717102808
127.2724957669476 90.67937591139987
127.20564711155464 90.57477829574027
127.13784827430545 90.47117807128923
127.06911398380346 90.36857444603397
126.99945896865191 90.26696662796175
126.92889795745417 90.16635382505973
126.85744567881362 90.06673524531519
126.78511686133362 89.96811009671531
126.71192623361746 89.87047758724734
126.63788852426852 89.77383692489846
126.5630184618901 89.67818731765598
126.48733077508561 89.58352797350702
126.41084019245838 89.48985810043888
126.33356144261172 89.39717690643877
126.25550925414902 89.30548359949385
126.17669835567358 89.21477738759143
126.09714347578876 89.12505747871867
126.01685934309793 89.03632308086283
125.93586068620438 88.94857340201108
125.85416223371153 88.86180765015074
125.77177871422263 88.77602503326895
125.68872485634115 88.69122475935295
125.60501538867034 88.60740603638999
125.52066503981357 88.52456807236725
125.43568853837414 88.44271007527195
125.35010061295547 88.36183125309137
125.26391599216089 88.28193081381269
125.17714940459372 88.20300796542315
125.08981557885731 88.12506191590995
125.00192924355501 88.04809187326038
124.91350512729018 87.97209704546155
124.82455795866612 87.89707664050079
124.73510246628625 87.82302986636523
124.64515337875383 87.74995593104218
124.55472542467226 87.67785404251882
124.46383333264485 87.60672340878232
124.372491831275 87.53656323782003
124.28071564916596 87.46737273761906
124.1885195149212 87.3991511161667
124.09591815714396 87.33189758145014
124.00292630443765 87.26561134145659
123.90955868540556 87.2002916041733
123.81583002865109 87.1359375775875
123.72175506277756 87.0725484696864
123.62734851638832 87.01012348845721
123.53262511808667 86.94866184188716
123.43759959647602 86.88816273796347
123.3422866801597 86.82862538467337
123.24670109774104 86.77004899000408
123.15085757782336 86.71243276194284
123.05477084901007 86.65577590847684
122.95845563990444 86.60007763759332
122.86192667910989 86.5453371572795
122.76519869522973 86.49155367552264
122.66828641686725 86.43872640030989
122.5712045726259 86.38685453962853
122.47396789110897 86.33593730146575
122.3765911009198 86.28597389380882
122.27908893066171 86.23696352464488
122.18147610893814 86.18890540196122
122.08376736435234 86.14179873374505
121.9859774255077 86.0956427279836
121.88812102100755 86.05043659266408
121.79021287945524 86.00617953577371
121.69226772945412 85.96287076529968
121.5943002996075 85.92050948922927
121.49632531851877 85.87909491554973
121.39835751479129 85.83862625224819
121.30041161702832 85.79910270731192
121.20250235383334 85.76052348872814
121.10464445380951 85.72288780448406
121.0068526455603 85.68619486256692
120.90914165596023 85.65044387096395
120.81152550546138 85.61563403766239
120.7140164251192 85.58176457064937
120.61662636694479 85.54883467791221
120.51936728294916 85.51684356743812
120.42225112514329 85.48579044721427
120.32528984553824 85.45567452522792
120.22849539614502 85.4264950094663
120.13187972897465 85.39825110791661
120.03545479603814 85.37094202856608
119.93923254934654 85.34456697940196
119.84322494091083 85.3191251684114
119.74744392274205 85.29461580358173
119.65190144685126 85.27103809290007
119.55660946524942 85.24839124435373
119.46157992994756 85.22667446592986
119.36682479295675 85.2058869656157
119.27235600628799 85.18602795139851
119.17818552195222 85.1670966312655
119.08432529196058 85.14909221320384
118.99078726832404 85.13201390520082
118.89758340305364 85.11586091524364
118.80472564816037 85.10063245131951
118.71222595565521 85.08632772141567
118.62009627754934 85.07294593351934
118.5283485658536 85.06048629561772
118.43699477257913 85.04894801569806
118.3460468497369 85.03833030174755
118.25551674933791 85.02863236175348
118.16541642339327 85.01985340370301
118.0757578239139 85.01199263558337
117.98655290291089 85.0050492653818
117.89781361239523 84.99902250108552
117.80955190437793 84.99391155068176
117.72177973087003 84.98971562215773
117.63450904388255 84.98643392350064
117.5477517954265 84.98406566269773
117.46151993751293 84.98261004773623
117.37582542215284 84.98206628660336
117.29068020135728 84.98243358728632
117.20609622713718 84.98371115777235
117.12208545150368 84.98589820604869
117.03865982646772 84.98899394010253
116.95583130404037 84.99299756792112
116.87361183623261 84.99790829749168
116.79201337505549 85.0037253368014
116.71104787252 85.01044789383754
116.6307272806372 85.0180751765873
116.5510635514181 85.02660639303792
116.47206863687371 85.03604075117661
116.39375448901504 85.04637745899059
116.31613305985312 85.05761572446708
116.23921630139901 85.06975475559335
116.16301616566366 85.08279376035658
116.08754460465816 85.09673194674394
116.01281357039348 85.11156852274277
115.93883501488068 85.12730269634024
115.86562089013077 85.14393367552353
115.79318314815475 85.16146066827991
115.72153374096368 85.17988288259662
115.65068462056853 85.19919952646082
115.58064773898032 85.21940980785978
115.51143504821015 85.24051293478071
115.44305850026896 85.26250811521084
115.37553004716781 85.28539455713738
115.3088616409177 85.30917146854758
115.24306523352968 85.3338380574286
115.17815277701474 85.35939353176772
115.11413622338395 85.38583709955218
115.05102752464825 85.41316796876913
114.98883863281871 85.44138534740586
114.92758149990641 85.47048844344954
114.86726807792223 85.50047646488746
114.80791031887733 85.53134861970676
114.74952017478265 85.5631041158947
114.69210959764922 85.59574216143854
114.63569053948808 85.62926196432545
114.58027495231026 85.66366273254268
114.52587478812674 85.69894367407744
114.4725019989486 85.73510399691695
114.4201685367868 85.77214290904845
114.36888635365241 85.81005961845914
114.31866740155641 85.8488533331363
114.26952363250987 85.88852326106706
114.22146699852378 85.92906861023872
114.17450945160915 85.97048858863846
114.12866294377699 86.01278240425351
114.08393942703839 86.05594926507112
114.0403508534043 86.0999883790785
113.99790917488576 86.14489895426284
113.95662634349384 86.19068019861142
113.91651431123951 86.23733132011141
113.87758503013377 86.28485152675006
113.83985045218769 86.33324002651457
113.80332252941227 86.38249602739221
113.76801321381856 86.43261873737013
113.73393445741755 86.48360736443566
113.70109821222023 86.5354611165759
113.66951643023766 86.58817920177816
113.63920106348091 86.64176082802962
113.61016406396092 86.6962052033175
113.58241738368876 86.75151153562906
113.5559729746754 86.80767903295153
113.53084278893189 86.86470690327205
113.5070387784693 86.92259435457791
113.4845728952986 86.98134059485633
113.46345709143077 87.04094483209454
113.44370331887694 87.10140627427974
113.42532352964803 87.16272412939915
113.4083296757551 87.22489760544
113.39273370920917 87.28792591038953
113.37854758202126 87.35180825223492
113.3657832462024 87.41654383896343
113.35445265376363 87.4821318785623
113.34456775671592 87.54857157901868
113.33614050707033 87.61586214831986
113.32918285683783 87.68400279445304
113.32370675802952 87.75299272540546
113.31972416265637 87.82283114916432
113.31724702272942 87.89351727371684
113.31628729025968 87.96505030705025
113.31685691725815 88.03742945715177
113.3189678557359 88.11065393200863
113.32263148879557 88.18472239119376
113.32784998912726 88.25962461565837
113.33461806444932 88.33534319029602
113.34293020749828 88.41186049276283
113.35278091101063 88.48915890071486
113.36416466772278 88.5672207918082
113.37707597037128 88.64602854369893
113.3915093116926 88.72556453404316
113.40745918442322 88.80581114049691
113.42492008129959 88.88675074071635
113.44388649505824 88.96836571235745
113.46435291843565 89.0506384330764
113.48631384416825 89.13355128052922
113.50976376499261 89.21708663237197
113.53469717364516 89.3012268662608
113.56110856286236 89.38595435985174
113.58899242538074 89.4712514908009
113.61834325393676 89.55710063676432
113.6491555412669 89.64348417539814
113.68142378010768 89.73038448435842
113.71514246319553 89.81778394130122
113.75030608326695 89.90566492388264
113.78690913305844 89.99400980975874
113.82494610530647 90.08280097658562
113.86441149274755 90.17202080201938
113.90529978811814 90.26165166371608
113.94760548415469 90.35167593933178
113.99132307359375 90.4420760065226
114.03644704917176 90.5328342429446
114.0829719036252 90.62393302625388
114.1308921296906 90.71535473410651
114.18020222010436 90.80708174415855
114.23089666760305 90.89909643406615
114.2829699649231 90.99138118148527
114.33641660480099 91.08391836407209
114.39123107997325 91.17669035948272
114.44740788317633 91.26967954537311
114.50494150714673 91.36286829939948
114.5638264446209 91.45623899921782
114.62405718833533 91.54977402248423
114.68562823102656 91.64345574685485
114.74853406543102 91.7372665499857
114.8127691842852 91.83118880953283
114.87832808032556 91.92520490315245
114.94520524628865 92.0192972085005
115.0133951749109 92.11344810323315
115.08289235892882 92.20763996500644
115.15369129107886 92.30185517147648
115.2257864640975 92.39607610029933
115.29917237072131 92.49028512913107
115.37384350368664 92.58446463562778
115.44979435573009 92.67859699744555
115.52701941958809 92.77266459224049
115.60551318799708 92.86664979766861
115.68527015369364 92.96053499138607
115.7662848094142 93.0543025510489
115.84855164789523 93.1479348543132
115.93206516187328 93.24141427883511
116.01681984408476 93.33472320227057
116.10281018726613 93.42784400227576
116.190030684154 93.52075905650678
116.27847582748468 93.61345074261965
116.36814010999484 93.70590143827047
116.45901802442084 93.79809352111536
116.55110406349918 93.89000936881035
116.64439271996635 93.98163135901153
116.73887848655887 94.07294186937501
116.83455585601318 94.16392327755686
116.93141932106575 94.25455796121312
117.02946337445314 94.34482829799997
117.12868250891172 94.43471666557336
117.22907121717807 94.52420544158949
117.33062399198866 94.6132770037044
117.4333353260799 94.7019137295741
117.53719971218838 94.79009799685481
117.64221164305047 94.8778121832025
117.74836561140278 94.96503866627327
117.85565610998167 95.05175982372326
117.96407763152371 95.13795803320849
118.07362466876533 95.22361567238507
118.18429171444305 95.30871511890908
118.29607326129333 95.3932387504366
118.40896380205268 95.47716894462367
118.52295782945755 95.56048807912646
118.63804983624443 95.64317853160097
118.75423431514977 95.72522267970331
118.87150575891017 95.80660290108959
118.98985866026199 95.88730157341584
119.10928751194177 95.96730107433817
119.22978680668602 96.04658378151268
119.3513510372311 96.12513207259538
119.47397469631366 96.20292832524247
119.59765227667008 96.27995491710992
119.72237827103683 96.35619422585384
119.84814717215045 96.43162862913036
119.97495347274742 96.50624050459551
120.10279166556415 96.58001222990536
120.23165624333727 96.65292618271609
120.36154169880308 96.72496474068365
120.49244252469819 96.79611028146421
120.62435321375908 96.86634518271384
120.75726825872216 96.93565182208859
120.89118215232395 97.00401257724455
121.026089387301 97.07140982583785
121.16198445638967 97.13782594552447
121.2988618523265 97.20324331396058
121.43671606784801 97.26764430880223
121.57554159569064 97.33101130770551
121.71533292859085 97.39332668832648
121.85608455928521 97.45457282832129
121.99779098051009 97.51473210534593
122.14044668500206 97.57378689705652
122.28404616549761 97.63171958110917
122.42858391473308 97.68851253515987
122.57405442544518 97.74414813686482
122.72045219037024 97.79860876388004
122.86777170224474 97.8518767938616
123.01600745380526 97.90393460446563
123.16515393778819 97.95476457334817
123.31520564693002 98.0043490781653
123.46615707396735 98.05267049657314
123.61800271163649 98.09971120622775
123.77073705267404 98.14545358478519
123.92435458981647 98.18988000990157
124.07884981580021 98.23297285923293
124.23421722336175 98.2747145104354
124.39045130523768 98.31508734116507
124.54754655416433 98.35407372907797
124.70549746287828 98.39165605183021
124.864298524116 98.42781668707788
125.0239442306139 98.46253801247701
125.18442907510862 98.49580240568378
125.34574755033654 98.52759224435421
125.50789414903406 98.55788990614433
125.67086336393785 98.58667776871032
125.83464968778425 98.61393820970817
125.99924761330979 98.63965360679407
126.16465163325098 98.663806337624
126.33085624034426 98.6863787798541
126.49785592732611 98.70735331114042
126.6656451869331 98.72671230913909
126.8342185119016 98.74443815150613
127.00357039496812 98.76051321589763
127.17369532886923 98.77491987996973
127.34458780634131 98.78764052137845
127.51624232012085 98.7986575177799
127.68865336294441 98.80795324683014
127.86181542754841 98.81551008618528
128.03572300666931 98.82131041350138
128.21037059304368 98.82533660643452
128.38575267940791 98.82757104264083
128.5618637584986 98.82799609977631
128.73869832305215 98.82659415549709
128.91625086580495 98.82334758745927
129.0945158794937 98.81823877331887
129.27348785685476 98.81125009073206
129.45316129062456 98.80236391735482
129.63353067353972 98.79156263084329
129.81459049833663 98.77882860885356
129.99633525775175 98.76414422904168
130.17875944452166 98.74749186906374
130.36185755138277 98.72885390657584
130.54562407107156 98.70821271923404
130.73005349632462 98.68555068469445
130.91514031987825 98.6608501806131
131.10087903446905 98.63409358464614
131.28726413283357 98.60526327444958
131.47429010770813 98.57434162767956
131.6619514518293 98.54131102199212
131.8502426579336 98.50615383504336
132.03915821875736 98.46885244448939
132.22869262703728 98.42938922798623
132.41884037550972 98.38774656318998
132.60959595691108 98.34390682775678
132.80095386397807 98.29785239934264
132.99290858944698 98.24956565560369
133.1854546260544 98.199028974196
133.37858646653675 98.14622473277556
133.57229860363051 98.0911353089986
133.7665855300722 98.03374308052112
133.9614417385983 97.97403042499921
134.15686172194526 97.91197972008896
134.35283997284964 97.8475733434465
134.5493709840478 97.78079367272775
134.74644924827638 97.711623085589
134.94406925827167 97.6400439596862
135.1422255067704 97.56603867267548
135.34091248650876 97.48958960221285
135.54012469022342 97.4106791259545
135.73985661065092 97.32928962155644
135.94010274052752 97.24540346667482
136.14085757258997 97.15900303896561
136.34211559957456 97.07007071608494
136.5438713142178 96.978588875689
136.74611920925625 96.88453989543368
136.9488537774263 96.78790615297521
137.15206951146448 96.6886700259696
137.35576090410734 96.58681389207293
137.55992244809124 96.48232012894135
137.76454863615274 96.37517111423088
137.96963396102834 96.26534922559759
138.17517291545445 96.15283684069762
138.38115999216757 96.03761633718702
138.58758968390424 95.91967009272182
138.7944564834009 95.7989804849582
139.001754883394 95.67552989155219
139.2094793766201 95.54930069015982
139.41762445581557 95.42027525843734
139.6261846137171 95.28843597404064
139.835154343061 95.15376521462584
140.04452813658372 95.01624535784919
140.2543004870219 94.87585878136653
140.46446588711188 94.7325878628341
140.67501882959021 94.58641497990791
140.88595380719343 94.43732251024407
141.09726531265792 94.2852928314987
141.3089478387202 94.13030832132782
141.5209958781168 93.97235135738747
141.73340392358412 93.81140431733385
141.94616646785866 93.64744957882299
142.159278003677 93.48046951951095
142.37273302377548 93.31044651705383
142.58652602089066 93.13736294910773
142.80065148775907 92.96120119332865
143.0151039171171 92.78194362737281
143.2298778017013 92.5995726288962
143.44496763424812 92.41407057555485
143.66036790749396 92.225419845005
143.8760731141755 92.03360281490258
144.0920777470291 91.83860186290367
144.3083762987912 91.64039936666458
144.52496326219838 91.43897770384108
144.7418331299871 91.23431925208945
144.95898039489376 91.02640638906573
145.17639954965503 90.81522149242592
145.3940850870072 90.60074693982622
145.61203149968676 90.38296510892265
145.8302332804304 90.16185837737127
146.0486849219744 89.93740912282826
146.2673809170553 89.70959972294962
146.48631575840963 89.47841255539137
146.70548393877374 89.24382999780973
146.92487995088428 89.00583442786075
147.14449828747766 88.76440822320039
147.3643334412903 88.5195337614849
147.5843799050588 88.27119342037028
147.80463217151961 88.01936957751253
148.0250847334091 87.764044610568
148.24573208346393 87.50520089719241
