129.68679545907847 93.61792112976141
129.88046487880948 93.75924343442756
130.070055106021 93.89601409033473
130.25558874885775 94.02827261216308
130.43708841546456 94.15605851459266
130.61457671398605 94.27941131230358
130.7880762525671 94.39837051997591
130.95760963935237 94.51297565228975
131.12319948248663 94.62326622392516
131.2848683901146 94.72928174956225
131.442638970381 94.83106174388107
131.59653383143066 94.92864572156174
131.74657558140825 95.02207319728431
131.89278682845855 95.11138368572892
132.03519018072623 95.19661670157562
132.17380824635615 95.27781175950449
132.30866363349293 95.35500837419562
132.43977895028146 95.42824606032912
132.5671768048663 95.49756433258503
132.69087980539237 95.56300270564347
132.81091056000432 95.62460069418448
132.9272916768469 95.68239781288824
133.0400457640648 95.73643357643473
133.1491954298029 95.7867474995041
133.2547632822058 95.83337909677641
133.35677192941833 95.87636788293176
133.45524397958522 95.91575337265024
133.55020204085116 95.95157508061187
133.64166872136101 95.98387252149683
133.72966662925938 96.01268520998518
133.81421837269107 96.03805266075695
133.89534655980086 96.06001438849226
133.97307379873345 96.07860990787121
134.04742269763358 96.09387873357389
134.11841586464598 96.10586038028032
134.1860759079154 96.11459436267067
134.25042543558664 96.12012019542497
134.3114870558044 96.12247739322332
134.36928337671344 96.12170547074585
134.42383700645843 96.11784394267256
134.47517055318417 96.11093232368361
134.52330662503545 96.10101012845905
134.5682678301569 96.08811687167895
134.61007677669338 96.07229206802343
134.64875607278958 96.05357523217258
134.6843283265902 96.03200587880643
134.71681614624006 96.0076235226051
134.74624213988386 95.98046767824871
134.77262891566633 95.95057786041728
134.79599908173228 95.91799358379095
134.81637524622636 95.88275436304974
134.83378001729335 95.84489971287383
134.84823600307803 95.80446914794322
134.8597658117251 95.76150218293805
134.86839205137935 95.71603833253835
134.87413733018548 95.66811711142425
134.87702425628822 95.61777803427583
134.87707543783233 95.56506061577318
134.87431348296258 95.51000437059633
134.8687609998237 95.45264881342548
134.8604405965604 95.39303345894056
134.84937488131746 95.3311978218218
134.8355864622396 95.26718141674921
134.81909794747156 95.2010237584029
134.79993194515814 95.13276436146292
134.778111063444 95.0624427406094
134.75365791047392 94.99009841052238
134.72659509439265 94.915770885882
134.69694522334495 94.8394996813683
134.66473090547547 94.76132431166138
134.6299747489291 94.68128429144134
134.5926993618505 94.59941913538823
134.5529273523844 94.51576835818217
134.51068132867553 94.43037147450323
134.4659838988687 94.3432679990315
134.41885767110858 94.25449744644703
134.36932525353998 94.16409933142998
134.31740925430762 94.0721131686604
134.26313228155615 93.97857847281833
134.2065169434305 93.88353475858393
134.14758584807527 93.78702154063723
134.08636160363525 93.6890783336583
134.02286681825515 93.58974465232731
133.95712410007977 93.48906001132428
133.8891560572538 93.3870639253293
133.81898529792198 93.28379590902246
133.74663443022914 93.17929547708385
133.6721260623199 93.07360214419359
133.5954828023391 92.96675542503172
133.51672725843144 92.8587948342783
133.43588203874165 92.74975988661346
133.3529697514145 92.63969009671729
133.2680130045947 92.52862497926986
133.18103440642707 92.41660404895129
133.09205656505625 92.30366682044158
133.00110208862705 92.18985280842085
132.9081935852842 92.07520152756925
132.81335366317242 91.95975249256682
132.7166049304365 91.84354521809361
132.6179699952211 91.72661921882975
132.51747146567106 91.60901400945534
132.41513194993104 91.4907691046504
132.31097405614585 91.37192401909506
132.20502039246023 91.25251826746943
132.09729356701885 91.13259136445353
131.9878161879665 91.01218282472749
131.87661086344795 90.89133216297138
131.76370020160792 90.77007889386529
131.6491068105911 90.6484625320893
131.5328532985423 90.5265225923235
131.4149622736063 90.404298589248
131.29545634392773 90.28183003754283
131.1743581176514 90.15915645188812
131.05169020292206 90.03631734696394
130.9274752078844 89.9133522374504
130.8017357406832 89.79030063802753
130.6744944094632 89.66720206337547
130.54577382236914 89.54409534568964
130.4155965875458 89.42100990812774
130.28398531313783 89.29796832063772
130.1509626072901 89.17499299800032
130.01655107814722 89.05210635499625
129.88077333385402 88.92933080640637
129.74365198255526 88.80668876701145
129.6052096323956 88.68420265159226
129.46546889151983 88.56189487492959
129.3244523680727 88.43978785180418
129.18218267019893 88.31790399699685
129.0386824060433 88.19626572528841
128.8939741837505 88.07489545145954
128.7480806114653 87.9538155902911
128.60102429733243 87.83304855656387
128.45282784949663 87.7126167650586
128.3035138761027 87.5925426305561
128.15310498529533 87.47284856783708
128.00162378521927 87.35355699168242
127.84909288401926 87.23469031687281
127.69553488984006 87.11627095818913
127.5409724108264 86.99832133041207
127.38542805512299 86.88086384832243
127.22892443087464 86.76392092670102
127.07148414622607 86.64751498032861
126.91312980932199 86.53166842398596
126.75388402830717 86.41640367245385
126.59376941132633 86.3017431405131
126.43280856652426 86.18770924294445
126.27102410204567 86.07432439452872
126.1084386260353 85.96161101004662
125.94507474663789 85.84959150427898
125.78095507199819 85.73828829200657
125.61610221026093 85.62772378801021
125.4505387695709 85.51792040707062
125.28428735807285 85.40890056396861
125.11737058391142 85.30068667348496
124.94981105523144 85.19330115040043
124.78163138017759 85.08676640949584
124.61285416689469 84.98110486555194
124.44350202352744 84.87633893334952
124.27359755822059 84.77249102766935
124.10316337911883 84.6695835632922
123.932222094367 84.56763895499888
123.7607963121098 84.46667961757015
123.58890864049197 84.3667279657868
123.41658168765825 84.26780641442961
123.24383806175335 84.16993737827936
123.07070037092205 84.0731432721168
122.89719122330912 83.97744651072277
122.72333322705927 83.88286950887803
122.54914899031726 83.7894346813633
122.37466112122775 83.69716444295945
122.1998922279356 83.6060812084472
122.0248649185855 83.51620739260734
121.84960180132217 83.42756541022067
121.67412548429041 83.34017767606795
121.49845857563494 83.25406660492999
121.32262368350048 83.16925461158755
121.14664341603175 83.08576411082137
120.97054038137355 83.00361751741231
120.79433718767068 82.92283724614109
120.61805644306773 82.8434457117885
120.4417207557095 82.76546532913535
120.2653527337408 82.68891851296242
120.08897498530628 82.61382767805043
119.91261011855075 82.5402152391802
119.73628074161894 82.46810361113256
119.56000946265556 82.39751520868822
119.3838188898054 82.32847244662796
119.20773163121316 82.2609977397326
119.03177029502363 82.19511350278289
118.8559574893815 82.13084215055962
118.68031582243151 82.06820609784357
118.50486790231845 82.00722775941554
118.32963633718704 81.94792955005627
118.15464373518202 81.89033388454658
117.97991270444817 81.83446317766722
117.80546585313019 81.780339844199
117.63132578937281 81.72798629892266
117.4575151213208 81.67742495661902
117.28405645711892 81.62867823206885
117.11097240491188 81.58176854005292
116.93828557284442 81.53671829535199
116.7660185690613 81.49354991274689
116.59419400170727 81.45228580701836
116.42283447892704 81.41294839294723
116.2519626088654 81.3755600853142
116.08160099966707 81.34014329890013
115.91177225947676 81.30672044848575
115.7424989964393 81.27531394885183
115.57380381869933 81.2459462147792
115.40570933440166 81.2186396610486
115.238238151691 81.19341670244086
115.0714128787121 81.1702997537367
114.9052561236097 81.14931122971693
114.73979049452856 81.13047354516232
114.5750385996134 81.11380911485368
114.41102304700901 81.09934035357173
114.2477664448601 81.0870896760973
114.08529140131138 81.07707949721117
113.92362052450764 81.0693322316941
113.7627764225936 81.06387029432689
113.60278170371406 81.0607160998903
113.44365897601364 81.05989206316511
113.28543084763719 81.06142059893212
113.1281199267294 81.0653241219721
112.97174882143503 81.07162504706582
112.81634013989883 81.08034578899407
112.66191649026555 81.09150876253763
112.50850048067991 81.10513638247727
112.35611346742517 81.12124822301953
112.20476352568545 81.13983372249027
112.05445072981611 81.16086416469246
111.90517504415511 81.18431058379053
111.7569364330403 81.21014401394902
111.60973486080965 81.23833548933236
111.46357029180108 81.26885604410505
111.3184426903525 81.30167671243153
111.17435202080182 81.33676852847633
111.03129824748703 81.37410252640386
110.8892813347459 81.41364974037862
110.74830124691648 81.4553812045651
110.60835794833666 81.49926795312777
110.46945140334435 81.54528102023109
110.33158157627744 81.59339144003954
110.19474843147385 81.64357024671757
110.05895193327156 81.69578847442972
109.92419204600846 81.75001715734042
109.79046873402245 81.80622732961413
109.65778196165147 81.86439002541536
109.52613169323342 81.92447627890856
109.39551789310624 81.9864571242582
109.2659405256078 82.05030359562878
109.13739955507612 82.11598672718478
109.00989494584906 82.18347755309061
108.88342666226445 82.25274710751081
108.75799466866036 82.32376642460984
108.63359892937466 82.39650653855216
108.5102394087452 82.47093848350224
108.38791607110998 82.54703329362458
108.26662888080693 82.62476200308365
108.14637780217389 82.70409564604388
108.02716279954883 82.78500525666982
107.90898383726964 82.86746186912588
107.79184087967433 82.95143651757655
107.67573389110069 83.03690023618633
107.56066283588672 83.12382405911966
107.44662767837028 83.21217902054104
107.33362838288937 83.30193615461492
107.22166491378185 83.39306649550582
107.11073723538564 83.48554107737817
107.0008453120387 83.57933093439644
106.89198910807892 83.67440710072513
106.78416858784419 83.7707406105287
106.6773837156725 83.86830249797167
106.57163445590174 83.96706379721843
106.4669207728698 84.06699554243349
106.36324263091461 84.16806876778138
106.26059999437409 84.2702545074265
106.15899282758618 84.37352379553336
106.05842109488881 84.47784766626641
105.95888476061985 84.58319715379017
105.8603837891173 84.68954329226906
105.76291814471898 84.79685711586761
105.66648779176282 84.90510965875023
105.57109269458682 85.01427195508143
105.47673281752886 85.12431503902569
105.38340812492682 85.23520994474747
105.29111858111864 85.34692770641125
105.19986415044231 85.45943935818153
105.10964479723565 85.5727175663657
105.02046048583661 85.68674971623788
104.93231118058314 85.80153099499088
104.84519684581312 85.91705666126354
104.7591174458645 86.03332197369473
104.6740729450752 86.15032219092329
104.59006330778311 86.26805257158816
104.50708849832614 86.38650837432814
104.42514848104227 86.50568485778216
104.34424322026935 86.62557728058906
104.26437268034536 86.74618090138773
104.18553682560817 86.86749097881703
104.10773562039573 86.98950277151586
104.03096902904598 87.112211538123
103.95523701589676 87.23561253727746
103.88053954528607 87.35970102761803
103.80687658155178 87.48447226778357
103.73424808903182 87.60992151641301
103.66265403206413 87.73604403214517
103.59209437498662 87.86283507361895
103.5225690821372 87.99028989947323
103.45407811785378 88.11840376834688
103.3866214464743 88.24717193887874
103.32019903233669 88.37658966970768
103.25481083977883 88.50665221947263
103.19045683313867 88.63735484681241
103.1271369767541 88.7686928103659
103.06485123496309 88.90066136877203
103.00359957210351 89.0332557806696
102.9433819525133 89.1664713046975
102.88419834053036 89.30030319949462
102.82604870049263 89.43474672369985
102.76893299673807 89.56979713595199
102.7128511936045 89.70544969488998
102.6578032554299 89.84169965915265
102.60378914655222 89.9785422873789
102.5508088313093 90.11597283820761
102.49886227403913 90.25398657027763
102.44794943907958 90.39257874222783
102.3980702907686 90.53174461269711
102.3492247934441 90.67147944032432
102.30141291144399 90.81177848374833
102.2546346091062 90.95263700160804
102.20888985076863 91.09405025254226
102.16417860076926 91.23601349518995
102.12050082344592 91.37852198818989
102.0778564831366 91.52157099018103
102.03624554417918 91.66515575980223
101.9956679709116 91.8092715556923
101.95612372767177 91.95391363649019
101.9176127787976 92.09907726083473
101.88013508862703 92.24475768736478
101.84369062149797 92.39095017471926
101.80827934174835 92.53764998153703
101.77390121371603 92.68485236645692
101.74055620173904 92.83255258811785
101.7082442701552 92.98074590515864
101.67696538330247 93.12942757621823
101.64671950551877 93.27859285993544
101.61750660114201 93.42823701494915
101.58932663451012 93.57835529989826
101.56217956996099 93.72894297342164
101.53606537183259 93.87999529415814
101.5109840044628 94.03150752074663
101.48693543218955 94.18347491182601
101.46391961935076 94.33589272603511
101.44193653028437 94.48875622201285
101.42098612932824 94.64206065839805
101.40106838082035 94.79580129382965
101.38218324909857 94.94997338694645
101.36433069850086 95.10457219638737
101.34751069336514 95.25959298079127
101.33172319802928 95.41503099879704
101.31696817683127 95.57088150904349
101.30324559410899 95.72713977016961
101.29055541420033 95.88380104081415
101.27889760144325 96.04086057961605
101.26827212017568 96.19831364521411
101.2586789347355 96.35615549624734
101.25011800946065 96.51438139135449
101.24258930868906 96.67298658917444
101.23609279675861 96.83196634834613
101.23062843800729 96.9913159275084
101.22619619677295 97.15103058530009
101.22279603739354 97.31110558036015
101.22042792420697 97.4715361713274
101.21909182155116 97.63231761684067
101.21878769376404 97.7934451755389
101.21951550518351 97.95491410606094
101.2212752201475 98.11671966704566
101.22406680299395 98.27885711713193
101.22789021806074 98.44132171495865
101.23274542968582 98.60410871916466
101.23863240220707 98.76721338838881
101.24555109996247 98.93063098127004
101.2535014872899 99.0943567564472
101.26248352852728 99.25838597255914
101.27249718801252 99.42271388824474
101.28354243008359 99.58733576214287
101.29561921907832 99.75224685289238
101.30872751933471 99.9174424191322
101.32286729519065 100.08291771950117
101.33803851098406 100.24866801263816
101.35424113105287 100.41468855718205
101.37147511973497 100.58097461177172
101.38974044136832 100.74752143504604
101.40903706029081 100.91432428564384
101.42936494084036 101.08137842220405
101.4507240473549 101.24867910336553
101.47311434417236 101.41622158776711
101.4965357956306 101.58400113404771
101.52098836606763 101.7520130008462
101.5464720198213 101.92025244680138
101.57298672122953 102.08871473055225
101.6005324346303 102.25739511073759
101.62910912436148 102.4262888459963
101.65871675476103 102.59539119496726
101.68935529016677 102.76469741628932
101.72102469491672 102.93420276860135
101.75372493334876 103.10390251054226
101.78745596980085 103.27379190075085
101.82221776861086 103.44386619786607
101.8580102941167 103.61412066052677
101.89483351065634 103.78455054737181
101.93268738256766 103.95515111704006
101.9715718741886 104.12591762817043
102.01148694985707 104.29684533940174
102.052432573911 104.4679295093729
102.0944087106883 104.63916539672276
102.13741532452687 104.81054826009019
102.18145237976465 104.98207335811406
102.22651984073958 105.15373594943327
102.27261767178953 105.32553129268669
102.31974583725247 105.49745464651316
102.3679043014663 105.66950126955157
102.4170930287689 105.84166642044083
102.46731198349825 106.01394535781975
102.51856112999226 106.18633334032724
102.57084043258881 106.35882562660217
102.62414985562583 106.53141747528336
102.67848936344129 106.70410414500978
102.73385892037304 106.87688089442021
102.790258490759 107.04974298215356
102.84768803893718 107.22268566684875
102.9061475292454 107.39570420714456
102.96563692602162 107.56879386167988
103.02615619360377 107.74194988909369
103.08770529632977 107.91516743605078
103.15028419853748 108.08842956895784
103.21389286456488 108.26169664367995
103.27853125874988 108.43492650864503
103.34419934543038 108.60807701228097
103.41089708894435 108.78110600301565
103.47862445362966 108.953971329277
103.54738140382422 109.12663083949286
103.61716790386596 109.29904238209117
103.68798391809281 109.47116380549986
103.75982941084273 109.64295295814676
103.83270434645355 109.81436768845975
103.90660868926325 109.9853658448668
103.98154240360974 110.1559052757958
104.05750545383094 110.32594382967457
104.13449780426477 110.49543935493104
104.21251941924913 110.66434969999314
104.29157026312195 110.83263271328875
104.37165030022113 111.00024624324573
104.45275949488465 111.16714813829202
104.53489781145038 111.3332962468555
104.61806521425623 111.49864841736405
104.70226166764017 111.6631624982456
104.78748713594008 111.82679633792802
104.87374158349388 111.98950778483918
104.96102497463949 112.15125468740705
105.04933727371483 112.31199489405944
105.13867844505783 112.47168625322433
105.22904845300638 112.63028661332952
105.32044726189848 112.78775382280301
105.41287483607198 112.94404573007263
105.50633113986477 113.09912018356631
105.60081613761486 113.25293503171191
105.69632979366008 113.40544812293733
105.79287207233841 113.55661730567051
105.89044293798776 113.70640042833928
105.98904235494598 113.85475533937156
106.08867028755108 114.0016398871953
106.189326700141 114.14701192023833
106.29101155705352 114.29082928692856
106.39372482262671 114.43304983569388
106.49746646119839 114.57363141496222
106.60223643710653 114.71253187316147
106.708034714689 114.84970905871947
106.81486125828378 114.9851208200642
106.92271603222875 115.11872500562343
107.03159900086186 115.25047946382522
107.14151012852096 115.38034204309734
107.25244937954405 115.50827059186771
107.36441671826904 115.63422295856428
107.47741210903378 115.75815699161488
107.59143551617626 115.88003053944747
107.70648690403438 115.99980145048985
107.82256623694605 116.11742757317005
107.9396734792492 116.23286675591585
108.05780859528174 116.3460768471552
108.1769715493816 116.45701569531596
108.29716230588667 116.56564114882609
108.41838082913489 116.6719110561134
108.5406270834642 116.77578326560585
108.66390103321245 116.8772156257313
108.78820264271766 116.97616598491767
108.91353187631769 117.07259219159286
109.03988869835047 117.16645209418475
109.16727307315388 117.25770354112122
109.29568496506592 117.3463043808302
109.42512433842447 117.43221246173955
109.55559115756742 117.51538563227722
109.68708538683268 117.59578174087102
109.81960699055824 117.67335863594892
109.95315593308197 117.74807416593879
110.08773217874182 117.81988617926852
110.22333569187566 117.88875252436604
110.35996643682144 117.95463104965921
110.4976243779171 118.01747960357591
110.63630947950053 118.07725603454409
110.77602170590967 118.1339181909916
110.91676102148242 118.18742392134637
111.05852739055668 118.23773107403626
111.20132077747039 118.28479749748918
111.34514114656153 118.32858104013305
111.4899884621679 118.3690395503957
111.6358626886275 118.4061308767051
111.78276379027824 118.43981286748912
111.93069173145804 118.47004337117565
112.07964647650478 118.49678023619258
112.22962798975644 118.51998131096781
112.3806362355509 118.53960444392924
112.5326711782261 118.55560748350476
112.68573278211991 118.56794827812227
112.83982101157031 118.57658467620969
112.9949358309152 118.58147452619485
113.15107720449247 118.5825756765057
113.30824509664005 118.57984597557014
113.46643947169588 118.57324327181603
113.62566029399791 118.56272541367129
113.78590752788402 118.5482502495638
113.94718113769213 118.52977562792147
114.10948108776014 118.50725939717219
114.27280734242596 118.48065940574388
114.43715986602756 118.4499335020644
114.60253862290284 118.41503953456166
114.76894357738973 118.37593535166351
114.9363746938261 118.33257880179794
115.10483193654996 118.28492773339276
115.27431526989912 118.2329399948759
115.4448246582116 118.17657343467526
115.61636006582526 118.11578590121876
115.78892145707802 118.05053524293425
115.96250879630783 117.98077930824962
116.13712204785257 117.90647594559282
116.31276081868538 117.82758353197632
116.48940324082372 117.74409220839756
116.66699414107632 117.65604137817475
116.8454754790628 117.56347468553606
117.02478921440273 117.46643577470974
117.20487730671562 117.36496828992397
117.38568171562103 117.25911587540698
117.5671444007385 117.14892217538694
117.74920732168766 117.03443083409208
117.93181243808796 116.91568549575065
118.11490170955902 116.7927298045908
118.29841709572038 116.66560740484078
118.4823005561916 116.53436194072876
118.66649405059222 116.399037056483
118.85093953854187 116.25967639633164
119.03557897965997 116.11632360450291
119.2203543335662 115.96902232522505
119.40520755988004 115.81781620272626
119.5900806182211 115.66274888123472
119.77491546820889 115.50386400497867
119.95965406946301 115.3412052181863
120.14423838160292 115.17481616508589
120.32861036424829 115.00474048990549
120.51271197701865 114.83102183687345
120.69648517953347 114.65370385021792
120.87987193141242 114.47283017416711
121.06281419227501 114.28844445294925
121.24525392174078 114.10059033079253
121.42713307942931 113.9093114519252
121.6083936249601 113.71465146057535
121.78897751795279 113.51665400097136
121.96882671802685 113.31536271734132
122.14788318480194 113.11082125391347
122.3260888778975 112.903073254916
122.50338575693314 112.69216236457717
122.67971578152844 112.47813222712517
122.85502091130294 112.26102648678811
123.02924310587618 112.04088878779432
123.2023243248677 111.81776277437199
123.37420652789712 111.59169209074929
123.5448316745839 111.36272038115443
123.71414172454766 111.13089128981566
123.88207863740796 110.89624846096119
124.04858437278435 110.65883553881918
124.21360089029635 110.41869616761785
124.37707014956354 110.17587399158546
124.5389341102055 109.93041265495015
124.69913473184172 109.68235580194015
124.85761397409183 109.43174707678367
125.01431379657534 109.17863012370893
125.16917615891184 108.92304858694413
125.32214302072086 108.66504611071747
125.47315634162194 108.40466633925719
125.62215808123464 108.14195291679152
125.76909019917854 107.87694948754854
125.9138946550732 107.60969969575665
126.05651340853815 107.34024718564389
126.19688841919296 107.06863560143852
126.33496164665718 106.79490858736877
126.47067505055038 106.51910978766283
126.6039756766429 106.24128899829749
126.73486291346958 105.96155932432895
126.86336695420582 105.68007112932388
126.98951838728362 105.39697525491577
127.11334780113505 105.11242254273787
127.23488578419203 104.82656383442364
127.35416292488661 104.53954997160642
127.47120981165082 104.25153179591955
127.58605703291661 103.96266014899645
127.69873517711603 103.67308587247044
127.80927483268106 103.38295980797496
127.91770658804371 103.09243279714333
128.02406103163597 102.80165568160895
128.1283687518899 102.51077930300522
128.2306603372374 102.21995450296548
128.33096637611055 101.92933212312307
128.42931745694136 101.6390630051114
128.5257441681618 101.34929799056388
128.62027709820393 101.06018792111382
128.71294683549968 100.77188363839457
128.8037839684811 100.48453598403955
128.8928190855802 100.19829579968216
128.98008277522894 99.9133139269557
129.06560562585938 99.62974120749362
129.14941822590345 99.34772848292923
129.23155116379323 99.06742659489598
129.31203502796072 98.78898638502714
129.39090040683783 98.51255869495616
129.4681778888567 98.23829436631635
129.54389806244924 97.96634424074112
129.6180915160475 97.69685915986388
129.6907888380835 97.42998996531793
129.76202061698916 97.16588749873665
129.83181744119656 96.90470260175348
129.90020989913768 96.64658611600173
129.96722857924453 96.39168888311484
130.0329040699491 96.14016174472609
130.09726695968342 95.8921555424689
130.16034783687945 95.64782111797669
130.22217728996927 95.40730931288273
130.2827859073848 95.17077096882042
130.34220427755812 94.9383569274232
130.4004629889212 94.7102180303244
130.457592629906 94.48650511915737
130.51362378894459 94.26736903555552
130.56858705446894 94.0529606211522
130.62251301491108 93.84343071758083
130.67543225870298 93.6389301664747
130.72737537427668 93.43960980946727
130.77837295006418 93.24562048819185
130.8284555744975 93.0571130442818
130.87765383600856 92.87423831937053
130.92599832302946 92.69714715509143
130.97351962399216 92.52599039307782
131.0202483273287 92.36091887496313
131.066215021471 92.20208344238073
131.11145047076752 92.04963280383231
131.1559881212689 91.90368314996469
131.19986350900385 91.7643253287131
131.24311222526228 91.63164951792577
131.28576986133405 91.505745895451
131.32787200850908 91.38670463913701
131.3694542580772 91.27461592683201
131.4105522013284 91.16956993638438
131.45120142955244 91.07165684564228
131.4914375340393 90.98096683245402
131.5312961060788 90.89759007466783
131.57081273696087 90.82161675013197
131.6100230179754 90.75313703669468
131.64896254041227 90.69224111220426
131.6876668955614 90.63901915450896
131.72617167471262 90.593561341457
131.76451246915582 90.55595785089672
131.8027248701809 90.52629886067626
131.84084446907778 90.50467454864399
131.87890685713631 90.49117509264809
131.9169476256464 90.48589067053688
131.9550023658979 90.48891146015858
131.99310666918075 90.50032763936144
132.03129612678478 90.52022938599373
132.06960632999989 90.5487068779037
132.108072870116 90.58585029293965
132.14673133842294 90.63174980894976
132.1856173262107 90.68649560378238
132.22476642476906 90.75017785528568
132.26421422538795 90.82288674130801
132.30399631935725 90.90471243969756
132.34414829796688 90.99574512830259
132.3847057525067 91.09607498497138
132.42570427426656 91.20579218755219
132.46717945453642 91.32498691389327
132.50916688460612 91.45374934184288
132.55170215576555 91.59216964924931
132.59482085930463 91.74033801396074
132.6385585865132 91.8983446138255
132.68295092868115 92.06627962669181
132.72803347709842 92.24423323040793
132.77384182305482 92.43229560282217
132.82041155784034 92.6305569217827
132.86777827274474 92.83910736513783
132.915977559058 93.05803711073584
132.96504500807 93.28743633642495
133.0150162110706 93.5273952200534
133.06592675934965 93.77800393946944
133.11781224419715 94.03935267252142
133.17070825690288 94.31153159705754
133.22465038875677 94.59463089092608
133.27967423104872 94.88874073197526
133.33581537506856 95.19395129805328
133.39310941210627 95.51035276700854
133.45159193345165 95.83803531668924
133.51129853039458 96.17708912494365
133.5722569617178 96.5275882194896
133.63443898191008 96.88949115076312
133.697791962452 97.26270619299216
133.76226317439045 97.64714141331703
133.8277998887724 98.04270487887796
133.89434937664475 98.44930465681527
133.9618589090544 98.86684881426925
134.03027575704837 99.29524541838015
134.09954719167354 99.73440253628827
134.16962048397676 100.1842282351339
134.2404429050051 100.64463058205729
134.31196172580542 101.11551764419875
134.38412421742456 101.5967974886984
134.45687765090958 102.0883781826968
134.5301692973074 102.59016779333413
134.60394642766488 103.1020743877506
134.67815631302898 103.62400603308656
134.7527462244466 104.15587079648209
134.82766343296475 104.69757674507777
134.90285520963027 105.24903194601382
134.97826882549012 105.8101444664304
135.05385155159124 106.38082237346784
135.1295506589806 106.96097373426646
135.20531341870506 107.55050661596648
135.28108710181155 108.14932908570822
135.356818979347 108.75734921063196
135.43245632235838 109.37447505787794
135.50794640189258 110.00061438857918
135.5832364889965 110.63563331432655
135.65827385471718 111.27931444327696
135.73300577010144 111.93143041442798
135.80737950619627 112.59175386677713
135.88134233404853 113.260057439322
135.95484152470522 113.93611377105984
136.02782434921323 114.61969550098871
136.10023807861953 115.31057526810588
136.172029983971 116.00852571140891
136.24314733631456 116.7133194698954
136.3135374066972 117.42472918256279
136.38314746616578 118.1425274884085
136.45192478576726 118.86648702643046
136.5198166365486 119.59638043562602
136.5867702895567 120.33198035499272
136.6527330158385 121.0730594235281
136.7176520864409 121.81939028022971
136.7814747724108 122.57074556409509
136.84414834479523 123.32689791412179
136.90562007464106 124.08761996930735
136.9658372329952 124.85268436864934
137.02474709090458 125.62186375114528
137.08229691941614 126.3949307557927
137.1384339895768 127.1716580215892
137.19310557243355 127.95181818753223
137.24625893903328 128.73518389261943
137.29784136042286 129.52152777584809
137.34780015355713 130.31062236654526
137.39608515519296 131.10223417438692
137.44264997851 131.89612068741107
137.48744854688857 132.69203865260522
137.53043478370904 133.48974481695686
137.57156261235184 134.28899592745339
137.61078595619725 135.08954873108277
137.64805873862585 135.89115997483228
137.68333488301778 136.69358640568953
137.71656831275354 137.49658477064196
137.7477129512135 138.29991181667725
137.77672272177804 139.10332429078278
137.80355154782754 139.90657893994623
137.82815335274236 140.709432511155
137.85048205990284 141.51164175139675
137.8704915926895 142.31296340765897
137.8881358744826 143.11315422692917
137.9033688286625 143.91197095619495
137.91614437860963 144.70917034244377
137.9264164477044 145.5045091326632
137.93413895932713 146.29774407384087
137.93926583685825 147.088631912964
137.9417510036781 147.87692939702058
137.94154838316706 148.6623932729979
137.93861189870552 149.44478028788362
137.93289547367388 150.22384718866513
137.92435303145243 150.99935072232986
137.91293849542168 151.77104763586576
137.8986057889619 152.5386946762601
137.88130883545352 153.30204859050045
137.86100155827694 154.0608661255744
137.83763788081248 154.8149040284694
137.81117172644056 155.56391904617303
137.78155701854155 156.30766792567286
137.74874768049585 157.04590741395634
137.71269763568378 157.77839425801116
137.67336080748575 158.5048852048247
137.63069111928218 159.22513700138458
137.5846424944534 159.9389063946783
137.53516885637976 160.64595013169344
137.48222412844177 161.34602495941755
137.42576223401963 162.03888762483808
137.36573709649383 162.72429487494244
137.30210263924474 163.4020034567186
137.23481278565274 164.07177011715385
137.1638214590982 164.73335160323577
137.08908258296145 165.38650466195176
137.01055008062298 166.03098604028935
136.92817787546306 166.66655248523637
136.8419198908621 167.29296074378018
136.75173005020048 167.90996756290832
136.65756227685858 168.51732968960832
136.55937049421684 169.11480387086775
136.45710862565556 169.7021468536741
136.35073059455516 170.27911538501496
136.24019032429598 170.8454662118778
136.12544173825842 171.40095608125023
136.00643875982286 171.94534174011977
135.8831353123697 172.47837993547395
135.75548531927927 172.9998274143003
135.62345250248913 173.50945397879138
135.4870970277632 174.0071579290305
135.3465338830681 174.49291060800766
135.20187868856726 174.96668420102645
135.05324706442414 175.4284508933909
134.90075463080228 175.87818287040477
134.74451700786508 176.3158523173717
134.58464981577615 176.7414314195957
134.42126867469892 177.15489236238022
134.2544892047968 177.55620733102936
134.08442702623339 177.94534851084686
133.91119775917207 178.3222880871364
133.73491702377638 178.68699824520186
133.55570044020982 179.03945117034698
133.3736636286358 179.37961904787548
133.1889222092179 179.7074740630913
133.00159180211952 180.02298840129808
132.81178802750426 180.32613424779979
132.61962650553545 180.6168837879
132.42522285637673 180.89520920690265
132.22869270019143 181.16108269011144
132.03015165714314 181.41447642283026
131.8297153473953 181.6553625903628
131.62749939111146 181.88371337801289
131.423619408455 182.09950097108424
131.21819101958948 182.30269755488078
131.0113298446784 182.49327531470624
130.80315150388515 182.67120643586443
130.59377161737328 182.83646310365907
130.38330580530626 182.989017503394
130.1718696878476 183.12884182037294
129.95957888516074 183.25590823989975
129.74654901740917 183.37018894727825
129.53289570475638 183.47165612781217
129.31873456736588 183.5602819668053
129.10418122540113 183.63603864956139
128.88935129902563 183.6988983613843
128.67436040840283 183.74883328757778
128.45932417369627 183.78581561344566
128.24435821506938 183.80981752429167
128.02957815268567 183.82081120541966
127.81509960670866 183.81876884213335
127.60103819730176 183.80366261973657
127.38750954462849 183.77546472353308
127.17462926885231 183.73414733882666
126.96251299013674 183.67968265092117
126.75127632864533 183.61204284512033
126.54103490454143 183.531200106728
126.33190433798856 183.43712662104787
126.12400024915021 183.3297945733838
125.91743825818989 183.2091761490395
125.71233398527114 183.0752435333189
125.50880305055728 182.92796891152562
125.30696107421191 182.7673244689636
125.10692367639851 182.5932823909365
124.90880647728055 182.4058148627482
124.71274076516407 182.20491877363952
124.5189354841127 181.9907134525687
124.327623592472 181.7633560917766
124.13903805566001 181.5230038946552
123.9534118390948 181.2698140645966
123.77097790819455 181.00394380499296
123.59196922837731 180.72555031923645
123.41661876506119 180.434790810719
123.2451594836643 180.1318224828329
123.07782434960473 179.8168025389701
122.9148463283006 179.48988818252283
122.75645838517002 179.15123661688324
122.60289348563109 178.80100504544322
122.45438459510186 178.43935067159507
122.31116467900046 178.06643069873078
122.17346670274499 177.6824023302425
122.04152363175362 177.2874227695225
121.91556843144431 176.88164921996258
121.79583406723529 176.465238884955
121.68255350454459 176.03834896789195
121.57595970879035 175.6011366721654
121.47628564539063 175.15375920116747
121.38376427976358 174.69637375829035
121.29862857732726 174.2291375469261
121.22111150349986 173.75220777046684
121.15144602369935 173.26574163230467
121.08986510334393 172.76989633583167
121.03660170785164 172.26482908443998
120.99188880264062 171.75069708152168
120.95595935312896 171.22765753046892
120.92904632473476 170.69586763467382
120.91138268287612 170.1554845975284
120.90320139297116 169.60666562242503
120.90473542043796 169.0495679127554
120.9162177306946 168.48434867191185
120.93788128915924 167.91116510328646
120.96995906124995 167.33017441027133
121.01268401238482 166.74153379625872
121.06628910798194 166.1454004646405
121.13100731345946 165.54193161880875
121.20707159423547 164.93128446215582
121.29471491572808 164.31361619807362
121.39417024335535 163.68908402995433
121.5056705425354 163.05784516119007
121.62944877868632 162.4200567951729
121.76573791722625 161.77587613529502
121.91477092357326 161.12546038494847
122.07678076314545 160.46896674752531
122.25200040136095 159.80655242641777
122.44066280363782 159.1383746250178
122.64300093539418 158.46459054671772
122.85924776204818 157.78535739490943
123.08963624901783 157.10083237298517
123.33439936172122 156.41117268433715
123.59377006557659 155.7165355323571
123.86798241664982 155.01708143664752
124.15727893196181 154.31299664308315
124.46190608330058 153.60447942235345
124.78211036486894 152.89172811330283
125.1181382708699 152.17494105477581
125.47023629550662 151.4543165856163
125.83865093298195 150.7300530446689
126.2236286774989 150.00234877077799
126.62541602326043 149.27140210278785
127.04425946446952 148.53741137954285
127.48040549532917 147.80057493988735
127.93410061004231 147.06109112266572
128.40559130281196 146.31915826672233
128.89512406784112 145.57497471090144
129.4029453993327 144.82873879404752
129.92930179148976 144.08064885500485
130.4744397385152 143.3309032326178
131.03860573461208 142.5797002657307
131.6220462739833 141.82723829318797
132.2250078508317 141.07371565383409
132.8477369593606 140.31933068651298
133.49048009377287 139.56428173006935
134.15348374827138 138.80876712334742
134.83699441705917 138.05298520519153
135.54125859433924 137.29713431444605
136.26652277431432 136.54141278995561
137.01303345118782 135.7860189705641
137.78103711916248 135.03115119511608
138.57078027782603 134.27700780245587
139.38250951704066 133.5237871314279
140.2164715014858 132.77168752087644
141.0729128980996 132.02090730964588
141.95208037382028 131.27164483658055
142.8542205955861 130.52409844052485
143.77958023033523 129.77846646032307
144.728405945006 129.0349472348196
145.70094440653654 128.2937391028588
146.6974422818652 127.55504040328505
147.71814623793006 126.8190494749426
148.7633029416695 126.0859646566759
149.83315906002167 125.35598428732924
150.9279612599245 124.62930670574718
152.04795620831686 123.9061302507737
153.19339057213665 123.18665326125337
154.3645110183222 122.47107407603046
155.56156421381152 121.75959103394939
156.7847968255427 121.05240247385473
158.0344555204546 120.34970673459036
159.31078696548508 119.65170215500088
160.61403782757242 118.95858707393064
161.94445477365485 118.27055983022396
163.30228447067051 117.58781876272519
164.68777358555772 116.91056221027878
166.10116878525469 116.23898851172896
167.5427167366997 115.57329600592013
169.0126641068309 114.91368303169665
