100.9086331919976 116.03510439427895
100.76771051135454 116.20072549371507
100.6339444950199 116.36354865358139
100.50726760431024 116.52348271283817
100.38761230054229 116.6804365104457
100.2749110450326 116.8343188853643
100.1690962990978 116.98503867655421
100.07010052405455 117.13250472297575
99.97785618121944 117.27662586358919
99.89229573190907 117.41731093735486
99.81335163744014 117.55446878323299
99.7409563591292 117.68800824018386
99.67504235829296 117.81783814716789
99.61554209624796 117.9438673431452
99.56238803431087 118.06600466707619
99.51551263379834 118.18415895792111
99.47484835602694 118.29823905464029
99.44032766231332 118.40815379619391
99.41188301397405 118.51381202154239
99.38944687232589 118.61512256964589
99.37295169868531 118.71199427946486
99.36232995436906 118.80433598995944
99.35751410069366 118.89205654008998
99.35843659897584 118.97506476881681
99.36502991053213 119.05326951510013
99.37722649667921 119.12657961790029
99.39495881873368 119.19490391617757
99.41815933801219 119.25815124889225
99.44676051583137 119.31623045500459
99.48069481350778 119.36905037347493
99.51989469235811 119.41651984326356
99.564292613699 119.45854770333072
99.613821038847 119.49504279263675
99.66841242911879 119.52591395014188
99.72799924583097 119.55107001480647
99.79251395030022 119.57041982559078
99.86188900384309 119.58387222145507
99.93605686777622 119.59133604135963
100.01495000341627 119.59272012426482
100.09850087207984 119.58793330913085
100.18664193508356 119.57688443491804
100.27930565374405 119.55948234058667
100.37642448937798 119.53563586509705
100.4779309033019 119.50525384740948
100.58375735683246 119.46824512648419
100.6938363112863 119.42451854128151
100.80810022798006 119.37398293076171
100.92648156823036 119.31654713388512
101.04891279335378 119.25211998961197
101.175326364667 119.18061033690262
101.3056547434866 119.10192701471728
101.43983039112923 119.01597886201628
101.57778576891154 118.92267471775992
101.71945333815007 118.82192342090846
101.86476556016154 118.71363381042222
102.01365489626254 118.59771472526145
102.16605380776966 118.4740750043865
102.3218947559996 118.34262348675762
102.4811102022689 118.20326901133505
102.64363260789425 118.05592041707915
102.80939443419223 117.9004865429502
102.97832814247951 117.7368762279085
103.15036619407266 117.56499831091428
103.32544105028836 117.38476163092785
103.5034851724432 117.19612301308011
103.68443102185383 116.99925633156325
103.86821105983687 116.79439679865816
104.0547577477089 116.58177963037612
104.2440035467866 116.36164004272851
104.43588091838656 116.1342132517266
104.63032232382544 115.89973447338183
104.82726022441985 115.65843892370545
105.02662708148638 115.41056181870881
105.22835535634174 115.1563383744032
105.43237751030246 114.89600380680002
105.63862600468521 114.62979333191056
105.8470333008066 114.35794216574621
106.05753185998331 114.08068552431817
106.2700541435319 113.7982586236379
106.48453261276899 113.51089667971672
106.70089972901124 113.21883490856592
106.91908795357527 112.92230852619682
107.13902974777768 112.62155274862076
107.36065757293514 112.31680279184908
107.58390389036428 112.00829387189314
107.80870116138165 111.69626120476426
108.03498184730392 111.38094000647372
108.26267840944774 111.06256549303293
108.49172330912971 110.74137288045314
108.72204900766643 110.41759738474576
108.95358796637456 110.09147422192206
109.18627264657074 109.7632386079934
109.42003550957153 109.4331257589711
109.65480901669363 109.10137089086653
109.8905256292536 108.76820921969096
110.12711780856812 108.43387596145575
110.36451801595378 108.09860633217225
110.60265871272722 107.76263554785177
110.84147236020507 107.42619882450565
111.08089141970393 107.0895313781452
111.32084835254044 106.75286842478178
111.56127562003122 106.41644518042673
111.80210568349293 106.0804968610913
112.04327100424213 105.74525868278695
112.28470404359553 105.41096586152489
112.52633726286962 105.07785361331656
112.76810312338121 104.74615715417319
113.00993408644676 104.41611170010621
113.25176261338298 104.08795246712685
113.49352116550642 103.76191467124654
113.73514220413385 103.43823352847652
113.97655819058178 103.11714425482818
114.21770158616687 102.79888206631287
114.4585048522057 102.48368217894185
114.69890045001493 102.17177980872648
114.9388208409112 101.86341017167813
115.17819848621112 101.5588084838081
115.41696584723132 101.2582099611277
115.65505538528839 100.96184981964832
115.89239956169901 100.66996327538124
116.12893083777979 100.3827855443378
116.36458167484733 100.10055184252937
116.59928453421827 99.82349738596722
116.83297187720923 99.5518573906627
117.06557616513687 99.2858670726272
117.29702985931775 99.02576164787196
117.52727093090716 98.771743221087
117.75627056685663 98.52381428695898
117.98401234022373 98.28190290599086
118.21047984517585 98.04593701182701
118.43565667588032 97.81584453811179
118.6595264265045 97.59155341848962
118.88207269121571 97.37299158660484
119.10327906418127 97.16008697610184
119.3231291395685 96.95276752062507
119.5416065115448 96.75096115381876
119.75869477427746 96.55459580932745
119.97437752193386 96.3635994207954
120.18863834868124 96.17789992186705
120.40146084868711 95.99742524618674
120.61282861611869 95.8221033273989
120.8227252451433 95.65186209914786
121.03113432992835 95.48662949507802
121.23803946464113 95.32633344883376
121.44342424344902 95.17090189405947
121.64727226051932 95.0202627643995
121.84956711001938 94.87434399349829
122.05029238611655 94.73307351500013
122.24943168297816 94.59637926254945
122.44696859477152 94.46418916979063
122.64288671566405 94.33643117036802
122.837169639823 94.21303319792605
123.02980096141573 94.09392318610905
123.22076427460964 93.97902906856143
123.41004317357198 93.86827877892756
123.59762125247013 93.76160025085181
123.78348210547145 93.65892141797856
123.96760932674324 93.56017021395222
124.14998651045286 93.46527457241712
124.33059725076767 93.37416242701768
124.50942514185496 93.28676171139826
124.6864537778821 93.20300035920322
124.86166675301638 93.12280630407697
125.03504766142522 93.04610747966389
125.20658009727592 92.97283181960833
125.37624765473578 92.90290725755473
125.54403392797221 92.8362617271474
125.70992251115247 92.77282316203075
125.873896998444 92.71251949584914
126.035940984014 92.65527866224697
126.19603806202994 92.60102859486861
126.35417182665911 92.54969722735845
126.51032587206882 92.50121249336088
126.66448379242645 92.45550232652025
126.8166291818993 92.41249466048093
126.96674563465476 92.37211742888734
127.11481674486012 92.33429856538382
127.26082610668274 92.2989660036148
127.40475731428992 92.26604767722458
127.54659396184908 92.23547151985761
127.68631964352753 92.20716546515821
127.82391795349255 92.18105744677085
127.95937248591154 92.15707539833981
128.0926668349518 92.13514725350953
128.2237845947807 92.11520094592437
128.35270935956555 92.09716440922871
128.47942472347373 92.08096557706692
128.60391428067254 92.06653238308338
128.72616162532933 92.0537927609225
128.84615035161144 92.04267464422864
128.9638640536862 92.03310596664615
129.07928632572094 92.02501466181943
129.19240076188305 92.01832866339288
129.30319095633982 92.01297590501083
129.41164050325858 92.00888432031773
129.51773299680673 92.00598184295791
129.62145203115153 92.00419640657576
129.7227812004604 92.00345594481567
129.82170409890063 92.00368839132197
129.91820432063955 92.00482167973911
130.01226545984449 92.00678374371141
130.10387111068283 92.00950251688329
130.1930048673219 92.01290593289912
130.279650323929 92.01692192540325
130.36379107467152 92.0214784280401
130.44541071371677 92.02650337445404
130.52449283523208 92.0319246982894
130.60102103338485 92.03767033319066
130.67497890234236 92.04366821280207
130.7463500362719 92.04984627076813
130.8151180293409 92.05613244073314
130.88126647571667 92.06245465634149
130.94477896956656 92.0687408512376
131.00563910505787 92.07491895906583
131.063830476358 92.08091691347053
131.11933667763418 92.08666264809611
131.17214130305388 92.09208409658694
131.22222794678436 92.09710919258741
131.26958020299298 92.1016658697419
131.31418166584706 92.10568206169474
131.35601592951397 92.10908570209035
131.39506658816103 92.11180472457312
131.43131723595556 92.11376706278743
131.46475146706496 92.11490065037762
131.49535287565647 92.11513342098812
131.5231050558975 92.11439330826326
131.54799160195543 92.11260824584744
131.56999610799747 92.10970616738506
131.58910216819106 92.10561500652044
131.60529337670354 92.10026269689803
131.6185533277022 92.09357717216217
131.62886561535436 92.08548636595725
131.6362138338274 92.07591821192764
131.6405815772887 92.06480064371773
131.64195243990554 92.05206159497189
131.64031001584524 92.0376289993345
131.6356378992752 92.02143079044995
131.62791968436272 92.00339490196262
131.61713896527513 91.98344926751686
131.60327933617978 91.96152182075708
131.58632439124403 91.93754049532764
131.56625772463525 91.91143322487292
131.54306293052065 91.88312794303734
131.5167236030677 91.85255258346521
131.48722333644366 91.81963507980096
131.4545457248159 91.78430336568896
131.41867436235177 91.74648537477358
131.3795928432186 91.70610904069919
131.33728476158367 91.66310229711019
131.29173388404934 91.6173935495746
131.2429461642832 91.56897192569942
131.19097137678202 91.51794648288194
131.13586443421113 91.46444034077005
131.07768024923578 91.4085766190114
131.01647373452133 91.35047843725386
130.95229980273302 91.29026891514512
130.88521336653625 91.228071172333
130.81526933859624 91.16400832846524
130.74252263157825 91.09820350318967
130.66702815814773 91.03077981615398
130.58884083096987 90.961860387006
130.50801556270997 90.89156833539347
130.42460726603335 90.82002678096418
130.33867085360538 90.74735884336583
130.25026123809127 90.6736876422463
130.15943333215634 90.59913629725331
130.0662420484659 90.52382792803463
129.97074229968527 90.44788565423802
129.8729889984797 90.37143259551124
129.77303705751464 90.29459187150208
129.67094138945518 90.21748660185835
129.56675690696676 90.14023990622775
129.46053852271464 90.06297490425808
129.35234114936412 89.98581471559712
129.24221969958052 89.90888245989261
129.13022908602912 89.83230125679235
129.01642422137527 89.7561942259441
128.90086001828416 89.68068448699563
128.78359138942122 89.60589515959471
128.66467324745167 89.5319493633891
128.54416050504088 89.45897021802661
128.42210807485407 89.38708084315496
128.29857086955658 89.31640435842195
128.17360380181375 89.24706388347532
128.04726178429078 89.1791825379629
127.9195997296531 89.1128834415324
127.79067255056592 89.0482897138316
127.66053515969458 88.98552447450828
127.52924246970434 88.9247108432102
127.39684939326057 88.8659719395852
127.26341084302851 88.80943088328095
127.12898173167352 88.75521079394528
126.99361697186082 88.70343479122593
126.8573714762558 88.65422599477068
126.7203001575237 88.60770752422731
126.58245792832983 88.56400249924359
126.44389970133955 88.52323403946727
126.30468038921806 88.48552526454615
126.16485490463074 88.45099929412797
126.02447816024291 88.41977924786052
125.88360506871977 88.39198824539156
125.74229054272672 88.36774940636884
125.60058949492901 88.34718585044018
125.45855683799196 88.33042069725334
125.31624748458084 88.31757706645605
125.17371634736104 88.3087780776961
125.03101833899777 88.3041468506213
124.88820837215634 88.30380650487936
124.7453413595021 88.30788016011805
124.6024722137003 88.31649093598521
124.45965584741631 88.32976195212856
124.31694717331534 88.34781632819586
124.17440110406277 88.37077718383492
124.0320725523239 88.39876763198136
123.89001643076396 88.43188379747913
123.74828765204829 88.47013345118967
123.60694112884224 88.51350631149191
123.46603177381101 88.56199209676473
123.32561449962002 88.61558052538702
123.18574421893445 88.67426131573767
123.04647584441972 88.73802418619559
122.90786428874105 88.80685885513972
122.76996446456377 88.88075504094888
122.63283128455318 88.95970246200203
122.49651966137458 89.04369083667802
122.36108450769326 89.13270988335577
122.22658073617455 89.22674932041417
122.09306325948371 89.32579886623212
121.96058699028615 89.42984823918854
121.82920684124699 89.53888715766227
121.69897772503164 89.65290534003228
121.56995455430543 89.7718925046774
121.44219224173361 89.89583836997656
121.31574569998149 90.02473265430866
121.19066984171438 90.1585650760526
121.06701957959758 90.29732535358723
120.94484982629642 90.44100320529152
120.82421549447612 90.58958834954433
120.70517149680207 90.74307050472454
120.58777274593952 90.90143938921108
120.47207415455377 91.06468472138286
120.35813063531016 91.23279621961866
120.24599710087396 91.40576360229754
120.13572846391051 91.58357658779832
120.02737963708505 91.7662248944999
119.92100553306292 91.95369824078114
119.8166610645094 92.14598634502102
119.71440114408983 92.34307892559836
119.61428068446952 92.5449657008921
119.5163545983137 92.75163638928112
119.42067779828771 92.96308070914435
119.32730519705687 93.17928837886062
119.23629170728645 93.4002491168089
119.14769224164179 93.62595264136803
119.06156171278818 93.85638867091694
118.97795503339087 94.09154692383451
118.89692711611522 94.33141711849967
118.81853287362651 94.57598897329126
118.74282721859007 94.82525220658823
118.66986506367112 95.07919653676944
118.5997013215351 95.33781168221381
118.53239090484718 95.60108736130023
118.46798872627274 95.86901329240762
118.40654969847702 96.14157919391481
118.34812873412538 96.41877478420076
118.29278074588309 96.70058978164435
118.24056064641549 96.9870139046245
118.19152334838779 97.27803687152004
118.14572376446539 97.57364840070996
118.10321680731353 97.87383821057307
118.06405738959756 98.17859601948828
118.02830042398274 98.48791154583458
117.99600082313441 98.80177450799073
117.96721349971784 99.12017462433575
117.94199336639832 99.4431016132484
117.92038358733494 99.7705165846758
117.90236740047611 100.10223472406369
117.887908985903 100.43802480962233
117.87697251574028 100.77765560018734
117.86952216211272 101.1208958545945
117.86552209714506 101.46751433167948
117.86493649296199 101.81727979027804
117.86772952168823 102.16996098922581
117.87386535544853 102.52532668735863
117.88330816636758 102.88314564351211
117.8960221265701 103.24318661652198
117.9119714081809 103.60521836522399
117.9311201833246 103.9690096484538
117.953432624126 104.33432922504718
117.97887290270975 104.70094585383984
118.0074051912006 105.06862829366746
118.03899366172331 105.43714530336575
118.07360248640256 105.80626564177044
118.1111958373631 106.17575806771727
118.15173788672968 106.5453913400419
118.19519280662692 106.9149342175801
118.24152476917966 107.28415545916755
118.29069794651257 107.65282382363995
118.34267651075032 108.02070806983303
118.39742463401774 108.38757695658252
118.4549064884395 108.75319924272412
118.51508624614036 109.11734368709354
118.57792807924496 109.4797790485265
118.64339615987811 109.84027408585872
118.71145466016448 110.19859755792588
118.7820677522288 110.55451822356372
118.85519960819583 110.90780484160796
118.93081440019027 111.25822617089432
119.00887630033684 111.60555097025848
119.08934948076025 111.94954799853619
119.17219811358525 112.2899860145631
119.25738637093656 112.626633777175
119.3448784249389 112.95926004520757
119.43463844771695 113.28763357749654
119.52663061139552 113.61152313287756
119.62081908809927 113.93069747018643
119.71716804995293 114.2449253482588
119.81564166908124 114.55397552593043
119.91620411760893 114.85761676203703
120.0188195676607 115.15561781541429
120.12345219136128 115.44774744489793
120.23006616083539 115.7337744093236
120.33862564820778 116.01346746752716
120.44909482560317 116.2865953783442
120.56143786514625 116.5529269006105
120.67561893896173 116.81223079316172
120.7916022191744 117.06427581483362
120.90935187790892 117.3088307244619
121.0288320872901 117.54566428088225
121.15000701944255 117.77454524293042
121.27284084649108 117.99524236944211
121.39729774056036 118.207524419253
121.52334187377515 118.41116015119887
121.65093741826017 118.60591832411535
121.78004854614011 118.79156769683827
121.91063942953971 118.96787702820322
122.04267424058372 119.13461507704599
122.17611567213586 119.29157898677396
122.31091631797094 119.43875968560786
122.44702455219671 119.57622907019876
122.58438873477311 119.70405930867445
122.7229572256599 119.8223225691625
122.86267838481687 119.93109101979053
123.00350057220386 120.03043682868629
123.14537214778075 120.12043216397744
123.28824147150728 120.2011491937916
123.43205690334335 120.27266008625645
123.57676680324874 120.33503700949962
123.72231953118327 120.3883521316488
123.8686634471068 120.43267762083171
124.01574691097913 120.46808564517589
124.16351828276008 120.49464837280908
124.31192592240946 120.51243797185896
124.46091818988711 120.52152661045311
124.61044344515284 120.52198645671925
124.7604500481665 120.51388967878502
124.91088635888791 120.49730844477811
125.06170073727687 120.47231492282617
125.2128415432932 120.43898128105684
125.36425713689677 120.39737968759779
125.51589587804733 120.34758231057668
125.66770612670479 120.2896613181212
125.81963624282888 120.22368887835898
125.97163458637952 120.1497371594177
126.12364951731647 120.067878329425
126.27562939559955 119.97818455650857
126.42752258118858 119.88072800879608
126.57927743404348 119.77558085441508
126.73084231412393 119.66281526149338
126.88216558138983 119.54250339815863
127.03319559580102 119.41471743253835
127.1838807173173 119.27952953276035
127.33416930589844 119.13701186695222
127.48400972150434 118.98723660324167
127.63335032409482 118.83027590975627
127.78213947362964 118.66620195462379
127.93032553006867 118.49508690597185
128.07785685337174 118.31700293192806
128.22468180349867 118.13202220062016
128.37074874040925 117.94021688017573
128.51600602406333 117.74165913872251
128.6604020144207 117.53642114438816
128.8038850714413 117.32457506530027
128.9464035550848 117.1061930695865
129.08790582531105 116.88134732537465
129.22834024207998 116.65011000079225
129.36765516535135 116.41255326396698
129.50579895508497 116.16874928302653
129.64271997124064 115.91877022609853
129.77836657377821 115.66268826131073
129.91268712265753 115.40057555679067
130.04562997783842 115.13250428066604
130.17714349928067 114.85854660106459
130.30717604694405 114.57877468611392
130.43567598078855 114.29326070394161
130.5625916607739 114.00207682267543
130.68787144685982 113.70529521044308
130.81146369900628 113.40298803537206
130.93331677717308 113.09522746559017
131.0533806850738 112.78208566281914
131.171636810382 112.46363466647281
131.28809472387465 112.13994640613151
131.40276499758747 111.81109280747361
131.51565820355654 111.47714579617737
131.6267849138179 111.13817729792112
131.73615570040747 110.79425923838308
131.84378113536124 110.44546354324156
131.94967179071512 110.09186213817492
132.05383823850525 109.73352694886144
132.15629105076744 109.37052990097929
132.25704079953783 109.00294292020686
132.35609805685226 108.63083793222248
132.45347339474682 108.25428686270442
132.54917738525742 107.87336163733085
132.64322060042008 107.48813418178015
132.73561361227073 107.09867642173073
132.82636699284538 106.70506028286073
132.91549131418006 106.30735769084843
133.00299714831064 105.90564057137222
133.08889506727317 105.49998085011039
133.17319564310367 105.09045045274117
133.25590944783806 104.67712130494283
133.3370470535123 104.2600653323937
133.41661903216243 103.83935446077213
133.49463595582444 103.41506061575637
133.57110839653419 102.98725572302466
133.64604692632778 102.55601170825531
133.71946211724116 102.12140049712671
133.79136454131032 101.68349401531702
133.86176477057123 101.24236418850458
133.9306733770598 100.79808294236778
133.99810093281218 100.35072220258483
134.06405800986417 99.90035389483394
134.12855518025188 99.44704994479348
134.1916030160112 98.99088227814181
134.25321208917813 98.53192282055717
134.31339297178866 98.07024349771775
134.37215623587883 97.60591623530195
134.42951245348453 97.13901295898809
134.48547219664178 96.66960559445445
134.54004603738662 96.19776606737922
134.5932445477549 95.7235663034407
134.64507829978265 95.24707822831739
134.6955578655059 94.76837376768741
134.74469381696062 94.28752484722897
134.79249672618272 93.80460339262048
134.83897716520826 93.31968132954033
134.88414570607318 92.83283058366669
134.9280129208135 92.34412308067779
134.97058938146517 91.85363074625195
135.01188566006414 91.36142550606766
135.05191232864644 90.86757928580305
135.090679959248 90.37216401113632
135.12819912390486 89.8752516077459
135.16448039465297 89.37691400131008
135.1995343435283 88.87722311750717
135.23337154256689 88.37625088201531
135.2660025638046 87.8740692205129
135.29743797927753 87.37075005867831
135.32768836102161 86.86636532218968
135.3567642810728 86.36098693672537
135.38467631146713 85.85468682796375
135.41143502424052 85.34753692158304
135.437050991429 84.83960914326147
135.46153478506852 84.33097541867737
135.48489697719512 83.82170767350914
135.50714813984467 83.31187783343498
135.52829884505326 82.80155782413313
135.5483596648568 82.29081957128194
135.5673411712913 81.77973500055978
135.58525393639277 81.26837603764487
135.60210853219712 80.75681460821541
135.6179155307404 80.24512263794978
135.6326855040585 79.73337205252636
135.6464290241875 79.22163477762336
135.65915666316332 78.70998273891898
135.67087899302197 78.19848786209161
135.68160658579941 77.68722207281961
135.69135001353158 77.17625729678119
135.70011984825462 76.66566545965456
135.70792666200433 76.15551848711812
135.71478102681675 75.64588830485022
135.72069351472788 75.13684683852907
135.72567469777366 74.62846601383288
135.72973514799014 74.12081775644003
135.73288543741327 73.61397399202889
135.73513613807896 73.10800664627767
135.73649782202332 72.60298764486461
135.7369810612822 72.09898891346802
135.73659642789167 71.59608237776635
135.7353544938877 71.09433996343768
135.7332658313062 70.5938335961604
135.73034101218323 70.09463520161285
135.72659060855472 69.59681670547327
135.7220251924567 69.1004500334199
135.71665533592514 68.60560711113108
135.71049161099597 68.11235986428517
135.70354458970522 67.62078021856043
135.6958248440888 67.13094009963501
135.6873429461828 66.64291143318734
135.67810946802314 66.15676614489574
135.66813498164578 65.67257616043845
135.65743005908675 65.19041340549369
135.64600527238198 64.71034980573984
135.6338711935675 64.23245728685525
135.62103839467923 63.7568077745181
135.6075174477532 63.283473194406675
135.59331892482533 62.8125254721993
135.5784533979317 62.34403653357436
135.5629314391082 61.878078304210064
135.54676362039092 61.414722709784634
135.52996051381572 60.95404167597643
135.51253269141864 60.49610712846383
135.4944907252356 60.04099099292505
135.47584518730267 59.58876519503828
135.45660664965575 59.13950166048193
135.43678568433089 58.693272314934354
135.41639286336402 58.25014908407374
135.39543875879116 57.81020389357826
135.37393394264822 57.37350866912652
135.3518889869713 56.94013533639663
135.32931446379624 56.51015582106681
135.3062209451591 56.08364204881544
135.28261900309587 55.66066594532089
135.2585192096425 55.24129943618443
135.233932136835 54.82561034213436
135.20886835670927 54.41365135398047
135.1833384413014 54.005471677491805
135.15735296264734 53.60112051843729
135.13092249278301 53.200647082585874
135.10405760374448 52.8041005757066
135.0767688675676 52.41153020356854
135.04906685628848 52.02298517194062
135.02096214194304 51.638514686591776
134.99246529656727 51.258167953291085
134.96358689219716 50.88199417780757
134.9343375008687 50.51004256591019
134.90472769461783 50.14236232336787
134.87476804548055 49.779002655949675
134.84446912549285 49.420012769424666
134.81384150669072 49.06544186956176
134.7828957611101 48.71533916212992
134.751642460787 48.36975385289817
134.72009217775735 48.02873514763558
134.68825548405727 47.69233225211111
134.65614295172256 47.36059437209366
134.6237651527893 47.03357071335231
134.59113265929352 46.711310481656106
134.55825604327106 46.39386288277394
134.525145876758 46.08127712247485
134.49181273179028 45.773602406527885
134.4582671804039 45.470887940702006
134.42451979463488 45.17318293076613
134.39058114651914 44.880536582489334
134.35646180809266 44.59299810164065
134.32217235139143 44.31061669398903
134.28772334845144 44.03344156530341
134.25312537130864 43.76152192135286
134.2183889919991 43.49490696790638
134.1835247825587 43.23364591073296
134.14854331502346 42.97778795560154
134.11345516142936 42.72738230828116
134.0782708938124 42.48247817454086
134.0430010842085 42.24312476014957
134.0076563046537 42.009371270876294
133.97224712718395 41.78126691249002
133.93678412383525 41.55886089075982
133.90127786664357 41.34220241145463
133.86573892764488 41.13134068034341
133.83017787887522 40.92632490319521
133.79460529237048 40.72720428577906
133.75903174016668 40.5340280338639
133.72346779429978 40.346845353218704
133.68792402680577 40.1657054496125
133.65241100972074 39.99065752881434
133.61693931508046 39.82175079659316
133.58151951492107 39.65903445871792
133.5461621812785 39.502557720957675
133.51087788618875 39.35236978908143
133.47567720168777 39.20851986885813
133.4405706998115 39.07105716605681
133.40556895259604 38.94003088644647
133.37068253207727 38.8154902357961
133.33592201029126 38.69748441987466
133.3012979592739 38.58606264445119
133.2668209510612 38.48127411529468
133.23250155768912 38.38316803817411
133.19835035119368 38.291793618858485
133.16437790361084 38.207200063116794
133.13059478697662 38.12943657671806
133.09701157332694 38.058552365431254
133.06363883469777 37.99459663502537
133.0304871431252 37.9376185912694
132.9975670706451 37.887667439932386
132.96488918929347 37.84479238678327
132.93246407110635 37.80904263759108
132.90030228811963 37.78046739812479
132.86841441236936 37.759115874153416
132.8368110158915 37.74503727144595
132.80550267072203 37.73828079577139
132.77449994889693 37.73889565289871
132.74381342245218 37.746931048596934
132.71345366342373 37.76243618863506
132.6834312438476 37.785460278782054
132.65375673575977 37.81605252480694
132.6244407111962 37.85426213247871
132.59549374219287 37.90013830756635
132.56692640078583 37.95373025583886
132.53874925901093 38.01508718306526
132.51097288890423 38.0842582950145
132.4836078625017 38.161292797455616
132.45666475183936 38.24623989615759
132.43015412895312 38.33914879688941
132.404086565879 38.44006870542008
132.37847263465298 38.54904882751862
132.353322907311 38.666138368953995
132.32864795588912 38.79138653549519
132.30445835242324 38.92484253291122
132.2807646689494 39.06655556697111
132.2575774775035 39.21657484344384
132.2349073501216 39.37494956809836
132.21276485883968 39.54172894670369
132.19116057569366 39.71696218502888
132.1701050727196 39.90069848884289
132.14960892195336 40.09298706391467
132.12968269543103 40.293877116013256
132.1103369651886 40.503417850907695
132.09158230326196 40.721658474366926
132.0734292816871 40.948648192159915
132.05588847250007 41.184436210055686
132.03897044773683 41.42907173382331
132.02268577943335 41.6826039692317
132.00704503962558 41.94508212204985
131.99205880034953 42.21655539804675
131.9777376336412 42.497073002991506
131.96409211153653 42.78668414265301
131.95113280607154 43.08543802280024
131.93887028928216 43.39338384920224
131.9273151332044 43.710570827628096
131.91647790987423 44.037048163846606
131.90636919132763 44.37286506362687
131.8969995496006 44.718070732737935
131.88837955672912 45.07271437694876
131.88051978474917 45.43684520202826
131.87343080569667 45.81051241374549
131.86712319160773 46.19376521786954
131.86160751451817 46.586652820169306
131.85689434646412 46.98922442641375
131.85299425948142 47.40152924237189
131.84991782560616 47.82361647381285
131.84767554854977 48.25553217914728
131.84627354452434 48.69712030719253
131.8457109581169 49.14790365977178
131.8459863137638 49.60737647154127
131.8470981359013 50.07503297715709
131.8490449489657 50.55036741127533
131.85182527739332 51.03287400855221
131.85543764562038 51.52204700364401
131.85988057808328 52.017380631206805
131.86515259921822 52.518369125896655
131.8712522334615 53.0245067223698
131.87817800524945 53.535287655282524
131.88592843901836 54.05020615929087
131.89450205920448 54.568756469050946
131.90389739024414 55.09043281921898
131.91411295657363 55.61472944445126
131.92514728262918 56.1411405794038
131.93699889284719 56.66916045873271
131.94966631166386 57.19828331709434
131.96314806351555 57.728003389144746
131.9774426728385 58.25781490954001
131.99254866406903 58.78721211293638
132.0084645616434 59.31568923399012
132.02518888999796 59.842740507357284
132.0427201735689 60.36786016769397
132.06105693679262 60.89054244965643
132.08019770410542 61.41028158790088
132.10014099994348 61.92657181708336
132.12088534874314 62.438907371860154
132.14242927494072 62.94678248688729
132.1647713029725 63.44969139682111
132.18790995727477 63.94713021123476
132.2118437622838 64.43877145812964
132.23657124243593 64.9246060468176
132.26209092216737 65.40465829507738
132.2884013259145 65.87895252068746
132.31550097811356 66.34751304142632
132.34338840320092 66.81036417507272
132.37206212561273 67.26753023940502
132.40152066978538 67.71903555220202
132.43176256015516 68.16490443124202
132.46278632115838 68.60516119430388
132.4945904772312 69.03983015916593
132.5271735528101 69.4689356436069
132.56053407233122 69.89250196540522
132.59467056023095 70.31055344233961
132.6295815409455 70.72311439218849
132.66526553891123 71.13020913273058
132.70172107856442 71.53186198174429
132.73894668434127 71.92809725700835
132.77694088067827 72.31893927630117
132.8157021920115 72.70441235740147
132.8552291427774 73.08454081808766
132.8955202574122 73.45934897613849
132.93657406035214 73.82886114933235
132.9783890760336 74.19310165544796
133.02096382889283 74.55209481226379
133.06429684336618 74.90586493755848
133.10838664388984 75.2544363491105
133.15323175490016 75.59783336469853
133.19883070083344 75.93608030210105
133.245182006126 76.26920147909672
133.29228419521402 76.5972270688628
133.34013579253389 76.92027204209919
133.38873532252188 77.23851523560354
133.43808130961423 77.55213704954743
133.48817227824733 77.86131788410239
133.5390067528574 78.16623813943993
133.59058325788075 78.46707821573162
133.64290031775369 78.7640185131489
133.69595645691248 79.05723943186341
133.74975019979343 79.34692137204654
133.8042800708328 79.63324473386992
133.85954459446694 79.91638991750503
133.91554229513207 80.19653732312344
133.97227169726457 80.47386735089657
134.02973132530067 80.74856040099607
134.08791970367668 81.02079687359335
134.14683535682886 81.29075716886007
134.20647680919356 81.55862168696761
134.266842585207 81.8245708280876
134.32793120930552 82.0887849923915
134.38974120592545 82.35144458005091
134.45227109950304 82.61272999123725
134.51551941447454 82.87282162612213
134.57948467527623 83.13189988487701
134.64416540634454 83.39014516767352
134.70956013211563 83.64773787468305
134.77566737702585 83.90485840607722
134.84248566551145 84.1616871620275
134.9100135220088 84.41840454270547
134.97824947095404 84.67519094828258
135.04719203678366 84.93222677893046
135.1168397439338 85.1896924348205
135.18719111684084 85.44776831612435
135.25824467994101 85.70663482301349
135.32999895767063 85.96647235565939
135.402452474466 86.22746131423366
135.4756037547634 86.48978209890777
135.54945132299915 86.75361510985329
135.62399370360947 87.01914074724165
135.69922942103074 87.28653941124449
135.77515699969916 87.55599150203327
135.8517749640511 87.82767741977955
135.9290818385228 88.10177756465478
136.0070761475506 88.3784723368306
136.08575641557073 88.65794213647844
136.16512116701955 88.94036736376988
136.24516892633326 89.22592841887636
136.32589821794832 89.51480570196956
136.40730756630083 89.80717961322084
136.48939549582715 90.10323055280185
136.57216053096363 90.40313892088402
136.6556011961465 90.70708511763894
136.73971601581206 91.01524954323808
136.82450351439664 91.32781259785304
136.90996221633648 91.64495468165526
136.99609064606793 91.96685619481636
137.0828873280272 92.29369753750774
137.17035078665063 92.62565910990105
137.2584795463745 92.96292131216772
137.34727213163515 93.30566454447934
137.4367270668688 93.65406920700737
137.5268428765118 94.00831569992343
137.61761808500043 94.36858442339901
137.70905121677092 94.73499383577834
137.80114079625963 95.10737096909585
137.89388534790282 95.48545722666456
137.98728339613683 95.86899400027127
138.08133346539788 96.25772268170253
138.1760340801223 96.65138466274507
138.27138376474636 97.0497213351855
138.3673810437064 97.45247409081061
138.46402444143868 97.85938432140692
138.56131248237946 98.27019341876128
138.6592436909651 98.6846427746602
138.75781659163184 99.10247378089048
138.857029708816 99.52342782923867
138.95688156695385 99.94724631149155
139.0573706904817 100.37367061943571
139.1584956038358 100.80244214485792
139.2602548314525 101.2333022795447
139.36264689776806 101.66599241528294
139.4656703272188 102.1002539438591
139.569323644241 102.53582825706
139.67360537327087 102.97245674667217
139.77851403874485 103.40988080448247
139.88404816509913 103.84784182227739
139.99020627677 104.28608119184376
140.0969868981938 104.72434030496808
140.20438855380684 105.16236055343721
140.31240976804528 105.59988332903768
140.42104906534558 106.03665002355626
140.5303049701439 106.4724020287795
140.64017600687663 106.90688073649422
140.75066069998002 107.33982753848703
140.86175757389034 107.77098382654454
140.97346515304392 108.20009099245353
141.08578196187702 108.62689042800055
141.19870652482598 109.05112352497241
141.31223736632697 109.47253167515564
141.42637301081646 109.89085627033705
141.5411119827306 110.3058387023032
141.65645280650574 110.7172203628409
141.77239400657817 111.12474264373665
141.8889341073842 111.52814693677726
142.00607163336005 111.92717463374932
142.1238051089421 112.32156712643958
142.24213305856657 112.7110658066346
142.3610540066698 113.09541206612116
142.48056647768806 113.47434729668589
142.60066899605766 113.84761289011546
142.72136008621484 114.21495023819651
142.84263827259596 114.57610073271583
142.96450207963727 114.93080576545994
143.08695003177507 115.27880672821564
143.20998065344565 115.61984501276949
143.33359246908535 115.9536620109083
143.45778400313037 116.27999911441857
143.58255378001707 116.59859771508712
143.7079003241817 116.90919920470054
143.8338221600606 117.2115449750456
143.96031781209 117.50537641790882
144.0873858047063 117.79043492507702
144.21502466234566 118.0664618883368
144.34323290944442 118.3331986994748
144.4720090704389 118.59038675027779
144.60135166976536 118.8377940999996
144.73125923186015 119.07535623207424
144.86173028115945 119.30307345410144
144.9927633420997 119.52094621472926
145.12435693911704 119.72897496260586
145.25650959664787 119.92716014637938
145.38921983912837 120.11550221469781
145.522486190995 120.29400161620937
145.6563071766839 120.46265879956205
145.79068132063145 120.62147421340403
145.9256071472739 120.7704483063834
146.06108318104756 120.90958152714823
146.1971079463887 121.03887432434664
146.33367996773364 121.15832714662675
146.47079776951864 121.26794044263661
146.60845987618 121.36771466102437
146.74666481215405 121.4576502504381
146.88541110187705 121.53774765952595
147.02469726978526 121.60800733693593
147.16452184031507 121.66842973131627
147.30488333790262 121.71901529131493
147.44578028698436 121.7597644655801
147.58721121199648 121.79067770275988
147.72917463737534 121.81175545150235
147.8716690875571 121.8229981604556
148.01469308697827 121.82440627826777
148.1582451600749 121.81598025358693
148.3023238312835 121.79772053506117
148.44692762504022 121.76962757133862
148.5920550657814 121.73170181106735
148.73770467794333 121.68394370289549
148.88387498596225 121.62635369547114
149.03056451427454 121.55893223744238
149.17777178731643 121.48167977745737
149.32549532952424 121.3945967641641
149.47373366533424 121.29768364621079
149.62248531918277 121.19094087224546
149.77174881550607 121.07436889091628
149.92152267874042 120.94796815087125
150.07180543332217 120.81173910075857
150.22259560368758 120.66568218922632
150.37389171427293 120.50979786492255
150.52569228951452 120.34408657649539
150.67799585384864 120.168548772593
150.83080093171162 119.98318490186335
150.9841060475397 119.78799541295471
151.13790972576922 119.582980754515
151.2922104908364 119.36814137519251
151.4470068671776 119.14347772363517
151.60229737922904 118.9089902484912
151.75808055142716 118.66467939840858
151.91435490820805 118.4105456220356
152.0711189740082 118.14658936802013
152.22837127326372 117.87281108501048
152.38611033041104 117.58921122165462
152.54433466988635 117.29579022660073
152.70304281612601 116.99254854849681
152.8622332935663 116.67948663599101
153.02190462664348 116.35660493773156
153.1820553397939 116.02390390236634
153.34268395745374 115.68138397854365
153.50378900405946 115.32904561491141
153.6653690040472 114.96688926011787
