100.05687216021774 116.1982913746254
100.50364178834671 116.86451563118806
100.90993149398376 117.45275774457545
101.279117009284 117.96063953661219
101.6145740664025 118.38578282912283
101.91967839749431 118.72580944393202
102.19780573471459 118.97834120286433
102.4523318102184 119.1409999277443
102.68663235616077 119.21140744039661
102.90408310469688 119.18718556264581
103.10805978798177 119.06595611631649
103.30193813817056 118.84534092323327
103.48909388741828 118.52296180522073
103.6729027678801 118.09644058410343
103.85674051171102 117.56339908170602
104.0439828510662 116.92145911985303
104.23800551810068 116.16832408722766
104.44218424496958 115.30699039514086
104.65989476382796 114.34889668737421
104.89451280683096 113.30623637425009
105.1494141061336 112.19120286609088
105.42797439389103 111.0159895732187
105.73356940225833 109.79278990595601
106.06957486339051 108.53379727462516
106.43936650944278 107.25120508954828
106.84632007257015 105.95720676104776
107.29381128492771 104.66399569944592
107.78521587867056 103.38376531506515
108.32390958595386 102.12870901822758
108.9132681389325 100.91102021925569
109.5566672697618 99.74289232847163
110.25748271059676 98.6365187561978
111.01874712001701 97.6036056322167
111.83784322175595 96.64783426744201
112.70752409591682 95.76631031261223
113.62040634798718 94.95594557834211
114.56910658345475 94.21365187524627
115.54624140780707 93.53634101393948
116.54442742653171 92.92092480503644
117.55628124511625 92.36431505915188
118.5744194690484 91.86342358690045
119.59145870381565 91.4151621988969
120.60001555490571 91.01644270575589
121.59270662780615 90.66417691809214
122.56214852800457 90.35527664652038
123.50095786098849 90.08665370165531
124.40175123224564 89.85521989411161
125.2571452472636 89.657887034504
126.0603466606834 89.49156693344717
126.80951884397587 89.35317140155585
127.50530301378902 89.23961224944472
128.14835874855353 89.1478012877285
128.73934562670013 89.0746503270219
129.27892322665943 89.0170711779396
129.76775112686218 88.97197565109633
130.2064889057391 88.93627555710678
130.59579614172083 88.90688270658565
130.93633241323803 88.88070891014766
131.22875729872143 88.85466597840752
131.4737303766017 88.8256657219799
131.67191122530954 88.79061995147958
131.82395942327565 88.74644047752113
131.93053454893072 88.6900391107194
131.99233699737195 88.61853018969535
132.01059886810498 88.53166631441849
131.98692457328866 88.4310474610834
131.92292618893683 88.31831163312657
131.8202157910632 88.19509683398445
131.68040545568158 88.06304106709356
131.50510725880577 87.9237823358904
131.2959332764495 87.77895864381138
131.05449558462655 87.63020799429302
130.7824062593508 87.47916839077185
130.48127737663594 87.32747783668424
130.15272101249576 87.17677433546672
129.79834924294406 87.02869589055582
129.41977414399457 86.88488050538797
129.01860779166114 86.74696618339965
128.59646226195753 86.61659092802734
128.15494963089745 86.49539274270754
127.69568197449476 86.38500963087672
127.2202713687632 86.28707959597135
126.73032988971663 86.20324064142794
126.22746961336873 86.13513077068292
125.71330261573331 86.0843879871728
125.18944097282414 86.05265029433406
124.65749676065502 86.04155569560318
124.11908205523973 86.05274219441665
123.57580893259208 86.08784779421094
123.02928946872575 86.14851049842252
122.48113573965463 86.23636831048788
121.93295982139243 86.35305923384351
121.38637378995293 86.50022127192587
120.84298972134995 86.67949242817144
120.30441969158261 86.89251070595833
119.77214993180745 87.14041314533594
119.24717065164863 87.42236222312886
118.7303498679977 87.73703399115826
118.22255559774638 88.08310450124526
117.72465585778639 88.45924980521114
117.23751866500946 88.86414595487705
116.76201203630715 89.2964690020642
116.29900398857127 89.75489499859368
115.84936253869341 90.23809999628679
115.41395570356529 90.7447600469647
114.99365150007861 91.27355120244854
114.58931794512507 91.82314951455952
114.20182305559632 92.39223103511884
113.83203484838405 92.97947181594765
113.48082134037999 93.58354790886723
113.14905054847574 94.20313536569866
112.83759048956303 94.83691023826317
112.5473091805336 95.48354857838191
112.27907463827907 96.14172643787613
112.03375487969113 96.81011986856696
111.81221792166146 97.48740492227562
111.61533178108179 98.17225765082331
111.4439644748438 98.86335410603121
111.29898401983911 99.5593703397204
111.1812584329595 100.25898240371225
111.09165573109655 100.96086634982777
111.03104393114204 101.66369822988827
111.0002910499876 102.36615409571488
111.00026510452494 103.06690999912884
111.03183411164574 103.76464199195122
111.09586599256072 104.45802613100518
111.1928002436983 105.14576086958932
111.32166329104807 105.82661853113993
111.48119063997979 106.49938664735589
111.6701177958633 107.16285274993604
111.88718026406839 107.8158043705791
112.1311135499649 108.45702904098411
112.40065315892264 109.08531429284979
112.69453459631134 109.69944765787498
113.0114933675009 110.29821666775857
113.35026497786112 110.88040885419936
113.70958493276173 111.4448117488962
114.0881887375726 111.99021288354793
114.48481189766353 112.51539978985343
114.8981899184043 113.01915999951144
115.32705830516477 113.50028104422093
115.77015256331472 113.95755045568067
116.22620819822397 114.3897557655895
116.69396071526229 114.79568450564624
117.1721456197995 115.17412420754981
117.6594984172054 115.52386240299894
118.15475461284987 115.84368662369259
118.65664971210265 116.13238440132952
119.16391922033357 116.38874326760863
119.6752986429124 116.61155075422866
120.18952348520898 116.79959439288857
120.70532925259313 116.95166171528709
121.22145145043466 117.06654025312315
121.73662558410335 117.14301753809558
122.24958715896904 117.17988110190316
122.75907168040148 117.1759184762448
123.26381465377054 117.1299171928193
123.7625670134748 117.04066734685787
124.25457562332593 116.90704143223856
124.73967720157711 116.72800994712509
125.2177428578379 116.50254910380325
125.68864370171796 116.22963511455885
126.15225084282686 115.90824419167772
126.60843539077425 115.53735254744564
127.05706845516967 115.11593639414842
127.49802114562277 114.64297194407192
127.93116457174321 114.1174354095019
128.3563698431405 113.5383030027242
128.77350806942428 112.90455093602463
129.18245036020417 112.21515542168903
129.58306782508978 111.46909267200311
129.97523157369073 110.66533889925276
130.3588127156166 109.8028703157238
130.73368236047702 108.88072768502938
131.0997116178816 107.90030653263335
131.45677159743988 106.86597471521405
131.8047334087616 105.78229025877711
132.14346816145627 104.65381118932818
132.47284696513356 103.48509553287289
132.79274092940298 102.28070131541698
133.10302116387422 101.04518656296605
133.40355877815682 99.7831093015258
133.6942248818605 98.49902755710174
133.9748905845948 97.19749935569963
134.2454269959693 95.8830827233251
134.50570522559366 94.56033568598384
134.75559638307743 93.23381626968154
134.99497157803026 91.90808250042379
135.2237061170846 90.58764283313454
135.44181735523546 89.27532798799523
135.6494958123603 87.97192343289514
135.84694250530427 86.67809065592442
136.03435845091252 85.39449114517332
136.2119446660302 84.12178638873188
136.3799021675025 82.86063787469017
136.53843197217464 81.61170709113844
136.68773509689166 80.37565552616681
136.82801255849876 79.15314466786545
136.9594653738411 77.9448360043246
137.08229455976388 76.7513910236343
137.19670113311224 75.5734712138846
137.30288611073132 74.41173806316579
137.4010505094663 73.26685305956798
137.49139534616234 72.13947769118131
137.5741216376646 71.03027344609602
137.64943040081818 69.93990181240217
137.71752265246838 68.86902427818985
137.77859940946024 67.81830233154929
137.83286168863896 66.78839746057062
137.8805105068497 65.77997115334398
137.92174688093763 64.7936848979596
137.95677182774793 63.83020018250749
137.98578636412563 62.89017849507793
138.00899150691606 61.974281323760955
138.02658827296435 61.08317015664675
138.03877767911555 60.21750648182547
138.04576074221492 59.37795178738733
138.04773847910764 58.56516756142237
138.04491190663876 57.77981529202084
138.03748204165353 57.02255425584907
138.02564990099708 56.29282519115802
138.0096165015146 55.586831424670315
137.98958286005123 54.900244618812735
137.96574999345214 54.228736436012014
137.93831891856243 53.56797853869497
137.90749065222732 52.913642589288344
137.87346621129197 52.26140025021891
137.83644661260155 51.60692318391348
137.79663287300116 50.94588305279885
137.75422600933604 50.27395151930173
137.70942703845128 49.586800245848956
137.6624369771921 48.880100894867255
137.61345684240362 48.14952512878342
137.56268765093103 47.390744610024235
137.51033041961944 46.59943100101647
137.45658616531406 45.771379713150054
137.40165590486004 44.90742870624822
137.34574065510256 44.01510374009496
137.28904143288673 43.10239162032938
137.23175925505774 42.177279152590515
137.17409513846079 41.24775314251752
137.11625009994094 40.32180039574918
137.05842515634342 39.407407717924634
137.00082132451342 38.51256191468293
136.94363962129603 37.64524979166307
136.88708106353644 36.81345815450409
136.83134666807985 36.02517380884502
136.77663745177134 35.28838356032489
136.7231544314561 34.61107421458279
136.67109862397933 34.0012325772576
136.6206683458079 33.46673801912887
136.57196020501428 33.01142343082866
136.5249405474239 32.63393920453907
136.47956719788192 32.3325967242614
136.4357979812335 32.10570737399688
136.39359072232375 31.9515825377468
136.35290324599777 31.868533599512464
136.31369337710075 31.854871943295137
136.27591894047774 31.908908953096123
136.239537760974 32.02895601291668
136.20450766343458 32.21332450675806
136.17078647270463 32.460325818621605
136.13833201362922 32.76827133250857
136.10710211105354 33.13547243242023
136.07705458982278 33.56024050235786
136.04814727478197 34.040886926322685
136.02033799077634 34.57572308831611
135.99358456265097 35.163060372339345
135.9678448152509 35.80121016239368
135.94307657342148 36.4884838424804
135.91923766200767 37.22319279660078
135.89628590585463 38.003648408756085
135.87417912980752 38.82816206294761
135.8528751587115 39.69504514317653
135.83233181741164 40.60260903344433
135.81250693075313 41.54916511775218
135.79335832358106 42.533024780101385
135.77484382074059 43.55249940449307
135.75692124707686 44.60590037492877
135.73954842743493 45.691539075409665
135.72268318666005 46.807726889937
135.70628334959724 47.95277520251209
135.69030674109172 49.124988193037815
135.6747111859886 50.322597046086074
135.65945450913298 51.54379050143265
135.64449453537 52.786756773760104
135.6297890895448 54.04968407775141
135.61529599650254 55.33076062808912
135.60097308108837 56.62817463945595
135.58677816814733 57.940114326534406
135.57266908252464 59.26476790400753
135.55860364906536 60.600323586557806
135.5445396926147 61.944969588868
135.53043503801777 63.296894125620746
135.51624751011968 64.65428541149879
135.50193493376554 66.01533166118479
135.48745513380055 67.37822108936146
135.4727659350698 68.74114191071149
135.4578251624184 70.1022823399174
135.44259064069155 71.45983059166223
135.42702019473435 72.81197488062848
135.4110716493919 74.15690342149874
135.39470282950938 75.49280442895598
135.37787155993192 76.81786611768275
135.3605356655046 78.13027670236174
135.34265297107262 79.42822439767566
135.32418130148108 80.7098974183072
135.3050784815751 81.97348397893904
135.2853023361998 83.2171722942539
135.26481069020042 84.43915057893444
135.243561368422 85.63760704766324
135.22151219570966 86.81072991512328
135.19862099690857 87.95670739599709
135.17494452855647 89.07392325290907
135.15119569802985 90.16205819330195
135.12835451467672 91.22132087718259
135.10740176657583 92.25192150379324
135.08931824180584 93.25407027237611
135.07508472844543 94.22797738217344
135.0656820145732 95.17385303242744
135.06209088826782 96.0919074223804
135.06529213760797 96.9823507512745
135.07626655067224 97.8453932183519
135.0959949155394 98.68124502285502
135.12545802028794 99.49011636402598
135.16563665299657 100.27221744110696
135.21751160174404 101.02775845334034
135.28206365460892 101.75694959996828
135.36027359966985 102.46000108023298
135.4531222250055 103.13712309337676
135.56159031869456 103.78852583864175
135.68665866881562 104.41441951527023
135.8293080634474 105.01501432250441
135.99051929066854 105.59052045958654
136.17127313855758 106.14114812575882
136.37255039519334 106.66710752026356
136.59533184865438 107.16860884234293
136.84059828701933 107.64586229123914
137.10933049836694 108.09907806619451
137.40250927077577 108.52846636645121
137.72111539232455 108.93423739125151
138.06612965109184 109.31660133983763
138.4385328351564 109.67576841145177
138.8393057325968 110.01194880533619
139.26931374201504 110.32535272073312
139.72649229409922 110.61619035688476
140.20568477917672 110.88467191303339
140.7015867541518 111.13100758842121
141.20889377592846 111.35540758229051
141.72230140141068 111.55808209388341
142.23650518750264 111.73924132244224
142.74620069110838 111.89909546720924
143.246083469132 112.03785472742656
143.73084907847743 112.15572930233652
144.19519307604884 112.25292939118128
144.63381101875035 112.32966519320314
145.04139846348585 112.38614690764429
145.41265096715958 112.42258473374694
145.7422640866755 112.43918887075338
146.02493337893765 112.43616951790581
146.25615926808194 112.41373687444646
146.43886090390336 112.37210113961757
146.57995990477883 112.31147251266137
146.6864168236183 112.2320611928201
146.7651922133317 112.134077379336
146.82324662682893 112.01773127145127
146.86754061702004 111.88323306840815
146.90503473681494 111.7307929694489
146.94268953912356 111.56062117381573
146.9874655768559 111.37292788075088
147.04632340292187 111.1679232894966
147.12622357023142 110.94581759929513
147.23412663169452 110.70682100938862
147.37699314022115 110.45114371901938
147.5617836487212 110.17899592742965
147.79497595508752 109.89046116070294
148.07764411801386 109.58420502343331
148.40747233333656 109.2580036325442
148.7820924773278 108.90961937649607
149.1991364262598 108.53681464374935
149.6562360564049 108.13735182276437
150.1510232440353 107.7089933020016
150.6811298654232 107.24950146992143
151.24418779684083 106.75663871498432
151.83782891456056 106.22816742565055
152.45968509485456 105.66184999038059
153.10738821399505 105.05544879763497
153.77857014825437 104.4067262358739
154.47086277390468 103.71344469355783
155.1818979672183 102.97336655914725
155.90930760446741 102.18425422110253
156.6507235619243 101.34504640799608
157.40377771586122 100.4618402182254
158.16610194255034 99.54342550039947
158.93532811826398 98.5985969705813
159.7090881192743 97.63614934483398
160.4850138218537 96.66487733922027
161.26073710227428 95.69357566980322
162.03388983680833 94.73103905264597
162.80210390172815 93.78606220381124
163.56301117330597 92.86743983936213
164.31424352781409 91.98396667536163
165.05343284152457 91.14443742787273
165.77821099070982 90.35764681295838
166.48620985164206 89.63238954668157
167.17506130059348 88.97746034510529
167.8423976649514 88.40165017953014
168.48625829991826 87.91037123267549
169.10583937860133 87.49943279777187
169.70054120411518 87.16294965943715
170.2697640795745 86.89503660228908
170.81290830809402 86.68980841094547
171.32937419278838 86.54137987002413
171.81856203677222 86.44386576414287
172.27987214316022 86.39138087791947
172.71270481506704 86.37803999597176
173.11646035560742 86.39795790291751
173.490539067896 86.4452493833745
173.83434125504738 86.51402922196056
174.14726722017627 86.59841220329348
174.42871726639734 86.69251311199103
174.67809169682528 86.79044673267106
174.89479081457478 86.88636986574143
175.07821492276042 86.9764191028316
175.22776432449703 87.05952341222724
175.3428393228991 87.13482234438365
175.42284022108146 87.2014554497562
175.46716732215864 87.25856227880017
175.4752209292454 87.30528238197087
175.4464013454564 87.34075530972366
175.3801088739062 87.36412061251386
175.27574381770964 87.37451784079674
175.13270647998138 87.3710865450277
174.95039716383596 87.35296627566198
174.72821617238807 87.31929658315498
174.46556380875248 87.26921701796198
174.1618403760438 87.20186713053828
173.81649899137264 87.1165055156457
173.4305390639066 87.01587615600836
173.0067165702909 86.90668238932003
172.54788257068495 86.79584187432357
172.0568881252483 86.690272269762
171.53658429414014 86.59689123437816
170.98982213752006 86.52261642691501
170.41945271554746 86.47436550611552
169.8283270883817 86.45905613072253
169.21929631618218 86.48360595947904
168.59521145910847 86.5549326511279
167.95892357731975 86.67995386441211
167.31328373097568 86.86558725807457
166.66114298023547 87.1187504908582
166.00535238525867 87.44636122150592
165.34876300620465 87.8553371087607
164.6942259032329 88.35176285270627
164.04459213650273 88.93326493006785
163.40271276617366 89.59254331466647
162.7714388524051 90.32223672014229
162.15362145535636 91.11498386013578
161.55211163518703 91.96342344828713
160.9697604520564 92.8601941982365
160.40941896612387 93.79793482362437
159.87393823754894 94.76928403809093
159.366169326491 95.76688055527643
158.8889632931094 96.78336308882116
158.44517119756372 97.81137035236539
158.03764410001324 98.84354105954941
157.66923306061744 99.87251392401346
157.34278913953574 100.89092765939786
157.0610698051018 101.89157342331453
156.82478545281978 102.87057668072684
156.63265637621856 103.82730440884424
156.48332067401762 104.76125746519207
156.37541644493646 105.67193670729604
156.30758178769457 106.55884299268143
156.27845480101135 107.42147717887377
156.2866735836063 108.25934012339845
156.33087623419897 109.07193268378097
156.4097008515088 109.8587557175468
156.5217855342553 110.61931008222136
156.6657683811579 111.35309663533013
156.84028749093605 112.05961623439846
157.0439809623093 112.738369736952
157.27548689399714 113.38885800051614
157.533443384719 114.01058188261632
157.81648853319433 114.6030422407779
158.12326043814267 115.16573993252652
158.4523971982835 115.69817581538757
158.8025369123363 116.19985074688644
159.1723176790205 116.6702655845487
159.56037759705566 117.10892118589969
159.9653547651612 117.51531840846495
160.38588728205656 117.88895810976986
160.82061324646133 118.22934114734
161.26817075709485 118.53596837870069
161.7271979126767 118.8083406613775
162.19633281192637 119.04595885289581
162.67421355356325 119.24832381078113
163.1594782363069 119.41493639255891
163.65076495887683 119.5452974557546
164.14676531090134 119.6389924276051
164.6467067957047 119.69645402075702
165.15012580982682 119.71860331140635
165.65656246944943 119.70636725654337
166.16555689075415 119.6606728131583
166.67664918992267 119.58244693824146
167.18937948313655 119.47261658878308
167.70328788657764 119.33210872177342
168.2179145164276 119.16185029420278
168.73279948886795 118.96276826306142
169.24748292008044 118.73578958533953
169.7615049262468 118.48184121802748
170.27440562354866 118.20185011811546
170.78572512816766 117.89674324259376
171.2950035562855 117.56744754845266
171.80178102408382 117.2148899926824
172.3055976477443 116.83999753227326
172.8059935434486 116.44369712421549
173.30250882737838 116.02691572549945
173.7946836157154 115.59058029311524
174.28205802464126 115.13561778405321
174.76417217033756 114.6629551553037
175.24056616898608 114.17351936385683
175.71078013676853 113.66823736670295
176.17435418986648 113.14803612083227
176.6308284444616 112.61384258323514
177.07974301673562 112.06658371090174
177.52063802287023 111.50718646082242
177.95305357904692 110.93657778998734
178.37652980144753 110.35568465538687
178.79060680625372 109.76543401401128
179.19482470964715 109.16675282285073
179.58872362780943 108.56056803889551
179.97184367692222 107.94780661913602
180.34372497316733 107.32939552056231
180.70390763272633 106.70626170016479
181.05193177178086 106.07933211493365
181.3873375065127 105.44953372185924
181.70966495310338 104.81779347793176
182.01845422773468 104.18503834014149
182.3132454465882 103.5521952654787
182.59357872584567 102.92019121093364
182.8589941816887 102.2899531334967
183.109031930299 101.66240799015794
183.34323208785827 101.03848273790774
183.56113477054814 100.41910433373633
183.76228009455025 99.80519973463406
183.94620817604633 99.19769589759107
184.11245913121803 98.59751977959766
184.260573076247 98.00559833764413
184.3900901273149 97.42285852872072
184.5005504006035 96.85022730981771
184.5914940122943 96.28863163792538
184.66246107856904 95.73899847003393
184.71299171560955 95.20225476313372
184.74262603959733 94.67932747421504
184.750904166714 94.17114356026796
184.7373662131414 93.67862997828293
184.70155229506105 93.20271368525017
184.64300252865473 92.74432163815989
184.56125703010406 92.30438079400238
184.45585591559072 91.88381810976792
184.32634164403143 91.48355888681297
184.1727153363958 91.1042042855403
183.9959833899665 90.74564502776104
183.79728546694477 90.4076776556661
183.57776122953206 90.09009871144646
183.33855033992978 89.7927047372931
183.08079246033927 89.51529227539699
182.80562725296204 89.25765786794906
182.51419437999948 89.01959805714024
182.20763350365291 88.80090938516165
181.88708428612378 88.60138839420406
181.55368638961355 88.42083162645858
181.2085794763235 88.25903562411611
180.85290320845507 88.1157969293676
180.4877972482098 87.99091208440407
180.11440125778893 87.88417763141645
179.73385489939398 87.79539011259573
179.34729783522624 87.72434607013282
178.95586972748717 87.67084204621875
178.56071023837816 87.63467458304447
178.16295903010067 87.61564022280088
177.76375576485606 87.61353550767905
177.36424010484575 87.62815697986987
176.9655517122711 87.65930118156433
176.56883024933353 87.70676465495337
176.1752153782345 87.77034394222802
175.78584676117532 87.84983558557919
175.4018640603575 87.94503612719782
175.02440693798238 88.05574210927492
174.65461505625134 88.18175007400149
174.29362807736584 88.3228565635684
173.94258566352727 88.47885812016669
173.602627476937 88.6495512859873
173.27489317979644 88.8347326032212
172.96052243430708 89.03419861405932
172.6606549026702 89.24774586069267
172.3764302470872 89.47517088531221
172.10898812975964 89.7162702301089
171.85946821288877 89.9708404372737
171.62901015867607 90.2386780489976
171.41875362932294 90.51957960747147
171.22983828703076 90.81334165488639
171.06340379400092 91.11976073343328
170.92058981243483 91.4386333853031
170.80253600453392 91.76975615268682
170.7103820324996 92.1129255777754
170.64526755853328 92.46793820275978
170.6083322448363 92.83459056983102
170.60071575361007 93.21267922117998
170.62355774705608 93.60200069899768
170.67799788737568 94.00235154547508
170.76517583677023 94.4135283028031
170.88623125744118 94.83532751317273
171.04230381158996 95.26754571877497
171.23453316141794 95.70997946180076
171.4640589691265 96.16242528444107
171.73202089691713 96.62467972888686
172.03955860699116 97.0965393373291
172.38781176154995 97.57780065195867
172.77792002279497 98.06826021496667
173.2110230529277 98.56771456854405
173.68826051414942 99.0759602548817
174.21077206866156 99.59279381617061
174.77918525932614 100.11746413452744
175.39145143840614 100.64635817565654
176.04465066749975 101.17493114761609
176.73586253602528 101.69863775351556
177.4621666334013 102.21293269646445
178.22064254904615 102.71327067957225
179.00836987237827 103.19510640594844
179.82242819281612 103.65389457870252
180.65989709977825 104.08508990094403
181.51785618268306 104.4841470757825
182.3933850309489 104.84652080632736
183.28356323399436 105.1676657956882
184.18547038123776 105.44303674697437
185.09618606209756 105.6680883632955
186.0127898659923 105.8382753477611
186.9323613823404 105.9490524253823
187.8519802005603 105.99711217370825
188.7687259100704 105.98371699802517
189.6796781002892 105.91118361211879
190.5819163606351 105.78182872977487
191.47252028052648 105.59796906477916
192.34856944938198 105.36192133091738
193.20714345661995 105.0760022419753
194.04532189165886 104.74252851173857
194.86018434391707 104.363816853993
195.64881040281313 103.94218398252434
196.40827965776535 103.47994661111836
197.13567169819234 102.97942145356069
197.8280661135125 102.44292522363712
198.48254249314425 101.8727746351334
199.096180426506 101.27128640183521
199.6660642894946 100.64077880940667
200.19173959420476 99.98437838000665
200.67922202470228 99.30733643860628
201.1355778195397 98.6152493120005
201.56787321726955 97.91371332698402
201.9831744564445 97.20832481035164
202.38854777561727 96.50468008889821
202.79105941334024 95.80837548941854
203.19777560816618 95.12500733870726
203.6157625986477 94.46017196355929
204.05208662333735 93.81946569076936
204.5138139207877 93.2084848471323
205.00801072955147 92.63282575944288
205.5417432881811 92.09808475449596
206.12207783522942 91.6098581590862
206.75608060924887 91.17374230000844
207.45066029713357 90.79522818642752
208.20644535619167 90.47560871939629
209.0158149407261 90.21066243693521
209.8705876338108 89.99579315531433
210.76258201851994 89.82640469080366
211.6836166779274 89.69790085967317
212.62551019510718 89.60568547819291
213.5800811531334 89.54516236263294
214.5391481350799 89.5117353292632
215.49452972402065 89.50080819435381
216.43804450302986 89.50778477417471
217.36151105518138 89.52806888499592
218.2567479635493 89.55706434308749
219.11557381120747 89.59017496471944
219.92980718123002 89.62280456616179
220.69126665669086 89.65035696368454
221.39208880639646 89.66840812206729
222.02956028759016 89.6753221187572
222.60514291883126 89.67172334581477
223.12041882305874 89.6583013246996
223.5769701232117 89.63574557687126
223.976378942229 89.60474562378927
224.32022740304976 89.56599098691323
224.61009762861295 89.52017118770273
224.84757174185748 89.46797574761726
225.03423186572243 89.41009418811645
225.1716601231468 89.34721603065984
225.26143863706955 89.280030796707
225.30514953042967 89.2092280077175
225.30437492616625 89.13549718515091
225.26069694721818 89.0595278504668
225.17569771652452 88.98200952512467
225.0509593570242 88.90363173058417
224.88806399165634 88.82508398830484
224.6885937433598 88.74705581974622
224.4541307350737 88.67023674636793
224.18625708973693 88.59531628962947
223.88655493028855 88.52298397099045
223.55660637966753 88.4539293119104
223.19799356081293 88.38884183384893
222.81229859666374 88.32841105826557
222.40110361015883 88.27332650661991
221.96599072423734 88.22427770037152
221.5085420618382 88.1819541609799
221.03033974590042 88.14704540990473
220.532965899363 88.12024096860546
220.01800264516498 88.10223035854172
219.48703210624532 88.09370310117306
218.94163640554302 88.09534871795906
218.383397665997 88.10785673035929
217.81389801054638 88.13191665983327
217.23471956213012 88.16821802784061
216.64744444368728 88.21745035584082
216.05365477815675 88.28030316529355
215.45493268847756 88.35746597765831
214.85286029758865 88.44962831439467
214.24901972842915 88.5574796969622
213.64499310393796 88.68170964682048
213.04236254705418 88.82300768542905
212.44271018071666 88.98206333424751
211.8476181278645 89.1595661147354
211.25866851143667 89.35620554835228
210.6774434543722 89.57267115655773
210.10552507961 89.80965246081131
209.54449551008926 90.06783898257257
208.99593686874877 90.3479202433011
208.46143127852758 90.6505857644565
207.9425608623647 90.97652506749824
207.44090774319915 91.32642767388597
206.95805404396995 91.70098310507923
206.4955818876161 92.10088088253752
206.0550733970765 92.52681052772051
205.63811069529032 92.97946156208774
205.2462759051963 93.45952350709877
204.88115114973365 93.9676858842131
204.5443185518414 94.5046382148904
204.23736023445835 95.07107002059008
203.96183573505056 95.66763966544323
203.7183738205393 96.29372148806571
203.50636271382479 96.94697845987835
203.32510449022166 97.6249547091582
203.1739012250446 98.3251943641822
203.05205499360818 99.04524155322724
202.95886787122723 99.78264040457044
202.8936419332162 100.53493504648878
202.85567925488985 101.29966960725912
202.8442819115629 102.07438821515855
202.8587519785499 102.85663499846396
202.89839153116557 103.64395408545226
202.9625026447246 104.43388960440065
203.0503873945416 105.223985683586
203.1613478559312 106.01178645128523
203.2946861042082 106.79483603577536
203.44970421468713 107.5706785653334
203.6257042626827 108.33685816823618
203.82198832350943 109.09091897276089
204.03785847248224 109.83040510718439
204.2726167849156 110.55286069978368
204.52556533612426 111.25582987883575
204.79600620142287 111.93685677261753
205.08324145612605 112.59348550940602
205.38657317554848 113.22326021747814
205.7053034350048 113.82372502511099
206.03873430980968 114.39242406058152
206.38616787527786 114.92690145216665
206.74690620672393 115.42470132814337
207.1202513794625 115.88336781678868
207.50550546880828 116.30044504637945
207.90197055007602 116.67347714519283
208.30894869858022 117.00000824150574
208.72574198963562 117.27758246359511
209.15165249855698 117.50374393973794
209.58598230065874 117.67669975997882
210.02803347125564 117.79733483731067
210.4771080856625 117.86721009791738
210.9325082191938 117.88788646800572
211.3935359471643 117.86092487378261
211.85949334488862 117.78788624145481
212.32968248768137 117.67033149722916
212.8034054508573 117.5098215673125
213.27996430973099 117.30791737791165
213.7586611396172 117.06617985523346
214.2387980158305 116.78616992548471
214.7196770136856 116.46944851487221
215.20060020849718 116.11757654960287
215.68086967557977 115.73211495588355
216.15978749024822 115.31462465992094
216.63665572781701 114.86666658792193
217.11077646360093 114.38980166609343
217.58145177291462 113.88559082064214
218.0479837310727 113.35559497777491
218.50967441338992 112.80137506369861
218.9658258951808 112.22449200462006
219.41574025176007 111.6265067267461
219.85871955844243 111.0089801562835
220.29406589054247 110.37347321943916
220.7210813233749 109.72154684241987
221.13906793225436 109.05476195143245
221.5473277924955 108.37467947268378
221.94516297941303 107.68286033238061
222.33187556832152 106.98086545672984
222.7067676345357 106.27025577193825
223.06914232061771 105.55259406114382
223.41854558643232 104.82986559152268
223.75507351727322 104.10501280755918
224.07889794840045 103.38110995304338
224.39019071507425 102.66123127176513
224.68912365255463 101.94845100751431
224.97586859610178 101.24584340408073
225.25059738097585 100.55648270525445
225.51348184243705 99.88344315482496
225.76469381574537 99.2297989965823
226.00440513616104 98.59862447431628
226.23278763894422 97.99299383181685
226.450013159355 97.41598131287377
226.65625353265358 96.87066116127694
226.85168059410003 96.36010762081621
227.03646617895453 95.88739493528143
227.2107821224772 95.45557046689406
227.37480025992818 95.06576040952059
227.52869242656763 94.71592090162582
227.67263045765569 94.40371161221702
227.8067861884525 94.12679221030145
227.93133145421817 93.8828223648864
228.04643809021286 93.6694617449791
228.15227793169677 93.48437001958683
228.2490228139299 93.32520685771689
228.33684457217248 93.1896319283765
228.41591504168468 93.07530490057299
228.4864060577266 92.97988544331356
228.54848945555835 92.90103322560552
228.60233707044011 92.83640791645608
228.64812073763204 92.78366918487256
228.68601229239422 92.74047955676048
228.71618356998687 92.70523954740908
228.7388064056701 92.67806650836312
228.75405263470395 92.65932138870959
228.7620940923487 92.64936513753557
228.76310261386436 92.64855870392805
228.7572500345113 92.65726303697399
228.7447081895494 92.67583908576046
228.7256489142389 92.70464779937446
228.70024404383994 92.74405012690299
228.6686654136127 92.79440701743309
228.6310848588173 92.85607942005171
228.58767421471381 92.92942828384595
228.53860531656247 93.01481455790272
228.48404999962332 93.11259919130914
228.4241800991566 93.22314313315215
228.35916745042238 93.34680733251878
228.28918388868087 93.48395273849601
228.21440124919212 93.63494030017095
228.13499136721634 93.80013096663046
228.0511260780137 93.97988568696171
227.96297721684422 94.17456541025162
227.87071661896812 94.38453108558723
227.77451611964545 94.61014366205556
227.6745475541366 94.85176408874358
227.57098275770147 95.10975331473828
227.46399356560025 95.38447228912679
227.35375181309306 95.67628196099606
227.24042933544013 95.98554327943307
227.12419796790155 96.3126171935249
227.00522954573745 96.6578646523585
226.8836984121582 97.0216533307027
226.75995285194864 97.40481737019078
226.63462519401773 97.80895264623013
226.508373969785 98.23572530266667
226.3818577106695 98.68680148334631
226.2557349480908 99.16384733211498
226.13066421346826 99.66852899281858
226.00730403822106 100.20251260930306
225.88631295376865 100.76746432541432
225.7683494915304 101.36505028499829
225.65407218292555 101.99693663190088
225.54413955937352 102.66478950996806
225.4392101522936 103.3702750630455
225.33994249310524 104.11505943497951
225.2469951132276 104.90080876961584
225.16102654408027 105.7291892108004
225.08269531708245 106.60186690237914
225.01265996365345 107.52050798819795
224.9515790152127 108.4867786121025
224.9001110031795 109.50234491793923
224.85891445897317 110.5688730495538
224.8286479140131 111.68802915079212
224.80996989971862 112.86147936550013
224.80353894750908 114.09088983752375
224.8100135888038 115.37792671070893
224.83005235502216 116.72425612890153
224.86431377758348 118.13154423594752
224.91345638790713 119.6014571756928
224.9781387174124 121.13566109198325
225.05901929751872 122.73582212866488
225.15675665964537 124.40360642958359
225.2720093352117 126.14068013858524
225.40520453748917 127.94836639843139
225.55349093960055 129.8231268966263
225.711583666103 131.7578148281953
225.87414024183917 133.74519797867563
226.0358181916515 135.77804413360465
226.1912750403824 137.84912107851906
226.3351683128745 139.95119659895715
226.4621555339703 142.07703848045568
226.5668942285123 144.21941450855184
226.64404192134288 146.37109246878296
226.68825613730473 148.5248401466863
226.6941944012402 150.67342532779855
226.65651423799184 152.80961579765807
226.5698731724022 154.92617934180157
226.4289287293138 157.01588374576633
226.22833843356906 159.07149679508956
225.96275981001054 161.0857862753086
225.62685038348064 163.0515199719606
225.2152676788221 164.96146567058295
224.7226692208772 166.80839115671282
224.14371253448854 168.58506421588754
223.47305514449863 170.28425263364426
222.7053545757499 171.89872419552032
221.83526835308493 173.42124668705296
220.85745400134624 174.8445878937795
219.76656904537626 176.16151560123708
218.55727101001753 177.3647975949631
217.22421742011258 178.4472016604947
215.76206580050385 179.40149558336913
214.16547367603428 180.22044714912363
212.4290985715457 180.89682414329567
210.54962232726794 181.42392187191314
208.55349207437723 181.8027922391049
206.48980301505114 182.04038905618518
204.40821781806284 182.14381401175024
202.35839915218594 182.1201687943962
200.39000968619263 181.97655509271928
198.5527120888566 181.7200745953156
196.8961690289509 181.35782899078131
195.46933492245105 180.89691996771268
194.29119016216652 180.34444921470572
193.34030388634457 179.7075184203567
192.59239094525236 178.99322927326185
192.02316618915688 178.20868346201712
191.60834446832527 177.36098267521885
191.32364063302464 176.4572286014632
191.14476953352212 175.5045229293463
191.04954849687346 174.5096828375064
191.028735282234 173.4777743880834
191.07800702044082 172.41319794729242
191.1930503727543 171.32035259167893
191.36955200043525 170.20363739778844
191.60319856474408 169.06745144216654
191.8896767269413 167.916193801359
192.22467314828765 166.75426355191075
192.60387449004358 165.58605977036757
193.02296741346973 164.41598153327504
193.47763857982665 163.24842791717862
193.96357465037488 162.08779799862384
194.47646228637498 160.9384908541562
195.0119881490874 159.80490556032152
195.56583889977298 158.69144119366473
196.13479506319726 157.60178669767288
196.725712584174 156.5330900819554
197.35088011069885 155.47897246075493
198.02263903719256 154.4330207054858
198.75333075807566 153.38882168756257
199.5552966677688 152.33996227839953
200.4408781606926 151.28002934941108
201.4224166312677 150.20260977201175
202.51225347391463 149.10129041761584
203.72273008305413 147.96965815763778
205.0661878531066 146.80129986349203
206.55496817849294 145.58980240659298
208.20141245363368 144.328752658355
210.01786207294936 143.01173749019253
212.0166584308606 141.63234377352
214.2101428328731 140.18415837975178
216.6100543223381 138.66076818030268
219.22609305173407 137.05576004658636
222.06752813555227 135.36272085001764
225.14362868828434 133.57523746201088
228.463663824422 131.68689675398048
232.036902658457 129.69128559734088
235.87261430488 127.58199086350706
239.97718156979082 125.3525994238923
244.3132749401893 122.9966981499116
248.80964473649246 120.50787391297933
253.39415297562203 117.87971358450991
257.9946616744999 115.10580403591773
262.5390328500478 112.17973213861723
266.9551285191876 109.09508476402283
271.17081069884114 105.84544878354887
