101.34646410388739 114.99593790771065
102.03058837153476 115.4657741616946
102.66845379147674 115.91993884784193
103.26253555470824 116.35632592193797
103.81530885222418 116.77282933976808
104.3292488750195 117.16734305711762
104.80683081408903 117.53776102977191
105.25052986042772 117.88197721351628
105.66282120503038 118.19788556413606
106.04618003889202 118.48338003741664
106.40308155300744 118.7363545891433
106.73600093837162 118.95470317510146
107.0474133859794 119.13631975107637
107.3397940868257 119.27909827285343
107.6156182319054 119.38093269621795
107.87736101221346 119.43971697695534
108.12749761874468 119.45334507085082
108.36850324249407 119.41971093368986
108.60285307445643 119.33670852125769
108.8330223056267 119.20223178933972
109.0614861269998 119.01417469372129
109.29071972957057 118.7704311901877
109.52319830433396 118.46889523452433
109.76139704228483 118.10746078251647
110.00779113441811 117.68402178994954
110.26485577172869 117.1964722126088
110.53506614521147 116.64270600627965
110.8208974458613 116.0206171267474
111.12482486467316 115.3280995297974
111.44932359264193 114.563047171215
111.79686882076244 113.7233540067855
112.16993574002964 112.8069139922943
112.57080728606621 111.81210336869006
113.00010923433024 110.74145547147519
113.4576209065777 109.59962702057183
113.94311482970429 108.39129178125327
114.45636353060567 107.1211235187928
114.99713953617761 105.79379599846372
115.56521537331568 104.4139829855392
116.16036356891567 102.98635824529265
116.78235664987321 101.51559554299729
117.43096714308398 100.00636864392646
118.10596757544373 98.46335131335334
118.8071304738481 96.89121731655128
119.53422836519279 95.29464041879356
120.28703377637349 93.67829438535338
121.06531923428587 92.04685298150419
121.86885726582562 90.4049899725191
122.6970716402453 88.76007691196683
123.54664205001399 87.14071195123587
124.41294995318557 85.5855356355626
125.29136906853789 84.13324837676566
126.17727311484896 82.8225505866637
127.06603581089661 81.69214267707544
127.95303087545871 80.7807250598195
128.8336320273132 80.12679156613638
129.70321298523794 79.74329923022937
130.5571474680109 79.59331540227855
131.3908091944099 79.63413426162599
132.1995718832129 79.82304998761356
132.97880925319777 80.11735675958329
133.72389502314238 80.47434875687709
134.43020291182467 80.85132015883703
135.09334557203354 81.20754452177293
135.71193993463615 81.52718344035502
136.2866545343949 81.81139440481302
136.81819757315392 82.06166351538762
137.30727725275747 82.27947687231976
137.7546017750497 82.46632057585018
138.1608793418748 82.6236807262197
138.52681815507694 82.75304342366917
138.85312641650026 82.85589476843937
139.14051232798906 82.93372086077116
139.38968409138744 82.98800780090534
139.6013499085396 83.0202416890827
139.77621798128976 83.03190862554406
139.9149965114821 83.02449471053029
140.01839370096076 82.99948604428216
140.08711775156993 82.95836872704048
140.12187686515384 82.9026288590461
140.12337924355668 82.83375254053983
140.09233308862258 82.75322587176247
140.02944660219578 82.66253495295486
139.9354279861204 82.5631658843578
139.81098544224068 82.4566047662121
139.6568271724008 82.34433769875858
139.47366137844494 82.2278507822381
139.2621962622173 82.1086301168914
139.02314002556201 81.98816180295935
138.75720087032326 81.86793194068277
138.46508699834533 81.74942663030245
138.14750661147232 81.63413197205922
137.80516791154844 81.52353406619389
137.43877910041786 81.41911901294729
137.04904840054706 81.3223729007005
136.63688049042082 81.23466883701617
136.20385768969388 81.15699022160011
135.7517083186042 81.09023648999384
135.28216069738974 81.03530707773885
134.79694314628864 80.99310142037673
134.29778398553879 80.96451895344897
133.78641153537828 80.95045911249717
133.26455411604513 80.9518213330628
132.73394004777725 80.96950505068742
132.1962976508127 81.00440970091257
131.65335524538958 81.05743471927977
131.1068411517458 81.1294795413306
130.5584836901194 81.22144360260651
130.01001118074848 81.33422633864913
129.46315194387094 81.46872718499996
128.91963429972475 81.6258455772005
128.38118656854806 81.80648095079233
127.84953707057882 82.01153274131694
127.32641412605504 82.24190038431594
126.81354605521476 82.4984833153308
126.31266117829597 82.78218096990308
125.82548781553665 83.09389278357433
125.35375428717482 83.43451819188606
124.8991889134486 83.80495663037979
124.46352001459587 84.20610753459708
124.0484759108547 84.63887034007949
123.65578492246313 85.10414448236851
123.2871753696591 85.60282939700566
122.94437557268067 86.13582451953258
122.62911385176585 86.70402928549068
122.34311852660416 87.30834312971865
122.08775964405139 87.9492063446643
121.86302341282459 88.62528577334866
121.66856197505093 89.33482013776809
121.50402747285773 90.07604815991884
121.3690720483722 90.84720856179732
121.26334784372163 91.64654006539976
121.18650700103325 92.47228139272254
121.1382016624343 93.32267126576203
121.11808397005204 94.19594840651442
121.12580606601375 95.09035153697612
121.16102009244666 96.0041193791435
121.22337819147805 96.93549065501277
121.31253250523514 97.88270408658035
121.42813517584514 98.84399839584245
121.56983834543541 99.81761230479552
121.73729415613312 100.80178453543576
121.93015475006557 101.79475380975957
122.14807226935999 102.79475884976331
122.3906988561436 103.80003837744319
122.65768665254372 104.80883111479558
122.9486878006876 105.81937578381685
123.26335444270241 106.82991110650332
123.60133872071545 107.83867580485115
123.96229277685404 108.8439086008569
124.34586875324534 109.84384821651679
124.75171879201665 110.83673337382707
125.17949503529519 111.82080279478411
125.62884962520823 112.79429520138433
126.09943470388303 113.75544931562386
126.59090241344686 114.70250385949923
127.10289319618468 115.63362752868123
127.63457128489188 116.544138792313
128.18446963959352 117.42557780256818
128.75107773330393 118.26922443156623
129.3328850390375 119.06635855142646
129.9283810298084 119.80826003426829
130.536055178631 120.48620875221111
131.15439695851958 121.09148457737439
131.78189584248844 121.61536738187742
132.4170413035519 122.04913703783967
133.0583228147243 122.38407341738056
133.7042298490199 122.61145639261944
134.35325187945296 122.72256583567571
135.0038783790379 122.7086816186688
135.654598820789 122.56108361371807
136.30390267772046 122.27105169294296
136.95027942284662 121.83000108692136
137.59221852918188 121.2365595336437
138.22820946974048 120.50004063313474
138.85674171753672 119.63062184318402
139.47630474558494 118.63848062158097
140.08538802689935 117.53379442611522
140.68248103449434 116.32674071457626
141.26607324138425 115.02749694475352
141.8346541205833 113.64624057443659
142.3867131451058 112.1931490614151
142.9207397879661 110.67839986347848
143.43522352217852 109.11217043841616
143.92865382075726 107.50463824401784
144.39952015671673 105.86598073807298
144.8463120030712 104.20637537837098
145.26751992926776 102.53599610689754
145.6621678460748 100.86330666190467
146.0306696891659 99.1923135500567
146.37366298586437 97.52630631261822
146.69178526349333 95.86857449085394
146.985674049376 94.22240762602792
147.25596687083555 92.59109525940485
147.50330125519528 90.97792693224939
147.72831472977813 89.38619218582585
147.93164482190755 87.81918056139864
148.1139290589065 86.2801816002325
148.27580496809836 84.77248484359176
148.4179100768062 83.29937983274084
148.54088191235329 81.86415610894434
148.64535800206266 80.47010321346691
148.7319758732577 79.1205106875727
148.80137305326147 77.81866203952788
148.85418706939717 76.56598263472527
148.891055448988 75.35942334694482
148.91261571935715 74.19527516173488
148.91950540782784 73.06982906464407
148.91236204172318 71.97937604122076
148.89182314836643 70.9202070770134
148.85852625508068 69.88861315757055
148.81310888918924 68.88088526844076
148.75620857801525 67.89331439517223
148.68846284888184 66.92219152331363
148.6105092291123 65.96380763841346
148.52298524602972 65.01445372602011
148.42652842695733 64.07042077168202
148.32177629921827 63.12799976094779
148.20936639013584 62.183481679365805
148.08993622703312 61.23440239187324
147.9641233372333 60.28506946820307
147.83256524805967 59.34208192916269
147.69589948683534 58.412040611765256
147.55476358088345 57.50154635302406
147.40979505752725 56.6171999899524
147.26163144408991 55.7656023595634
147.11091026789464 54.95335429887028
146.9582690562646 54.18705664488635
146.804345336523 53.47331023462478
146.649776635993 52.81871590509877
146.4952004819978 52.2298744933216
146.3412544018606 51.713386836306505
146.18857592290456 51.27585377106663
146.03780257245285 50.92387613461526
145.8895718778287 50.66405476396566
145.7445213663553 50.504806937653
145.60328856535577 50.46191221260458
145.4665110021534 50.553015163054674
145.3348262040713 50.79576036339418
145.20887169843266 51.20779238801397
145.0892850125607 51.80675581130494
144.97670367377862 52.61029520765794
144.87176520940952 53.63533577230704
144.77510714677666 54.87896639345578
144.68736701320327 56.31641857852793
144.6091823360124 57.92179904781524
144.54119064252734 59.66921452160893
144.48402946007124 61.532771720200245
144.43833631596735 63.48657736388071
144.40474873753874 65.50473817294184
144.38384079742116 67.56286695498119
144.3757030974112 69.6480516240467
144.38020373894832 71.75266110614146
144.39720964330644 73.86909233831842
144.4265877317596 75.9897422576304
144.4682049255817 78.10700780113096
144.52192814604666 80.2132859058729
144.58762431442847 82.3009735089092
144.66516035200112 84.36246754729302
144.75440318003848 86.39016495807759
144.85521971981447 88.37646267831569
144.96747689260312 90.31375764506055
145.0910416196784 92.19444679536531
145.22578082231416 94.01092706628296
145.37156142178438 95.75559539486635
145.52825033936307 97.42084871816893
145.69571449632406 98.99990552077801
145.8738208139414 100.49317029632456
146.062436213489 101.90476267173791
146.2614276162408 103.23883343111231
146.47066194347076 104.49953335854183
146.69000611645285 105.69101323812077
146.91932705646096 106.81742385394337
147.15849168476907 107.88291599010373
147.40736692265105 108.89164043069609
147.66581969138105 109.84774795981477
147.93371691223285 110.75538936155384
148.21092550648038 111.6187154200075
148.49731239539773 112.44187691927002
148.79274450025866 113.22902464343561
149.09708874233726 113.98430937659842
149.41021204290746 114.71174009464652
149.7319813232432 115.41162334854288
150.06226350461833 116.08030041558526
150.40092550830693 116.71391811758248
150.74783425558294 117.3086232763433
151.10285666772018 117.86056271367647
151.4658596659927 118.36588325139084
151.83671017167447 118.82073171129512
152.2152751060394 119.2212549151981
152.60142139036137 119.56359968490858
152.99501594591442 119.84391284223531
153.3959256939725 120.05834120898712
153.80401755580945 120.2030316069727
154.21915845269936 120.27413085800092
154.64121530591606 120.26778578388048
155.07005503673355 120.18014320642021
155.50554456642584 120.00742132202059
155.94755081626673 119.74746896226692
156.3959407075303 119.39975951692058
156.85058116149037 118.9638365349279
157.31133909942102 118.4392435652352
157.77808144259612 117.8255241567887
158.25067511228966 117.12222185853483
158.72898702977557 116.32888021941966
159.21288411632776 115.44504278838971
159.70223329322022 114.47025311439114
160.1969014817269 113.40405474637019
160.69675560312172 112.24599123327326
161.20166257867865 110.99560612404655
161.7114893296716 109.65244296763646
162.22610277737456 108.2160453129892
162.74537059813056 106.6859673695534
163.26946024042772 105.06599570340673
163.7992947788057 103.37058524651927
164.33591449297947 101.61584570135551
164.880359662664 99.81788677038016
165.4336705675744 97.99281815605758
165.9968874874255 96.15674956085255
166.57105070193242 94.3257906872295
167.15720049081006 92.5160512376529
167.7563771337734 90.74364091458747
168.36962091053758 89.02466942049763
168.99797210081738 87.37524645784808
169.6424709843279 85.81148172910325
170.30415784078414 84.34948493672765
170.98407294990102 83.005365783186
171.68325659139364 81.7952339709427
172.40274768661 80.73519242359309
173.1423481632097 79.83517090270945
173.89834025080324 79.08753427319043
174.666384349094 78.48154418542147
175.44214085778538 78.00646228978783
176.22127017658073 77.65155023667502
176.99943270518347 77.40606967646829
177.77228884329705 77.259282259553
178.53549899062463 77.20044963631459
179.28472354686986 77.21883345713835
180.0156229117359 77.30369537240966
180.72385748492627 77.44429703251389
181.40508766614437 77.62990008783642
182.05497385509352 77.84976618876259
182.66917645147709 78.09315698567775
183.24335585499853 78.34933412896729
183.77368557661399 78.6083664850588
184.2596791447357 78.86557736696825
184.70218681114758 79.11839299335593
185.10206236983586 79.36424515540152
185.4601596147865 79.60056564428464
185.77733233998558 79.82478625118495
186.0544343394193 80.0343387672821
186.2923194070737 80.22665498375571
186.4918413369349 80.39916669178544
186.653853922989 80.54930568255095
186.77921095922204 80.67450374723187
186.86876623962016 80.77219267700784
186.92337355816946 80.8398042630585
186.94388670885604 80.87477029656351
186.93115948566592 80.87452256870253
186.88604568258526 80.83649287065515
186.8093990936002 80.75858698069533
186.70207351269676 80.64314941104351
186.56492273386104 80.49495011319935
186.39880055107912 80.31878365974686
186.20456075833724 80.11944462326996
185.98305714962132 79.90172757635258
185.73514351891748 79.67042709157874
185.46167366021186 79.43033774153241
185.16350136749054 79.18625409879749
184.84148043473968 78.94297073595799
184.4964646559453 78.70528222559784
184.1293078250935 78.477983140301
183.7408637361704 78.26586805265148
183.33198618316206 78.07373153523318
182.9035289600546 77.90636816063011
182.45636148138144 77.7684535231246
181.99167610483647 77.6622034293889
181.51096915159772 77.5875184625391
181.01574876308942 77.54420917345513
180.50752308073584 77.53208611301699
179.987800245961 77.55095983210465
179.45808840018924 77.6006408815981
178.91989568484473 77.68093981237728
178.37473024135156 77.79166717532216
177.824100211134 77.93263352131274
177.2695137356162 78.10364940122898
176.7124789562224 78.30452536595084
176.15450401437676 78.5350719663583
175.59709705150343 78.79509975333134
175.0417662090266 79.08441927774993
174.49001962837056 79.40284109049398
173.94336545095942 79.75017574244359
173.4033118182173 80.12623378447861
172.87136687156863 80.53082576747906
172.34903875243728 80.96376224232493
171.83783560224762 81.4248537598962
171.3392655624239 81.91391087107272
170.85483677439015 82.43074412673461
170.38605737957062 82.97516407776182
169.9344355193896 83.54698127503423
169.50147933527106 84.14600626943198
169.08869696863937 84.77204961183479
168.69759656091873 85.42492185312277
168.3296862535332 86.10443354417609
167.98647418790705 86.81039523587432
167.66946850546447 87.54261747909773
167.3801222325019 88.30086234248388
167.11889714160972 89.08401993438657
166.88539662261803 89.89022528333466
166.67919569708639 90.7175884635942
166.49986938657435 91.56421954943124
166.34699271264154 92.42822861511216
166.2201406968476 93.30772573490306
166.11888836075212 94.20082098307
166.0428107259147 95.10562443387933
165.99148281389492 96.02024616159714
165.96447964625239 96.94279624048947
165.96137624454667 97.87138474482275
165.98174763033745 98.80412174886303
166.02516882518424 99.7391173268763
166.09121485064668 100.67448155312918
166.17946072828434 101.60832450188728
166.28948147965687 102.5387562474171
166.42085212632384 103.46388686398495
166.57314768984486 104.38182642585659
166.74594319177953 105.29068500729855
166.93881365368745 106.18857268257683
167.15133409712814 107.07359952595755
167.38307954366132 107.94387561170706
167.63362501484656 108.79751101409144
167.9025455322434 109.63261580737674
168.18941611741153 110.44730006582937
168.4938117919105 111.23967386371535
168.81530757729985 112.00784727530082
169.15347849513927 112.74993037485206
169.50789956698839 113.4640332366352
169.87814581440668 114.14826593491634
170.2637914739076 114.80074017645303
170.66430375470762 115.41979022957399
171.07893519235864 116.00419677309905
171.50691267989674 116.55279380905473
171.9474631103578 117.06441533946719
172.39981337677764 117.53789536636278
172.86319037219252 117.97206789176798
173.33682098963806 118.36576691770891
173.81993212215036 118.71782644621199
174.31175066276558 119.02708047930363
174.81150350451935 119.29236301901007
175.31841754044783 119.51250806735762
175.83171966358694 119.68634962637267
176.35063676697249 119.81272169808157
176.87439574364066 119.89045828451059
177.40222348662732 119.9183933876861
177.93334688896837 119.89536100963441
178.4669928436999 119.82019515238184
179.00238824385772 119.69172981795475
179.5387599824778 119.50879900837947
180.07533495259622 119.27023672568231
180.61134004724894 118.9748769718896
181.1460021594717 118.62155374902773
181.6785481823007 118.20910105912291
182.20820500877176 117.73635290420158
182.73419953192084 117.2021432862901
183.25575864478404 116.60530620741453
183.7721092403971 115.94467566960161
184.2824782117961 115.21908567487746
184.7860924520171 114.42737022526823
185.2821788540958 113.56836332280064
185.7699643110684 112.64089896950071
186.2486757159708 111.64507551712018
186.7175399618388 110.58739790003304
187.17578394170852 109.47639541457278
187.6226345486159 108.32059814014295
188.0573186755968 107.12853615614705
188.47906321568735 105.90873954198815
188.8870950619233 104.66973837706983
189.28064110734078 103.42006274079564
189.65892824497567 102.1682427125687
190.02118336786398 100.9228083717925
190.36663336904152 99.69228979787064
190.69450514154443 98.4852170702061
191.00402557840854 97.31012026820257
191.29442157266996 96.17552947126349
191.56492001736447 95.0899747587919
191.81474780552816 94.06161186714063
192.04313183019684 93.09244895769075
192.24929898440664 92.17946582422535
192.43247616119334 91.31949459660935
192.59189025359308 90.50936740470694
192.7267681546417 89.74591637838238
192.83633675737522 89.02597364750054
192.91982295482953 88.3463713419255
192.97645364004063 87.70394159152187
193.0054557060445 87.09551652615411
193.00605604587705 86.5179282756866
192.97748155257426 85.96800896998377
192.91895911917206 85.44259073891017
192.82971563870646 84.93850571233011
192.70897800421338 84.4525860201081
192.55598488590527 83.98168107684627
192.37087085682126 83.52395516624217
192.15528052462454 83.07978876977812
191.91100369451155 82.64977546766038
191.6398301716784 82.23450884009496
191.34354976132155 81.83458246728804
191.0239522686372 81.45058992944584
190.68282749882164 81.08312480677438
190.32196525707138 80.73278067947996
189.94315534858256 80.40015112776865
189.54818757855142 80.08582973184652
189.13885175217442 79.79041007191988
188.71693767464774 79.51448572819476
188.28423515116776 79.25865028087732
187.84253398693087 79.0234973101738
187.39362398713317 78.80962039629019
186.93929495697114 78.61761311943278
186.481336701641 78.44806905980765
186.02153902633904 78.30158179762093
185.56169173626165 78.17874491307882
185.10358463660512 78.08015198638745
184.64900753256566 78.00639659775293
184.19975022933963 77.95807232738147
183.7576025321234 77.93577275547916
183.3243542461132 77.94009146225218
182.90179517650532 77.97162202790668
182.4917151284962 78.03095803264877
182.09590390728187 78.11869305668466
181.71615131805902 78.23542068022044
181.3542471660237 78.38173448346227
181.01198125637214 78.55822804661634
180.69114277573925 78.7654943126217
180.39307017871013 79.00366186215504
180.11785580578442 79.27157547910817
179.8653784540078 79.56785994632858
179.63551692042557 79.8911400466639
179.4281500020832 80.24004056296164
179.24315649602636 80.61318627806929
179.08041519930032 81.0092019748345
178.93980490895063 81.42671243610476
178.82120442202273 81.8643424447276
178.72449253556206 82.3207167835506
178.6495480466142 82.79446023542131
178.59624975222457 83.28419758318722
178.56447644943862 83.788553609696
178.5541069353018 84.30615309779506
178.56502000685967 84.835620830332
178.5970944611576 85.37558159015441
178.65020909524114 85.92466016010981
178.7242427061557 86.48148132304567
178.8190740909468 87.04466986180974
178.93458204665984 87.61285055924928
179.07064537034043 88.184648198212
179.22714285903393 88.75868756154559
179.40395330978578 89.33359343209727
179.6009555196416 89.90799059271485
179.8180282856467 90.4805038262458
180.05505040484658 91.04975791553755
180.31190067428682 91.61437764343785
180.5884578910128 92.17298779279412
180.88460085207 92.72421314645389
181.20020835450393 93.2666784872648
181.53515919480088 93.79900859836853
181.88921601423996 94.3198893682055
182.26170015887834 94.82823883560415
182.6518281924198 95.32303016182068
183.05881667856804 95.80323650811114
183.48188218102678 96.26783103573177
183.9202412634998 96.71578690593866
184.37311048969076 97.14607727998792
184.8397064233035 97.55767531913581
185.3192456280416 97.94955418463832
185.81094466760894 98.32068703775165
186.3140201057092 98.67004703973198
186.82768850604617 98.99660735183546
187.35116643232354 99.2993411353182
187.88367044824489 99.57722155143628
188.42441711751425 99.82922176144595
188.9726230038352 100.0543149266033
189.52750467091153 100.2514742081645
190.08827868244683 100.41967276738565
190.65416160214505 100.55788376552293
191.2243699937098 100.66508036383244
191.79812042084473 100.7402357235704
192.3746294472538 100.78232300599286
192.95311363664058 100.790315372356
193.53278955270883 100.763185983916
194.11287375916237 100.69990800192897
194.69258281970482 100.59945458765102
195.27113329804 100.46079890233834
195.84774175787155 100.28291410724707
196.42162476290335 100.0647733636333
196.9919988768391 99.80534983275325
197.55808066338238 99.50361667586306
198.11919689556376 99.15892920018632
198.675392207808 98.77313186559128
199.2269987047735 98.34906592227246
199.77434925550043 97.8895752708824
200.31777672902876 97.39750381207392
200.8576139943984 96.87569544649962
201.3941939206492 96.3269940748122
201.92784937682126 95.75424359766433
202.45891323195443 95.16028791570864
202.9877183550887 94.54797092959788
203.51459761526405 93.92013653998463
204.0398838815204 93.27962864752159
204.5639100228977 92.62929115286154
205.08700890843593 91.97196795665694
205.60951340717506 91.31050295956061
206.131756388155 90.6477400622252
206.65407072041566 89.98652316530344
207.1767892729971 89.32969616944783
207.70024491493922 88.68010297531116
208.22477051528193 88.04058748354618
208.7506989430652 87.41399359480538
209.2783630673291 86.8031652097415
209.80809575711336 86.21094622900732
210.34022988145819 85.64018055325535
210.87509830940343 85.09371208313833
211.41303390998897 84.57438471930892
211.95436955225475 84.08504236241988
212.4994381052409 83.62852891312376
213.0485724379872 83.20768827207327
213.6021054195336 82.82536433992112
214.1603699189202 82.48440101731994
214.72368975758368 82.18762036495748
215.29176076782826 81.93632854364138
215.86325300921496 81.72935560639559
216.43674188220987 81.5653031091205
217.01080278727903 81.44277260771649
217.58401112488872 81.36036565808391
218.15494229550495 81.31668381612315
218.72217169959384 81.31032863773456
219.2842747376215 81.33990167881853
219.8398268100542 81.40400449527542
220.38740331735787 81.50123864300564
220.92557965999873 81.63020567790946
221.4529312384429 81.78950715588736
221.9680334531565 81.97774463283966
222.46946170460564 82.19351966466674
222.9557913932564 82.43543380726896
223.42559791957504 82.70207520006053
223.87745668402752 82.99071031554045
224.30994308708 83.2961868776316
224.72163252919867 83.61309432588517
225.11110041084967 83.9360220998522
225.47692213249894 84.25955963908376
225.81767309461287 84.57829638313095
226.13192869765734 84.88682177154492
226.4182643420986 85.17972524387666
226.6752554284028 85.45159623967734
226.901477357036 85.69702419849803
227.09550552846434 85.91059855988983
227.25591534315382 86.0869087634038
227.38128220157077 86.22054424859103
227.4701815041812 86.30609445500264
227.5211898142993 86.33815278728926
227.533551203386 86.31358873108812
227.50829402873762 86.23535586117143
227.44674160080407 86.10741348874879
227.35021723003558 85.93372092502972
227.2200442268822 85.71823748122378
227.0575459017939 85.46492246854056
226.86404556522095 85.17773519818967
226.64086652761324 84.86063498138054
226.38933209942104 84.51758112932282
226.1107655910943 84.15253295322611
225.80649031308315 83.76944976429988
225.47782957583775 83.37229087375371
225.12610668980807 82.96501559279727
224.75264496544423 82.55158323263997
224.35876771319627 82.13595310449145
223.9457982435143 81.72208451956124
223.5150598668485 81.313936789059
223.0678758936489 80.91546922419414
222.60556963436548 80.53064113617631
222.1294643994485 80.16341183621512
221.6408834993479 79.81774063552002
221.14115024451382 79.49758684530063
220.63158794539635 79.20690977676654
220.11351991244553 78.94966874112727
219.5882694561115 78.72982304959235
219.05715988684432 78.55133201337141
218.52151451509414 78.418154943674
217.9826566513109 78.33425115170965
217.44190960594474 78.30357994868794
216.90059668944588 78.33010064581845
216.36004127671907 78.41774324020385
215.8215714278211 78.5683069206156
215.28652297873847 78.78005438068175
214.75623249825236 79.05091503874127
214.23203655514405 79.37881831313298
213.7152717181949 79.76169362219576
213.20727455618615 80.1974703842686
212.70938163789907 80.68407801769033
212.22292953211488 81.21944594079983
211.74925480761496 81.80150357193597
211.2896940331805 82.42818032943775
210.84558377759282 83.097405631644
210.41826060963322 83.80710889689352
210.0090610980829 84.55521954352538
209.61932181172327 85.33966698987842
209.25037931933545 86.15838065429138
208.9035701897008 87.00928995510338
208.5802309916006 87.89032431065323
208.281698293816 88.79941313927976
208.00930866512857 89.73448585932186
207.7643986743193 90.69347188911856
207.54830489016962 91.67430064700868
207.36236388146074 92.67490155133095
207.20791221697394 93.69320402042456
207.08628646549047 94.72713747262826
206.9988231957917 95.77463132628081
206.94685897665886 96.83361499972136
206.93173037687322 97.9020179112887
206.95477396521602 98.97776947932168
207.01732631046863 100.05879912215912
207.12072398141225 101.14303625814013
207.26628072500955 102.22840081197877
207.4540020172916 103.31226848212007
207.68189985367698 104.391185701075
207.9478186989995 105.46162921047993
208.2496030180933 106.52007575197132
208.58509727579232 107.5630020671859
208.95214593693052 108.5868848977601
209.34859346634192 109.58820098533045
209.77228432886045 110.5634270715333
210.22106298932025 111.50903989800548
210.69277391255505 112.42151620638334
211.18526156339905 113.29733273830335
211.69637040668616 114.13296623540221
212.22394490725046 114.92489343931636
212.76582952992575 115.66959109168225
213.31986873954617 116.36353593413651
213.8839070009457 117.00320470831568
214.4557887789583 117.5850741558562
215.03335853841784 118.1056210183946
215.61446074415852 118.56132203756746
216.1969398610142 118.94865395501127
216.77864035381884 119.26409351236258
217.3574066874065 119.5041174512579
217.93108332661123 119.66520251333377
218.4975147362668 119.74382544022667
219.05454538120742 119.73646297357321
219.600019726267 119.6395918550098
220.13178223627946 119.44968882617309
220.64767737607883 119.16323062869948
221.1455496104992 118.77669400422559
221.62324340437445 118.28655569438789
222.07904995878187 117.69178019282292
222.5130507914845 117.00130177730819
222.9257758439342 116.22655187454579
223.31775505758307 115.37896191123832
223.68951837388326 114.46996331408822
224.04159573428697 113.51098750979816
224.37451708024616 112.51346592507086
224.6888123532131 111.48882998660864
224.9850114946399 110.44851112111424
225.2636444459786 109.40394075529022
225.52524114868132 108.36655031583932
225.7703315442002 107.34777122946383
225.99944557398746 106.35903492286647
226.21311317949505 105.41177282274998
226.41186430217522 104.51741635581668
226.59622888348005 103.68739688112072
226.7667368648616 102.92945888697714
226.92391818777213 102.23774954111818
227.06830279366358 101.60328211861265
227.20042062398815 101.01706989452929
227.3208016201981 100.4701261439368
227.42997572374537 99.95346414190381
227.52847287608208 99.4580971634991
227.61682301866045 98.97503848379141
227.6955560929326 98.49530137784933
227.76520204035054 98.00989912074168
227.82629080236643 97.50984498753716
227.87935232043247 96.98615225330441
227.92491653600072 96.42983419311217
227.96351339052333 95.83190408202915
227.99567282545237 95.18337519512416
228.02192478223995 94.47801782174734
228.0427992023383 93.72489358477081
228.05882602719942 92.93833539501907
228.0705351982755 92.13268109000786
228.0784566570186 91.3222685072533
228.0831203448809 90.52143548427148
228.0850562033145 89.74451985857816
228.0847941737715 89.0058594676894
228.08286419770408 88.31979214912123
228.07979621656435 87.70065574038966
228.0761201718043 87.16278807901055
228.07236600487622 86.72052700249992
228.06906365723205 86.38821034837383
228.06674307032415 86.18017595414811
228.06593418560442 86.11076165733886
228.06716694452513 86.194305295462
228.07097128853826 86.44406489971662
228.0778771590961 86.85947481820533
228.08841449765063 87.43040778786029
228.10311324565401 88.1465456313699
228.1225033445584 88.9975701714224
228.14711473581585 89.97316323070612
228.17747736087856 91.06300663190915
228.2141211611986 92.25678219772009
228.2575760782281 93.5441717508271
228.3083720534192 94.9148571139183
228.36703902822396 96.35852010968233
228.43410694409454 97.86484256080732
228.51010574248312 99.42350628998133
228.59556536484172 101.0241931198931
228.69101575262246 102.6565848732307
228.79694742774947 104.31053943475325
228.91296602899695 105.97986690192324
229.0378042379088 107.6622763193777
229.17015770182252 109.35564214010292
229.3087220680753 111.05783881708521
229.4521929840045 112.76674080331149
229.59926609694753 114.48022255176811
229.74863705424173 116.19615851544134
229.89900150322444 117.9124231473182
230.04905509123287 119.62689090038492
230.19749346560457 121.3374362276281
230.34301227367672 123.04193358203396
230.48430716278676 124.73825741658953
230.620073780272 126.42428218428111
230.74900777346977 128.097882338095
230.86980478971742 129.7569323310181
230.9811604763524 131.3993066160368
231.08177048071184 133.02287964613737
231.17033045013326 134.62552587430676
231.24553603195395 136.2051197535313
231.3060828735112 137.75953573679746
231.35066662214243 139.28664827709167
231.37798292518494 140.78433182740073
231.38672742997608 142.25046084071107
231.37559578385319 143.68290977000896
231.3432836341536 145.0795530682813
231.28848662821474 146.43826518851446
231.20990041337384 147.75692058369478
231.10622063696835 149.03339370680914
230.9761429463355 150.26555901084382
230.81836298881265 151.4512909487854
230.63157969249337 152.58846663688547
230.41530262742688 153.67562125752423
230.17091011153693 154.712807012611
229.90004290091355 155.7002891471462
229.6043417516469 156.63833290613073
229.28544741982708 157.52720353456507
228.9450006615443 158.36716627744974
228.58464223288868 159.1584863797855
228.20601288995022 159.90142908657296
227.8107533888192 160.5962596428126
227.40050448558569 161.24324329350506
226.97690693633987 161.84264528365114
226.5416014971717 162.39473085825125
226.0962289241716 162.89976526230603
225.64242997342944 163.3580137408162
225.1818454010355 163.7697415387823
224.7161159630799 164.13521390120485
224.24688241565266 164.4546960730847
223.775785514844 164.72845329942223
223.30446601674413 164.95675082521817
222.83456467744298 165.13985389547312
222.36772225303082 165.27802775518768
221.90557949959774 165.3715376493624
221.44977717323394 165.420648822998
221.00195603002945 165.425626521095
220.5637568260744 165.38673598865412
220.13682031745907 165.3042424706759
219.72278726027344 165.17841121216094
219.3232984106077 165.0095074581099
218.93999452455193 164.79779645352335
218.57451635819632 164.5435434434019
218.228504667631 164.2470136727462
217.9034513307717 163.90859795577524
217.59996949153674 163.5294282626344
217.31835102430657 163.11090753377715
217.05888732667117 162.65443911179915
216.82186979622043 162.1614263392962
216.60758983054427 161.63327255886395
216.4163388272326 161.07138111309806
216.2484081838755 160.47715534459445
216.1040892980627 159.8519985959486
215.98367356738427 159.19731420975634
215.8874523894301 158.51450552861343
215.81571716179016 157.8049758951156
215.76875928205436 157.07012865185843
215.7468701478127 156.31136714143776
215.75034115665494 155.53009470644932
215.77946370617119 154.72771468948875
215.83452919395125 153.9056304331517
215.91582901758522 153.0652452800342
216.02365457466288 152.2079625727316
216.15829726277428 151.3351856538398
216.3200484795093 150.44831786595452
216.50919962245783 149.54876255167156
216.72604208920984 148.63792305358638
216.9708672773553 147.71720271429487
217.24396658448413 146.78800487639288
217.54563140818624 145.85173288247586
217.87615314605162 144.90979007513965
218.2358231956701 143.96357979698007
218.62493295463173 143.01450539059266
219.0437738205264 142.06397019857317
219.492637190944 141.1133775635174
219.9717353933697 140.16407945529963
220.48020503930698 139.216728939224
221.01640636174804 138.27147465889038
221.5786823939575 137.3284540830453
222.16537616920002 136.38780468043493
222.77483072074 135.44966391980563
223.40538908184192 134.51416926990393
224.05539428577043 133.581458199476
224.72318936579 132.65166817726825
225.4071173551651 131.7249366720272
226.10552128716043 130.80140115249898
226.81674419504046 129.88119908743005
227.53912911206967 128.96446794556678
228.27101907151254 128.05134519565567
229.0107571066337 127.14196830644278
229.75668625069764 126.23647474667463
230.50714953696885 125.33500198509772
231.26048999871196 124.43768749045815
232.01505066919148 123.5446687315024
232.76917458167182 122.65608317697694
233.5212047694176 121.7720682956279
234.26948426569345 120.89276155620178
235.01235610376375 120.01830042744494
235.74816331689303 119.14882237810383
236.47524893834594 118.2844648769246
237.19195600138687 117.4253653926537
237.89662753928042 116.57166139403763
238.58760658529118 115.72349034982254
239.2632361726837 114.88098972875488
239.9218593347222 114.0442969995811
240.56181910467157 113.21354963104737
241.18145851579627 112.38888509190018
241.77912060136077 111.57044085088586
242.35314839462947 110.75835437675086
242.9019940464702 109.95276987057296
243.4254228150654 109.1539125494494
243.9240688023937 108.36206123635182
244.39858159699972 107.5774957097408
244.8496107874278 106.80049574807722
245.27780596222217 106.03134112982191
245.68381670992747 105.27031163343548
246.068292619088 104.51768703737879
246.43188327824825 103.7737471201126
246.77523827595238 103.03877166009775
247.0990072007451 102.31304043579485
247.40383964117063 101.59683322566472
247.6903851857734 100.89042980816826
247.95929342309788 100.19410996176605
248.2112139416884 99.50815346491892
248.4467963300895 98.8328400960878
248.66669017684532 98.16844963373315
248.87154507050053 97.51526185631595
249.06201059959943 96.87355654229691
249.23873635268635 96.24361347013686
249.40237191830582 95.62571241829653
249.55356688500223 95.02013316523653
249.69297084131992 94.42715548941791
249.82123337580333 93.8470591693013
249.93900407699687 93.28012398334731
250.04693253344496 92.726629710017
250.14566833369187 92.18685612777098
250.23586106628224 91.66108301506993
250.31816031976024 91.14959015037469
250.3932156826705 90.65265731214636
250.46167674355723 90.17056427884512
250.52419309096499 89.70359082893204
250.58141431343802 89.2520167408681
250.63398999952085 88.81612179311361
250.6825697377579 88.39618576412958
250.7278031166934 87.99248843237693
250.770339724872 87.60530957631612
250.81082915083786 87.23492897440799
250.8499209831356 86.88162640511361
250.88826481030947 86.5456816468933
250.92651022090402 86.22737447820806
250.9653068034635 85.9269846775187
251.00530414653244 85.64479202328594
251.0471518386551 85.38107629397045
251.09149946837604 85.13611726803315
251.13899662423964 84.91019472393474
251.1902928947902 84.7035884401359
251.24603786857222 84.51657819509757
251.30688113413007 84.34944376728039
251.37347228000812 84.20246493514513
251.44646089475083 84.07592147715265
251.52649656690258 83.97009317176362
251.61422888500786 83.88525979743886
251.7103074376109 83.82170113263912
251.81538181325624 83.77969695582517
251.93010160048823 83.75952704545777
252.0551163878513 83.76147117999771
252.19107576388987 83.78580913790573
252.3386293171484 83.83282069764265
252.4984266361711 83.90278563766915
252.67111730950242 83.99598373644602
252.85735092568697 84.11269477243411
