6.555889504075370633e-01 2.901040671382121294e-01 1.156903527886139926e+00
6.555993476261886554e-01 2.902695385627990787e-01 1.156816576792020435e+00
6.556566698842259955e-01 2.909195175447536474e-01 1.156949077398021997e+00
6.556566698842259955e-01 2.909195175447536474e-01 1.156949077398021997e+00
6.559849173003571288e-01 2.900318457022965646e-01 1.156666558730679029e+00
6.558481475768104252e-01 2.902571762391468746e-01 1.156612445899741104e+00
6.557648007190335360e-01 2.898649507273048376e-01 1.157367512411313859e+00
6.557648007190335360e-01 2.898649507273048376e-01 1.157367512411313859e+00
6.559674102030167431e-01 2.896899512466168392e-01 1.157251027293477064e+00
6.554950789076358086e-01 2.909856439571213982e-01 1.156977474035361553e+00
6.556083678985724639e-01 2.911135340679681938e-01 1.157387066794585362e+00
6.558511792800716389e-01 2.906409747792866316e-01 1.156713132372729991e+00
6.558511792800716389e-01 2.906409747792866316e-01 1.156713132372729991e+00
6.556312261045055267e-01 2.903796440630934672e-01 1.156955884494840214e+00
6.556312261045055267e-01 2.903796440630934672e-01 1.156955884494840214e+00
6.556842154008755141e-01 2.899008806265189753e-01 1.157062464750286068e+00
6.556842154008755141e-01 2.899008806265189753e-01 1.157062464750286068e+00
6.555793337031564638e-01 2.901446563419847191e-01 1.157236006379000592e+00
6.558083971281747360e-01 2.903449433575872596e-01 1.156392309399666862e+00
6.558083971281747360e-01 2.903449433575872596e-01 1.156392309399666862e+00
6.559248979324726614e-01 2.901523465000550028e-01 1.157143008488343838e+00
6.558112504695858824e-01 2.909144340001484919e-01 1.157013304196033543e+00
6.558112504695858824e-01 2.909144340001484919e-01 1.157013304196033543e+00
6.556481018377418035e-01 2.907328616653743203e-01 1.156796575503420854e+00
6.557171947037749860e-01 2.907360820082114938e-01 1.156753733550409224e+00
6.557530312617012580e-01 2.899668411813314250e-01 1.156716140126375691e+00
6.559909301318495034e-01 2.904437795944042056e-01 1.156593317760062023e+00
6.556128070947206954e-01 2.905734380307720688e-01 1.157270989322642052e+00
6.556128070947206954e-01 2.905734380307720688e-01 1.157270989322642052e+00
6.554823034210240928e-01 2.907096045017488195e-01 1.156789373478928074e+00
6.555140722515715446e-01 2.906414429570219338e-01 1.157056216460085274e+00
6.557902197819820422e-01 2.904720392367490800e-01 1.156941437015266638e+00
6.557902197819820422e-01 2.904720392367490800e-01 1.156941437015266638e+00
6.555204198170644370e-01 2.907378364141440796e-01 1.157171684803493195e+00
6.555204198170644370e-01 2.907378364141440796e-01 1.157171684803493195e+00
6.558540273171443724e-01 2.901784335427003425e-01 1.157357122062681043e+00
6.558540273171443724e-01 2.901784335427003425e-01 1.157357122062681043e+00
6.557628939951187785e-01 2.895503123458481598e-01 1.157534495610838654e+00
6.557628939951187785e-01 2.895503123458481598e-01 1.157534495610838654e+00
6.556544210153401053e-01 2.899946275403820217e-01 1.157747867919830087e+00
6.557256432813596270e-01 2.907443651202517576e-01 1.156996013552400004e+00
6.557256432813596270e-01 2.907443651202517576e-01 1.156996013552400004e+00
6.555948816849229699e-01 2.905158351273724460e-01 1.156807905976119377e+00
6.556401661471176201e-01 2.906542579764462286e-01 1.156434665298765596e+00
6.555575468441320330e-01 2.904445138387295455e-01 1.157155564339665377e+00
6.555575468441320330e-01 2.904445138387295455e-01 1.157155564339665377e+00
6.559209463574341425e-01 2.899018293931530654e-01 1.156888222371552644e+00
6.559209463574341425e-01 2.899018293931530654e-01 1.156888222371552644e+00
6.560010981364143845e-01 2.896247383330797787e-01 1.157571449392154284e+00
6.560010981364143845e-01 2.896247383330797787e-01 1.157571449392154284e+00
6.558509404710509694e-01 2.904626851034811663e-01 1.156818122291578099e+00
6.558509404710509694e-01 2.904626851034811663e-01 1.156818122291578099e+00
6.556492767081236739e-01 2.909563352749606202e-01 1.156740509714491161e+00
6.557733007126825830e-01 2.905453938215183940e-01 1.157242313855048499e+00
6.559833411539736092e-01 2.900610302630788895e-01 1.156830337451744573e+00
6.559833411539736092e-01 2.900610302630788895e-01 1.156830337451744573e+00
6.557008657318699196e-01 2.911355814303564493e-01 1.157313111718950127e+00
6.555924197727843739e-01 2.904484309777063955e-01 1.157728573055509136e+00
6.554689880948301184e-01 2.905830779250413998e-01 1.156908058951031437e+00
6.554689880948301184e-01 2.905830779250413998e-01 1.156908058951031437e+00
6.557406501032406743e-01 2.899833946000489604e-01 1.157315474232885499e+00
6.558497947628746383e-01 2.904175901579020835e-01 1.156776713933064471e+00
6.559984808170122861e-01 2.903441025670309705e-01 1.157083076834239943e+00
6.556932439724756367e-01 2.901111822559753195e-01 1.157456974580466813e+00
6.556932439724756367e-01 2.901111822559753195e-01 1.157456974580466813e+00
6.555242448148036472e-01 2.906206360748845308e-01 1.157142424458082353e+00
6.558484580882495418e-01 2.904667389377782460e-01 1.157343635296428586e+00
6.555868886312786747e-01 2.911649195870776308e-01 1.157037180077201466e+00
6.554220058696459406e-01 2.906673692965945910e-01 1.157726174973242372e+00
6.554220058696459406e-01 2.906673692965945910e-01 1.157726174973242372e+00
6.558716194257410148e-01 2.903031853271118012e-01 1.157385049791452847e+00
6.558596056839968158e-01 2.906493047674753027e-01 1.156947829788582904e+00
6.555599140882185649e-01 2.902862391654028040e-01 1.156938459866582170e+00
6.556742101210418783e-01 2.911322167948258710e-01 1.156318652481778342e+00
6.556742101210418783e-01 2.911322167948258710e-01 1.156318652481778342e+00
6.559113615480557380e-01 2.904647498435776742e-01 1.157135438357411283e+00
6.558562404392377365e-01 2.905140401480857393e-01 1.156876972520625824e+00
6.558163630977866809e-01 2.901742263127382593e-01 1.157239045242925313e+00
6.557684144803673787e-01 2.902497469277322550e-01 1.156969012309625011e+00
6.557684144803673787e-01 2.902497469277322550e-01 1.156969012309625011e+00
6.557518000231902233e-01 2.896090438313679294e-01 1.157440438123045201e+00
6.556050086231799412e-01 2.910411866409204906e-01 1.157027403824031131e+00
6.556050086231799412e-01 2.910411866409204906e-01 1.157027403824031131e+00
6.558011465454652855e-01 2.901005348110513582e-01 1.157778437156330220e+00
6.556010084990221420e-01 2.907935904092679436e-01 1.157380768779079583e+00
6.559472812793080143e-01 2.907353916564164864e-01 1.156937894482775286e+00
6.556704197558795855e-01 2.903659388513469830e-01 1.157342626877353897e+00
6.556704197558795855e-01 2.903659388513469830e-01 1.157342626877353897e+00
6.560650868431571192e-01 2.905928239455123907e-01 1.157045806304299429e+00
6.562126319594637769e-01 2.897235388549853075e-01 1.157472094729541823e+00
6.564067076274224810e-01 2.898553855812129321e-01 1.158015906196999900e+00
6.576805150062999816e-01 2.897448971514354210e-01 1.157942244018986822e+00
6.596099948560926185e-01 2.879611163448797528e-01 1.157799765047145879e+00
6.605879152178379954e-01 2.886473795996447045e-01 1.158995896815143256e+00
6.621776469376970953e-01 2.880125262408306797e-01 1.159851027055790462e+00
6.621776469376970953e-01 2.880125262408306797e-01 1.159851027055790462e+00
6.637748122705463549e-01 2.879637675050364387e-01 1.160936207101860518e+00
6.637748122705463549e-01 2.879637675050364387e-01 1.160936207101860518e+00
6.663547412987452789e-01 2.869867039643202444e-01 1.161733559209913835e+00
6.697139551684601066e-01 2.857570597449294869e-01 1.163463695456502744e+00
6.697139551684601066e-01 2.857570597449294869e-01 1.163463695456502744e+00
6.732196802615321163e-01 2.846776637199791016e-01 1.165576737287042253e+00
6.732196802615321163e-01 2.846776637199791016e-01 1.165576737287042253e+00
6.784817633620776611e-01 2.826058410518845210e-01 1.168345889921342362e+00
6.784817633620776611e-01 2.826058410518845210e-01 1.168345889921342362e+00
6.800257598862263775e-01 2.818178586333374702e-01 1.170217483446128526e+00
6.817794567220196722e-01 2.811416853211188838e-01 1.170569554478118723e+00
6.817794567220196722e-01 2.811416853211188838e-01 1.170569554478118723e+00
6.834340317960722055e-01 2.803443892755462796e-01 1.171900849376631193e+00
6.847629720617818272e-01 2.798618661655629669e-01 1.173001159712732555e+00
6.859110885502976984e-01 2.793710559296762042e-01 1.173190534688071773e+00
6.859110885502976984e-01 2.793710559296762042e-01 1.173190534688071773e+00
6.874476252209720251e-01 2.785125362699748530e-01 1.174812504900119237e+00
6.895313324431882052e-01 2.778909618339607257e-01 1.176380744273064494e+00
6.910241383814016425e-01 2.765626731685856265e-01 1.177493488236975638e+00
6.922855037441840720e-01 2.744228512728271729e-01 1.178653312411758414e+00
6.932567846611695783e-01 2.736361355029726106e-01 1.178243873020765609e+00
6.932567846611695783e-01 2.736361355029726106e-01 1.178243873020765609e+00
6.956571438269877339e-01 2.702093908472487094e-01 1.178184323067628547e+00
6.967530269305065582e-01 2.679518106411057921e-01 1.179711488319033386e+00
6.992297708240660103e-01 2.639671252535575330e-01 1.180231437785310700e+00
6.992297708240660103e-01 2.639671252535575330e-01 1.180231437785310700e+00
7.015389630295455481e-01 2.594054357984378889e-01 1.180323983227941742e+00
7.026783411706231108e-01 2.563486796713557725e-01 1.182047121797189293e+00
7.026783411706231108e-01 2.563486796713557725e-01 1.182047121797189293e+00
7.051770059033668492e-01 2.517116166820002610e-01 1.181660566757849473e+00
7.051770059033668492e-01 2.517116166820002610e-01 1.181660566757849473e+00
7.087287404128370660e-01 2.434707630474743645e-01 1.182846626359665088e+00
7.087287404128370660e-01 2.434707630474743645e-01 1.182846626359665088e+00
7.114058305064833165e-01 2.360382825836655762e-01 1.183085254713442280e+00
7.148139448590556944e-01 2.274977912438648220e-01 1.183519957942867240e+00
7.163355804069061472e-01 2.225749631678387852e-01 1.183867557468206488e+00
7.181040773723426085e-01 2.179436738851100730e-01 1.183107735380389158e+00
7.196010953358100704e-01 2.134869864455047894e-01 1.183661271213690469e+00
7.206995737963418636e-01 2.106409985378493166e-01 1.182747816878843006e+00
7.215865912977635910e-01 2.060289973381837780e-01 1.183937803345373130e+00
7.228626487276015311e-01 2.023500011970778556e-01 1.184227263165868793e+00
7.228626487276015311e-01 2.023500011970778556e-01 1.184227263165868793e+00
7.238456961994272909e-01 1.995789391439649063e-01 1.183596876216750138e+00
7.247628591158006284e-01 1.961520499137069939e-01 1.183596112897756569e+00
7.260927401475180121e-01 1.927682218593614882e-01 1.183080585216784275e+00
7.266311620417629236e-01 1.893020525642272467e-01 1.183179504550023076e+00
7.272791254382433568e-01 1.865705388843730828e-01 1.183970162036479978e+00
7.272791254382433568e-01 1.865705388843730828e-01 1.183970162036479978e+00
7.286697709336200646e-01 1.823111725329891741e-01 1.183646744009176244e+00
7.295162890211408513e-01 1.791373599588604315e-01 1.183781489664176068e+00
7.303218215817762760e-01 1.737327389534019662e-01 1.183343171754515533e+00
7.314381432228882485e-01 1.709790465809437887e-01 1.183710022699656417e+00
7.314381432228882485e-01 1.709790465809437887e-01 1.183710022699656417e+00
7.324358447133915151e-01 1.675001369752938674e-01 1.183274145983970183e+00
7.330857618061499270e-01 1.636113756394522167e-01 1.183821113553150894e+00
7.330857618061499270e-01 1.636113756394522167e-01 1.183821113553150894e+00
7.342095014899792105e-01 1.603601262066570166e-01 1.184535958900551078e+00
7.346587639647566004e-01 1.569735714900056811e-01 1.183545135310535956e+00
7.352252484280815681e-01 1.541544917634914136e-01 1.184041047038485672e+00
7.356059395758789421e-01 1.525113244891608821e-01 1.183895105129493031e+00
7.356059395758789421e-01 1.525113244891608821e-01 1.183895105129493031e+00
7.362013661514149598e-01 1.500704634735017251e-01 1.183471538865958017e+00
7.362013661514149598e-01 1.500704634735017251e-01 1.183471538865958017e+00
7.372083462355868422e-01 1.455645648867228970e-01 1.183220736639830628e+00
7.372083462355868422e-01 1.455645648867228970e-01 1.183220736639830628e+00
7.380433547425941931e-01 1.429941965754853161e-01 1.182737371179502617e+00
7.383779139720100249e-01 1.422535101707498029e-01 1.182391144101017977e+00
7.383779139720100249e-01 1.422535101707498029e-01 1.182391144101017977e+00
7.394686272869384069e-01 1.414030887912978707e-01 1.180082670415705692e+00
7.400348510763118393e-01 1.408528444821655623e-01 1.179502955722278479e+00
7.400348510763118393e-01 1.408528444821655623e-01 1.179502955722278479e+00
7.407092498091977228e-01 1.400139705511993515e-01 1.177460019550933046e+00
7.421840706286141343e-01 1.416696297392824322e-01 1.173247033192051481e+00
7.421840706286141343e-01 1.416696297392824322e-01 1.173247033192051481e+00
7.435324388047931388e-01 1.418387685455149705e-01 1.168721095566169321e+00
7.435324388047931388e-01 1.418387685455149705e-01 1.168721095566169321e+00
7.456198096752735260e-01 1.441008747895927422e-01 1.161551444954161960e+00
7.465821990391705576e-01 1.450454185603116675e-01 1.158889388002663834e+00
7.465821990391705576e-01 1.450454185603116675e-01 1.158889388002663834e+00
7.474508195255324949e-01 1.446876243402234752e-01 1.155311544210178898e+00
7.474508195255324949e-01 1.446876243402234752e-01 1.155311544210178898e+00
7.487171696670709142e-01 1.465778839309376247e-01 1.151226765880935421e+00
7.487171696670709142e-01 1.465778839309376247e-01 1.151226765880935421e+00
7.511105012860470609e-01 1.481617417212332533e-01 1.142392704517400048e+00
7.511105012860470609e-01 1.481617417212332533e-01 1.142392704517400048e+00
7.536457401344786033e-01 1.499461644031060970e-01 1.132888417211132204e+00
7.541428166762097485e-01 1.504127918816784981e-01 1.131206384760748973e+00
7.541428166762097485e-01 1.504127918816784981e-01 1.131206384760748973e+00
7.550886692832649016e-01 1.515619310390509678e-01 1.127781677259728221e+00
7.562902687243262534e-01 1.526890899719322015e-01 1.122177622749414683e+00
7.562902687243262534e-01 1.526890899719322015e-01 1.122177622749414683e+00
7.577393494132368401e-01 1.530282724055164190e-01 1.116661811230921009e+00
7.588821925661912715e-01 1.535098787957305255e-01 1.112229272066070918e+00
7.589947959592343585e-01 1.536542286511105582e-01 1.110116244899104876e+00
7.595975202253580916e-01 1.540727807249382686e-01 1.108519117648614216e+00
7.595975202253580916e-01 1.540727807249382686e-01 1.108519117648614216e+00
7.601386494518763692e-01 1.553494679163517911e-01 1.105466706913553310e+00
7.605534937206021029e-01 1.559652477701870543e-01 1.102824786159072756e+00
7.605534937206021029e-01 1.559652477701870543e-01 1.102824786159072756e+00
7.615788536228309535e-01 1.564848316176185028e-01 1.100119947883021254e+00
7.621796309352244503e-01 1.569077829662442192e-01 1.098333377047445714e+00
7.626583284604868673e-01 1.576016523356935650e-01 1.097333022922063250e+00
7.634836759007281870e-01 1.594116006866462820e-01 1.095184051434793249e+00
7.643267842550952595e-01 1.602494448036042018e-01 1.093842459416744184e+00
7.643267842550952595e-01 1.602494448036042018e-01 1.093842459416744184e+00
7.650314280430586811e-01 1.630945922942891868e-01 1.091953030323267404e+00
7.650314280430586811e-01 1.630945922942891868e-01 1.091953030323267404e+00
7.666093553164037289e-01 1.662895230690178416e-01 1.089904216985290608e+00
7.666093553164037289e-01 1.662895230690178416e-01 1.089904216985290608e+00
7.686875114120956809e-01 1.705447000989477602e-01 1.087456145736018120e+00
7.686875114120956809e-01 1.705447000989477602e-01 1.087456145736018120e+00
7.695718820242269942e-01 1.731352217704642538e-01 1.085319019806432195e+00
7.704750077950187626e-01 1.757327414263875898e-01 1.083654641835730015e+00
7.710217536869737875e-01 1.768108439771736984e-01 1.083016486159450897e+00
7.710217536869737875e-01 1.768108439771736984e-01 1.083016486159450897e+00
7.719385762516205451e-01 1.792212316369879987e-01 1.081794319718467401e+00
7.726678534145910993e-01 1.797535941546343496e-01 1.081057486145318602e+00
7.733898389639297655e-01 1.826675701332982349e-01 1.079503286061742617e+00
7.739965434596476346e-01 1.825583976671266151e-01 1.078021525335897568e+00
7.739965434596476346e-01 1.825583976671266151e-01 1.078021525335897568e+00
7.748467686968099066e-01 1.844364714910901315e-01 1.076795796084873746e+00
7.752312412717107248e-01 1.849758605249641752e-01 1.076252932362064207e+00
7.759397471443337801e-01 1.875875806814962521e-01 1.074325804465118051e+00
7.759397471443337801e-01 1.875875806814962521e-01 1.074325804465118051e+00
7.764251317319149637e-01 1.881198352132824880e-01 1.074035686560264047e+00
7.770272811473153407e-01 1.886965692546574425e-01 1.072246059482737435e+00
7.770272811473153407e-01 1.886965692546574425e-01 1.072246059482737435e+00
7.776545477300732534e-01 1.900007657922873905e-01 1.070755179641041499e+00
7.782994930724906890e-01 1.915367502443533487e-01 1.070546334725291038e+00
7.784462409334391708e-01 1.912526119920885392e-01 1.068871981426018580e+00
7.784462409334391708e-01 1.912526119920885392e-01 1.068871981426018580e+00
7.784903237321887381e-01 1.920311330230730085e-01 1.067707176733652119e+00
7.784903237321887381e-01 1.920311330230730085e-01 1.067707176733652119e+00
7.788579239483887084e-01 1.925925516335019461e-01 1.066609247005196881e+00
7.795960384845557201e-01 1.939778360867113471e-01 1.064949535024150240e+00
7.802796289520470552e-01 1.924798081321386634e-01 1.063167651009643500e+00
7.808677563084502893e-01 1.907588503180426276e-01 1.061835406333835774e+00
7.808677563084502893e-01 1.907588503180426276e-01 1.061835406333835774e+00
7.823554740053512147e-01 1.884056697699184046e-01 1.059266232418318410e+00
7.841887682895489764e-01 1.839217960737108692e-01 1.055782169788466174e+00
7.841887682895489764e-01 1.839217960737108692e-01 1.055782169788466174e+00
7.860550036805699081e-01 1.807272141397414100e-01 1.052674050862398181e+00
7.871535198192647353e-01 1.773266322112851956e-01 1.051440048888051315e+00
7.878933008436744823e-01 1.758040484785735047e-01 1.049236325765091848e+00
7.889147705535989319e-01 1.723858428964453460e-01 1.049097501818919920e+00
7.893758750237136468e-01 1.719755732986232855e-01 1.047691975491446215e+00
7.900762870705211327e-01 1.692243295344432463e-01 1.046599680264701515e+00
7.908466874346696818e-01 1.678330313136545682e-01 1.045693159880566991e+00
7.914539988665232340e-01 1.660738801525515895e-01 1.044819186955495027e+00
7.924657143772161350e-01 1.636807427852288166e-01 1.043984504700117499e+00
7.931802856311371830e-01 1.621933755251173115e-01 1.043836215350586460e+00
7.931802856311371830e-01 1.621933755251173115e-01 1.043836215350586460e+00
7.941960788239960101e-01 1.606617800517283756e-01 1.043525896968497291e+00
7.949432579189138481e-01 1.584508105579578441e-01 1.043717520173097046e+00
7.949432579189138481e-01 1.584508105579578441e-01 1.043717520173097046e+00
7.959960330005247942e-01 1.566572718728728719e-01 1.043592566106873232e+00
7.965812068705147020e-01 1.545432318837776653e-01 1.044054876403447629e+00
7.969643772434708007e-01 1.543900047999763880e-01 1.045893858414100208e+00
7.969643772434708007e-01 1.543900047999763880e-01 1.045893858414100208e+00
7.981507596067540788e-01 1.511827879326155255e-01 1.050626250049462751e+00
7.981507596067540788e-01 1.511827879326155255e-01 1.050626250049462751e+00
7.989347040670017330e-01 1.500483085853649423e-01 1.056178456084410522e+00
7.989347040670017330e-01 1.500483085853649423e-01 1.056178456084410522e+00
8.009287121141345223e-01 1.503295871506738213e-01 1.065548725752975212e+00
8.017862964704784989e-01 1.498441175350118115e-01 1.068529099078252553e+00
8.017862964704784989e-01 1.498441175350118115e-01 1.068529099078252553e+00
8.031032126301832497e-01 1.510139148893989147e-01 1.075424882664316462e+00
8.031032126301832497e-01 1.510139148893989147e-01 1.075424882664316462e+00
8.042634272821228558e-01 1.519881421042196812e-01 1.081599022704194946e+00
8.055962551439479480e-01 1.537683649003784014e-01 1.088485513111197456e+00
8.063966552223996720e-01 1.545579193175948829e-01 1.092036049868011505e+00
8.063966552223996720e-01 1.545579193175948829e-01 1.092036049868011505e+00
8.073469649164556339e-01 1.560698059934290671e-01 1.099005986959860515e+00
8.079707459253003821e-01 1.569681964920023320e-01 1.103422560689194087e+00
8.089886151295415662e-01 1.596281191647589137e-01 1.109187525473595448e+00
8.096547534941194169e-01 1.595403363315819334e-01 1.113862964705013336e+00
8.099976482348442142e-01 1.620505023617412610e-01 1.117716142585873040e+00
8.099976482348442142e-01 1.620505023617412610e-01 1.117716142585873040e+00
8.115718898767124712e-01 1.647553223937446853e-01 1.130408181587513550e+00
8.115718898767124712e-01 1.647553223937446853e-01 1.130408181587513550e+00
8.127446417564497816e-01 1.666584635099853107e-01 1.138845941143656670e+00
8.127446417564497816e-01 1.666584635099853107e-01 1.138845941143656670e+00
8.137586946783903485e-01 1.677588779245215433e-01 1.144561544446301538e+00
8.137586946783903485e-01 1.677588779245215433e-01 1.144561544446301538e+00
8.151836744423650583e-01 1.683808760088507939e-01 1.151457570717657530e+00
8.154264374072626165e-01 1.692569151283659645e-01 1.154510012578222389e+00
8.163467687513557003e-01 1.685729866103753416e-01 1.156496220501964434e+00
8.169301765820874417e-01 1.683891354555877573e-01 1.158749559575624533e+00
8.176582688037689062e-01 1.676304032318681192e-01 1.160702925342725678e+00
8.204298426731164717e-01 1.657114362588083256e-01 1.160452096241244568e+00
8.211558071481335208e-01 1.658257777794568399e-01 1.160709223346901853e+00
8.222254408446324492e-01 1.654809469970846547e-01 1.159331099653745367e+00
8.239010622570647202e-01 1.647290546287197011e-01 1.157676895160637542e+00
8.253991804210282224e-01 1.641997254934936257e-01 1.155663477688490204e+00
8.263950044891202884e-01 1.654204926708633117e-01 1.153360529705049098e+00
8.280587191190308394e-01 1.645428710639742775e-01 1.149904668503367366e+00
8.280587191190308394e-01 1.645428710639742775e-01 1.149904668503367366e+00
8.296930306082592743e-01 1.650472318166989472e-01 1.146634693147513762e+00
8.312179253246890775e-01 1.660639359144472360e-01 1.142336677733503336e+00
8.320865435063824478e-01 1.662306921712640995e-01 1.140485925542726875e+00
8.320865435063824478e-01 1.662306921712640995e-01 1.140485925542726875e+00
8.334219210082323137e-01 1.678853014964995505e-01 1.135788866856531021e+00
8.350319613426411269e-01 1.686175196096608986e-01 1.130683810457019156e+00
8.364923853648205121e-01 1.688032222941813487e-01 1.127036658432978955e+00
8.374312636246774577e-01 1.701674347917417063e-01 1.123068342708936518e+00
8.387951493327998609e-01 1.707773785198324068e-01 1.119082279125194646e+00
8.387951493327998609e-01 1.707773785198324068e-01 1.119082279125194646e+00
8.403393692981897534e-01 1.714082181496535129e-01 1.114097967762142538e+00
8.414016574624081368e-01 1.707814883133778605e-01 1.110916493154261664e+00
8.414016574624081368e-01 1.707814883133778605e-01 1.110916493154261664e+00
8.428175499633832057e-01 1.712793251095244274e-01 1.106098796609586765e+00
8.443454671707095738e-01 1.718387239857528115e-01 1.098987167697192735e+00
8.443454671707095738e-01 1.718387239857528115e-01 1.098987167697192735e+00
8.455001064524094723e-01 1.725608365175205217e-01 1.090774232244247521e+00
8.455001064524094723e-01 1.725608365175205217e-01 1.090774232244247521e+00
8.462473649492234795e-01 1.738286939096427286e-01 1.082054706267358890e+00
8.464413493002175271e-01 1.741195983087285293e-01 1.077872720706225529e+00
8.464413493002175271e-01 1.741195983087285293e-01 1.077872720706225529e+00
8.463969357135230354e-01 1.748175031394046397e-01 1.074016092252831456e+00
8.463969357135230354e-01 1.748175031394046397e-01 1.074016092252831456e+00
8.464127109604177024e-01 1.770919740627220351e-01 1.065110463330334767e+00
8.463371404890875915e-01 1.770215728852479742e-01 1.063202441666336595e+00
8.461568307313975801e-01 1.784188233654629141e-01 1.055288987948594048e+00
8.462390119988006942e-01 1.785539213385596291e-01 1.051911031076818048e+00
8.462390119988006942e-01 1.785539213385596291e-01 1.051911031076818048e+00
8.463232112844327748e-01 1.785791482422433851e-01 1.048179957519381977e+00
8.463614749066759035e-01 1.782746962656769907e-01 1.043120229099451013e+00
8.463824488103639521e-01 1.787857358698290433e-01 1.040512722828100811e+00
8.464407486914478085e-01 1.790906613825449800e-01 1.037542963648473204e+00
8.464407486914478085e-01 1.790906613825449800e-01 1.037542963648473204e+00
8.469647218044465964e-01 1.776695212003808755e-01 1.033731457548817900e+00
8.469759391589909425e-01 1.767410829891353785e-01 1.031033774074223919e+00
8.473248634468607543e-01 1.750008929613471320e-01 1.027457804412492681e+00
8.473248634468607543e-01 1.750008929613471320e-01 1.027457804412492681e+00
8.476036529046612200e-01 1.736966142625278875e-01 1.024836982445313627e+00
8.476677472525740997e-01 1.723762138679628131e-01 1.021193668500939067e+00
8.478368400594235021e-01 1.707650459939989152e-01 1.018452931280780627e+00
8.479312824498977941e-01 1.698946951839274966e-01 1.015947158327116906e+00
8.479312824498977941e-01 1.698946951839274966e-01 1.015947158327116906e+00
8.479158236283627081e-01 1.686150092997970862e-01 1.014233146227398574e+00
8.479158236283627081e-01 1.686150092997970862e-01 1.014233146227398574e+00
8.479310222630688232e-01 1.648457371689452944e-01 1.008188737300762305e+00
8.479310222630688232e-01 1.648457371689452944e-01 1.008188737300762305e+00
8.479932515673199722e-01 1.631170608501976982e-01 1.005554908492873656e+00
8.476175285184731623e-01 1.622086392794839516e-01 1.004733579209517558e+00
8.476042964541388169e-01 1.611209115227313360e-01 1.003487246622494666e+00
8.470973618301302910e-01 1.610518163534763181e-01 1.002287513057678936e+00
8.470973618301302910e-01 1.610518163534763181e-01 1.002287513057678936e+00
8.466711735930992910e-01 1.612858722625192531e-01 1.001346686333753677e+00
8.464560613647306164e-01 1.600155417960831827e-01 9.995164997338789048e-01
8.455534471771757321e-01 1.587697269129891842e-01 9.972127407511741648e-01
8.455534471771757321e-01 1.587697269129891842e-01 9.972127407511741648e-01
8.449237438912334808e-01 1.584212985473451851e-01 9.956103799705091628e-01
8.449237438912334808e-01 1.584212985473451851e-01 9.956103799705091628e-01
8.444953790415606898e-01 1.582092710494683585e-01 9.933955577097463019e-01
8.441025552933207887e-01 1.578159032065695189e-01 9.922714862447949979e-01
8.439628001873239471e-01 1.567934704022506953e-01 9.913207382752697860e-01
8.438853150605798437e-01 1.557258657490646070e-01 9.901197524971734332e-01
8.438853150605798437e-01 1.557258657490646070e-01 9.901197524971734332e-01
8.435889204516208162e-01 1.555893859839460325e-01 9.889844261883968812e-01
8.436841836190152044e-01 1.540468041741776817e-01 9.874867242187986838e-01
8.440327956342134064e-01 1.528688182417149433e-01 9.872893218451193054e-01
8.440327956342134064e-01 1.528688182417149433e-01 9.872893218451193054e-01
8.442990436597040960e-01 1.510266830906472901e-01 9.856920344121332667e-01
8.443841379980279171e-01 1.507594283270511093e-01 9.851990657165722309e-01
8.443841379980279171e-01 1.507594283270511093e-01 9.851990657165722309e-01
8.445676615042387869e-01 1.495166295759004227e-01 9.841221142157071666e-01
8.450107012262264572e-01 1.474402572901837294e-01 9.838021367484823809e-01
8.450107012262264572e-01 1.474402572901837294e-01 9.838021367484823809e-01
8.452917298337532248e-01 1.460517126470353977e-01 9.836720964466731942e-01
8.454905529034014711e-01 1.445007544528706667e-01 9.821472690930421745e-01
8.458873568224790640e-01 1.441482932182294174e-01 9.807158963266622287e-01
8.459600792268540115e-01 1.426564111096320364e-01 9.801152165224735757e-01
8.462154870084660496e-01 1.415737052851618605e-01 9.784580386333066038e-01
8.462821408305479798e-01 1.417577597539732281e-01 9.777194182494490793e-01
8.462821408305479798e-01 1.417577597539732281e-01 9.777194182494490793e-01
8.466381269354814609e-01 1.404871055831007354e-01 9.758272201786696298e-01
8.466381269354814609e-01 1.404871055831007354e-01 9.758272201786696298e-01
8.467107780155053165e-01 1.396895443279386195e-01 9.742875645875750390e-01
8.467107780155053165e-01 1.396895443279386195e-01 9.742875645875750390e-01
8.468170299830137804e-01 1.391693403342676161e-01 9.716897418690357835e-01
8.468170299830137804e-01 1.391693403342676161e-01 9.716897418690357835e-01
8.467879938603402046e-01 1.385507405291979410e-01 9.722349196785108338e-01
8.469008409522071901e-01 1.380864070009631961e-01 9.723569723854573743e-01
8.468550867759470080e-01 1.394754064830659723e-01 9.719293504675410311e-01
8.468550867759470080e-01 1.394754064830659723e-01 9.719293504675410311e-01
8.469959300159402016e-01 1.380792992672642272e-01 9.720905619432844702e-01
8.469959300159402016e-01 1.380792992672642272e-01 9.720905619432844702e-01
8.468880665752150927e-01 1.390330674305778613e-01 9.719450177492945375e-01
8.468880665752150927e-01 1.390330674305778613e-01 9.719450177492945375e-01
8.469342665495953604e-01 1.388109458493984871e-01 9.721941074749470557e-01
8.469342665495953604e-01 1.388109458493984871e-01 9.721941074749470557e-01
8.471236194588458446e-01 1.383038025727307274e-01 9.724782277286287968e-01
8.467504158192927788e-01 1.403342816133139881e-01 9.722974561216584100e-01
8.469417705225184001e-01 1.384518050504971454e-01 9.721032538333963524e-01
8.469417705225184001e-01 1.384518050504971454e-01 9.721032538333963524e-01
8.470083818460705238e-01 1.386971041258443504e-01 9.721666663574529688e-01
8.470083818460705238e-01 1.386971041258443504e-01 9.721666663574529688e-01
8.468236365694844503e-01 1.393413730218301394e-01 9.724791968206742965e-01
8.468236365694844503e-01 1.393413730218301394e-01 9.724791968206742965e-01
8.469321037464621060e-01 1.392088683636286406e-01 9.719301304059928537e-01
8.471358893909871624e-01 1.384661252394479847e-01 9.723405904654888188e-01
8.468563276071470192e-01 1.382445472016786137e-01 9.713190604641812609e-01
8.468563276071470192e-01 1.382445472016786137e-01 9.713190604641812609e-01
8.469600485501150855e-01 1.385537071289039968e-01 9.726729483887049943e-01
8.469344300029522099e-01 1.398505944684556856e-01 9.719324796269054323e-01
8.469344300029522099e-01 1.398505944684556856e-01 9.719324796269054323e-01
8.470402876454743435e-01 1.385103730868647298e-01 9.723359547829411031e-01
8.467943708644170009e-01 1.393006204592950603e-01 9.715491351986316193e-01
8.467943708644170009e-01 1.393006204592950603e-01 9.715491351986316193e-01
8.469801056610333223e-01 1.379461289466020202e-01 9.719423735533674336e-01
8.471643100432580953e-01 1.386691705638208594e-01 9.722169391295237828e-01
8.471643100432580953e-01 1.386691705638208594e-01 9.722169391295237828e-01
8.467425686610603464e-01 1.399976194815387431e-01 9.722389497818245685e-01
8.467425686610603464e-01 1.399976194815387431e-01 9.722389497818245685e-01
8.469618148034797622e-01 1.390058988550243735e-01 9.722016163133649913e-01
8.470783282236891143e-01 1.384522285515823736e-01 9.725351326539453112e-01
8.470783282236891143e-01 1.384522285515823736e-01 9.725351326539453112e-01
8.470034103435377659e-01 1.392108842994727036e-01 9.719929040267526466e-01
8.470034103435377659e-01 1.392108842994727036e-01 9.719929040267526466e-01
8.470782403504867331e-01 1.392236089394584542e-01 9.722402466785383668e-01
8.470977995646178371e-01 1.385241850353613746e-01 9.721414061682660535e-01
8.470977995646178371e-01 1.385241850353613746e-01 9.721414061682660535e-01
8.470679209529263787e-01 1.380258925945037629e-01 9.719686717908215812e-01
8.469901778670027026e-01 1.388536454620425131e-01 9.718521419824492913e-01
8.469901778670027026e-01 1.388536454620425131e-01 9.718521419824492913e-01
8.470083252522409012e-01 1.388608157134303966e-01 9.722385114092818581e-01
8.469333495593706074e-01 1.391033286401721358e-01 9.722667885258065024e-01
8.470554312487582616e-01 1.391592404909993141e-01 9.719283493986357048e-01
8.470554312487582616e-01 1.391592404909993141e-01 9.719283493986357048e-01
8.469645077430565383e-01 1.390185616287671622e-01 9.713377071858766421e-01
8.470355706670378293e-01 1.389701494920420610e-01 9.709972118388953133e-01
8.470355706670378293e-01 1.389701494920420610e-01 9.709972118388953133e-01
8.470780415835492683e-01 1.381850732837542339e-01 9.716076377931046615e-01
8.469709736790119736e-01 1.392322189807886912e-01 9.726933699876710859e-01
8.469709736790119736e-01 1.392322189807886912e-01 9.726933699876710859e-01
8.470464789068560263e-01 1.384204194772002683e-01 9.720099400903772224e-01
8.469870391350593497e-01 1.388861532131086263e-01 9.724424687941233270e-01
8.470670366264784201e-01 1.387055662967137948e-01 9.722512954852287059e-01
8.468259172756100739e-01 1.395645189839446187e-01 9.720652570426553396e-01
8.472245694313863540e-01 1.380063717058163664e-01 9.719324695397373315e-01
8.470028255313937215e-01 1.386951272964356552e-01 9.724337781775556078e-01
8.469964214804402980e-01 1.395697674068793748e-01 9.721684249637317921e-01
8.469964214804402980e-01 1.395697674068793748e-01 9.721684249637317921e-01
8.470864223621135114e-01 1.382278738905569349e-01 9.725109135406120320e-01
8.471220451075205382e-01 1.385779378951780827e-01 9.720184107063178924e-01
8.470885292372404285e-01 1.381925742031649418e-01 9.718265687405442943e-01
8.470172113411780224e-01 1.381541033565652499e-01 9.719204735006212736e-01
8.470172113411780224e-01 1.381541033565652499e-01 9.719204735006212736e-01
8.469188446414210869e-01 1.390703460072705844e-01 9.721758163746901937e-01
8.469188446414210869e-01 1.390703460072705844e-01 9.721758163746901937e-01
8.471300487216242292e-01 1.381334547313620709e-01 9.715656345988208376e-01
8.468497762313993427e-01 1.393097025027331681e-01 9.721169948503447511e-01
8.470106023548021890e-01 1.389202303658016724e-01 9.717602794082320639e-01
8.469199335466628398e-01 1.382905796758377992e-01 9.719204495717702619e-01
8.472153634374487430e-01 1.378663895868225686e-01 9.718017980180889692e-01
8.470033814389948956e-01 1.389921470740285991e-01 9.716063083335633177e-01
8.469392971191944675e-01 1.384172516974910561e-01 9.717953943836351582e-01
8.469687775978073097e-01 1.383598415778164170e-01 9.717359465371604443e-01
8.469255688073548116e-01 1.386478693218412828e-01 9.719091137581218343e-01
8.469255688073548116e-01 1.386478693218412828e-01 9.719091137581218343e-01
8.468158123431850370e-01 1.393049162821781151e-01 9.724612226440779716e-01
8.468158123431850370e-01 1.393049162821781151e-01 9.724612226440779716e-01
8.468301657304855290e-01 1.388505962116521331e-01 9.721861317137669989e-01
8.466302262340216211e-01 1.393547275451523793e-01 9.715420563448657898e-01
8.469267644760382074e-01 1.388062478659008725e-01 9.722677281527684068e-01
8.469072591711326314e-01 1.389681542746804555e-01 9.716818550515442521e-01
8.469151033918235205e-01 1.381525374669289596e-01 9.714158886398378545e-01
8.469151033918235205e-01 1.381525374669289596e-01 9.714158886398378545e-01
8.467914761576146310e-01 1.390954466368829467e-01 9.722818228744291025e-01
8.469403792004815967e-01 1.382568245251831196e-01 9.718100167667989009e-01
8.469282189956708340e-01 1.395535159133976522e-01 9.719558995900194898e-01
8.470385870474576029e-01 1.389031306330235638e-01 9.722817499663252150e-01
8.468098777082935236e-01 1.390408939877653405e-01 9.715902864387455651e-01
8.467462835237430374e-01 1.394908494889553485e-01 9.711389420477040124e-01
8.467462835237430374e-01 1.394908494889553485e-01 9.711389420477040124e-01
8.468445694022509462e-01 1.389218061946431160e-01 9.711568119199167626e-01
8.467655484861271731e-01 1.391656641272700223e-01 9.715541761654556963e-01
8.468228980787415594e-01 1.395985328564734729e-01 9.716764010909315630e-01
8.468086032473520763e-01 1.392012828057086482e-01 9.715604277418045109e-01
8.468086032473520763e-01 1.392012828057086482e-01 9.715604277418045109e-01
8.468947019680894694e-01 1.391626349375819360e-01 9.711032834677463255e-01
8.470848733946410025e-01 1.384596432065696159e-01 9.705261009401189298e-01
8.470848733946410025e-01 1.384596432065696159e-01 9.705261009401189298e-01
8.468591921743003903e-01 1.386441613532948258e-01 9.708179846318883977e-01
8.469575292748870998e-01 1.384984200613960104e-01 9.703359176771417793e-01
8.469808271528512789e-01 1.391502661046218614e-01 9.693782158196049270e-01
8.469210901532210345e-01 1.386550367147543206e-01 9.678350533152711987e-01
8.471077652371488131e-01 1.390299711696138252e-01 9.669227591921889520e-01
8.472186207300459460e-01 1.385365507023226805e-01 9.662887591782540753e-01
8.472186207300459460e-01 1.385365507023226805e-01 9.662887591782540753e-01
8.470674045432122767e-01 1.388694201459102495e-01 9.660238718994483831e-01
8.471537504983862599e-01 1.406886584792097494e-01 9.664714352132587338e-01
8.471537504983862599e-01 1.406886584792097494e-01 9.664714352132587338e-01
8.474596287147722062e-01 1.405794186241575705e-01 9.668715585053216932e-01
8.474596287147722062e-01 1.405794186241575705e-01 9.668715585053216932e-01
8.476651749837404992e-01 1.403190160067847025e-01 9.674854830481212087e-01
8.476457416638345510e-01 1.402845537660684094e-01 9.671302626117345147e-01
8.476457416638345510e-01 1.402845537660684094e-01 9.671302626117345147e-01
8.474297090204309102e-01 1.399532040747203943e-01 9.671251293080947997e-01
8.476215635177110075e-01 1.405297723395999843e-01 9.671493612691735020e-01
8.476215635177110075e-01 1.405297723395999843e-01 9.671493612691735020e-01
8.473861367143997736e-01 1.415322492200597748e-01 9.670165575759934740e-01
8.473861367143997736e-01 1.415322492200597748e-01 9.670165575759934740e-01
8.475259373816080855e-01 1.407092741174282569e-01 9.672838277476620839e-01
8.475259373816080855e-01 1.407092741174282569e-01 9.672838277476620839e-01
8.475536440910370617e-01 1.397869149876856953e-01 9.669401445366866410e-01
8.474064031187167334e-01 1.408501729638935718e-01 9.670655128589302763e-01
8.473111166565400199e-01 1.418064635426192488e-01 9.670843504856669881e-01
8.474773627098007855e-01 1.405746441734242180e-01 9.672579978354355346e-01
8.475050439118104739e-01 1.413274965830653707e-01 9.671054645694306950e-01
8.472785164348983766e-01 1.412798314896350771e-01 9.676614138406446353e-01
8.472785164348983766e-01 1.412798314896350771e-01 9.676614138406446353e-01
8.475219715450457159e-01 1.407467328100956150e-01 9.668510433678096927e-01
8.474812028268348119e-01 1.407080835380347672e-01 9.675559627163694554e-01
8.475235039768952428e-01 1.401272877524284977e-01 9.672429396903473586e-01
8.475235039768952428e-01 1.401272877524284977e-01 9.672429396903473586e-01
8.475222871158566429e-01 1.411713850831805006e-01 9.670079678122864841e-01
8.475222871158566429e-01 1.411713850831805006e-01 9.670079678122864841e-01
8.474328273327956795e-01 1.406983047981531232e-01 9.672235041391232802e-01
8.475535270313883096e-01 1.406885939786613193e-01 9.675985635417574393e-01
8.475535270313883096e-01 1.406885939786613193e-01 9.675985635417574393e-01
8.474137507668194624e-01 1.406888539004648164e-01 9.675603998799627847e-01
8.476418684085377242e-01 1.407689362929953614e-01 9.671340847001284047e-01
8.476418684085377242e-01 1.407689362929953614e-01 9.671340847001284047e-01
8.474140503945917224e-01 1.415346382260582736e-01 9.669386976729160699e-01
8.474140503945917224e-01 1.415346382260582736e-01 9.669386976729160699e-01
8.475240599608585557e-01 1.412683539147240042e-01 9.663546492887092887e-01
8.476229755716337966e-01 1.403127865099799976e-01 9.670417981698677945e-01
8.473106970347128453e-01 1.414465946615822423e-01 9.674496226702999913e-01
8.474967444971008845e-01 1.406169150049108030e-01 9.675434044375259557e-01
8.474500151936441572e-01 1.413187657806153075e-01 9.667628465849310571e-01
8.473838004846327987e-01 1.411739939026522839e-01 9.666499919489781600e-01
8.472976789930936059e-01 1.413197780750835575e-01 9.669231900177698291e-01
8.473614101771008711e-01 1.416223728922293978e-01 9.668705645531087134e-01
8.473614101771008711e-01 1.416223728922293978e-01 9.668705645531087134e-01
8.476952089882362484e-01 1.401683962067967193e-01 9.673682198460246129e-01
8.473904497538207181e-01 1.407860572399077248e-01 9.669128996059708214e-01
8.473904497538207181e-01 1.407860572399077248e-01 9.669128996059708214e-01
8.474841767279099880e-01 1.410398455384282712e-01 9.668744626289215160e-01
8.473369638154624184e-01 1.416737081021582079e-01 9.674171473105430685e-01
8.473369638154624184e-01 1.416737081021582079e-01 9.674171473105430685e-01
8.474284153051293567e-01 1.410196089849538037e-01 9.671778597408455802e-01
8.474284153051293567e-01 1.410196089849538037e-01 9.671778597408455802e-01
8.475911835626558366e-01 1.400472887385698639e-01 9.672950575156018527e-01
8.475462330658111165e-01 1.407554884272547158e-01 9.669632386808971747e-01
8.475097878880128999e-01 1.412028358409977147e-01 9.667433381451659979e-01
8.475803677325186580e-01 1.400139504706134908e-01 9.669380970783559848e-01
8.475803677325186580e-01 1.400139504706134908e-01 9.669380970783559848e-01
8.475245049119900509e-01 1.404871280179890713e-01 9.669075760351883986e-01
8.477347879177153933e-01 1.405716254737930659e-01 9.672042950856627463e-01
8.475775072950728628e-01 1.404326085704697136e-01 9.675293973372296463e-01
8.472299381379545524e-01 1.420814849584092210e-01 9.672790966575834926e-01
8.475242457967450127e-01 1.401004613399316201e-01 9.671678814294968340e-01
8.476033206233309913e-01 1.401177630874619051e-01 9.676224827263046890e-01
8.476033206233309913e-01 1.401177630874619051e-01 9.676224827263046890e-01
8.476092223741311660e-01 1.404440989533768114e-01 9.671370920872575105e-01
8.476242385827875703e-01 1.393441189714505202e-01 9.665920853726283068e-01
8.474974615939748768e-01 1.410304571202173063e-01 9.663449381939179794e-01
8.474048555779339909e-01 1.404640575636871558e-01 9.677266897132041912e-01
8.475410223031017987e-01 1.412768932294085900e-01 9.680188076550786391e-01
8.475410223031017987e-01 1.412768932294085900e-01 9.680188076550786391e-01
8.476044008890715187e-01 1.402464474652923010e-01 9.667476100357901281e-01
8.475047856528968859e-01 1.410318668873417058e-01 9.673944241847918235e-01
8.473171529040768313e-01 1.405701195370072931e-01 9.669220800972841978e-01
8.473171529040768313e-01 1.405701195370072931e-01 9.669220800972841978e-01
8.475606666269530631e-01 1.407901663681750959e-01 9.670449465234974840e-01
8.475606666269530631e-01 1.407901663681750959e-01 9.670449465234974840e-01
8.474026070547560074e-01 1.412432954689771258e-01 9.670333595687451433e-01
8.475479640270384696e-01 1.404318377406804652e-01 9.669135842801483971e-01
8.475809091193006184e-01 1.400471960757943002e-01 9.675145308821695433e-01
8.475809091193006184e-01 1.400471960757943002e-01 9.675145308821695433e-01
8.474411896194952165e-01 1.411541355929457897e-01 9.675963245543549585e-01
8.474679196660500624e-01 1.406336351749590541e-01 9.677810758185241280e-01
8.474679196660500624e-01 1.406336351749590541e-01 9.677810758185241280e-01
8.476233673173410033e-01 1.405698810514489916e-01 9.672625692789600382e-01
8.476233673173410033e-01 1.405698810514489916e-01 9.672625692789600382e-01
8.476598050991356326e-01 1.403214316189262123e-01 9.682207678014971286e-01
8.476598050991356326e-01 1.403214316189262123e-01 9.682207678014971286e-01
8.475033200439919812e-01 1.410024520200096332e-01 9.673386263850559663e-01
8.475033200439919812e-01 1.410024520200096332e-01 9.673386263850559663e-01
8.475514314958483286e-01 1.406254494692290302e-01 9.678856969315492442e-01
8.475598663210620609e-01 1.409879111039985811e-01 9.670157921238577980e-01
8.477072285677572649e-01 1.404627030894332607e-01 9.673628766127382317e-01
8.477072285677572649e-01 1.404627030894332607e-01 9.673628766127382317e-01
8.474384432840671444e-01 1.405081530824869029e-01 9.674566239787016908e-01
8.474384432840671444e-01 1.405081530824869029e-01 9.674566239787016908e-01
8.477104969172982729e-01 1.403317960118875551e-01 9.665521150043762111e-01
8.477104969172982729e-01 1.403317960118875551e-01 9.665521150043762111e-01
8.473690228078881725e-01 1.410672947041185787e-01 9.667152678115652487e-01
8.474587864254624625e-01 1.414218818687031642e-01 9.669918503579353342e-01
8.475270200747854199e-01 1.408453618450615785e-01 9.672661919847768131e-01
8.473865328094235538e-01 1.415984775853175170e-01 9.681547838011770324e-01
8.475372097223197176e-01 1.408454646811289346e-01 9.670008789708814945e-01
8.475372097223197176e-01 1.408454646811289346e-01 9.670008789708814945e-01
8.471735022903845724e-01 1.417403618112022257e-01 9.672320257349249495e-01
8.471735022903845724e-01 1.417403618112022257e-01 9.672320257349249495e-01
8.476251307095457044e-01 1.400947238963731467e-01 9.664718047985745297e-01
8.475273000475104235e-01 1.403901892893470726e-01 9.670369583107638611e-01
8.475273000475104235e-01 1.403901892893470726e-01 9.670369583107638611e-01
8.476373079786283515e-01 1.402795747225383527e-01 9.664730857065997327e-01
8.474932867215677623e-01 1.406464528748491150e-01 9.673331799153901400e-01
8.474932867215677623e-01 1.406464528748491150e-01 9.673331799153901400e-01
8.476171195257101720e-01 1.402410015552898459e-01 9.666935670259303448e-01
8.474072944010011543e-01 1.410690619545384716e-01 9.673749918718962393e-01
8.476275070033242320e-01 1.406122693701754023e-01 9.674787326480837057e-01
8.476275070033242320e-01 1.406122693701754023e-01 9.674787326480837057e-01
8.475477230858385891e-01 1.411111092663812350e-01 9.662975918683340826e-01
8.475947700804195017e-01 1.405342312623093504e-01 9.667558742652186954e-01
8.474071191250108770e-01 1.409142023515922160e-01 9.671870978228033211e-01
8.473737287323502843e-01 1.411739689045188872e-01 9.668927719704254464e-01
8.473737287323502843e-01 1.411739689045188872e-01 9.668927719704254464e-01
8.473040639804025886e-01 1.413156862135796499e-01 9.668437165674059752e-01
8.476169824184431878e-01 1.412536377882449290e-01 9.667030609580327116e-01
8.475801794046071702e-01 1.408632548011346797e-01 9.668369656870667850e-01
8.477275867793443442e-01 1.401063584737465562e-01 9.676103116057909181e-01
8.477275867793443442e-01 1.401063584737465562e-01 9.676103116057909181e-01
8.473264787068746084e-01 1.413862308688781932e-01 9.669592894324576804e-01
8.475975298570584959e-01 1.404068746144249424e-01 9.673479798649449179e-01
8.474252613964448066e-01 1.409501467288039323e-01 9.669861769315397648e-01
8.474491100048061609e-01 1.410579513304329180e-01 9.670950467614437551e-01
8.474491100048061609e-01 1.410579513304329180e-01 9.670950467614437551e-01
8.474328724388636713e-01 1.412171223156159505e-01 9.675440289227008606e-01
8.474647571833737736e-01 1.406030386597917070e-01 9.669348553401380109e-01
8.474647571833737736e-01 1.406030386597917070e-01 9.669348553401380109e-01
8.475608460412391576e-01 1.405291299791265602e-01 9.662800088918610530e-01
8.475005446569546796e-01 1.410049981714184275e-01 9.670078585813691729e-01
8.474272686215859052e-01 1.410234502147653668e-01 9.676527315069951563e-01
8.477753834849902637e-01 1.394982836010409677e-01 9.676257773964895836e-01
8.477753834849902637e-01 1.394982836010409677e-01 9.676257773964895836e-01
8.473793092165263774e-01 1.417185958586127947e-01 9.673360240977709745e-01
8.473793092165263774e-01 1.417185958586127947e-01 9.673360240977709745e-01
8.474898961440079370e-01 1.408031415207334491e-01 9.678475381502076313e-01
8.473439355287140096e-01 1.412333391364387902e-01 9.669586777555639889e-01
8.474165311171627524e-01 1.411221532624943875e-01 9.678693105580854494e-01
8.474165311171627524e-01 1.411221532624943875e-01 9.678693105580854494e-01
8.474972786988442808e-01 1.408025688257311392e-01 9.672383436590604733e-01
8.474109561641522959e-01 1.417222705160485208e-01 9.669983238831327821e-01
8.475730251376583091e-01 1.406367344430175803e-01 9.676978134093598971e-01
8.476004126431161412e-01 1.403518989356608571e-01 9.668962082793493007e-01
8.475584139498832936e-01 1.406177684902458758e-01 9.663583509040720720e-01
8.475444127799658389e-01 1.401694022155355879e-01 9.664540876807238279e-01
8.473750826124123448e-01 1.417326973457410932e-01 9.673194149547227338e-01
8.473750826124123448e-01 1.417326973457410932e-01 9.673194149547227338e-01
8.474998181307222822e-01 1.410320338913067795e-01 9.671360852748722703e-01
8.474998181307222822e-01 1.410320338913067795e-01 9.671360852748722703e-01
8.476494299430826773e-01 1.409036815327126546e-01 9.671492640733290180e-01
8.474350248533635277e-01 1.414432313402421981e-01 9.673294196181644322e-01
8.475342332235917819e-01 1.408171962568476321e-01 9.671938473547155857e-01
8.475342332235917819e-01 1.408171962568476321e-01 9.671938473547155857e-01
8.474382556937147815e-01 1.406298438375238602e-01 9.670603348664399412e-01
8.476108202641398082e-01 1.404841895741640034e-01 9.672196131634704930e-01
8.476108202641398082e-01 1.404841895741640034e-01 9.672196131634704930e-01
8.475636057687585545e-01 1.408207747166891621e-01 9.679064992579837767e-01
8.475068888912132836e-01 1.407490703634730056e-01 9.678360978519705560e-01
8.474029872503217042e-01 1.413096058173591296e-01 9.681562127403904316e-01
8.474029872503217042e-01 1.413096058173591296e-01 9.681562127403904316e-01
8.473213626145909005e-01 1.406329438961546885e-01 9.703659054038338283e-01
8.473213626145909005e-01 1.406329438961546885e-01 9.703659054038338283e-01
8.472340928469506149e-01 1.416396305823260371e-01 9.759301605417303183e-01
8.472361305435163192e-01 1.414041731860513351e-01 9.780703340789731470e-01
8.469948533401790991e-01 1.403062786855002186e-01 9.859635943163151950e-01
8.467070709516254512e-01 1.402072783794175437e-01 9.913034761255556937e-01
8.467948889052880901e-01 1.399694289842912664e-01 9.956966112445062578e-01
8.467948889052880901e-01 1.399694289842912664e-01 9.956966112445062578e-01
8.461125098460687832e-01 1.403641573205695325e-01 1.002101866135451047e+00
8.455857255240242232e-01 1.400470591686900912e-01 1.012512072639031091e+00
8.455857255240242232e-01 1.400470591686900912e-01 1.012512072639031091e+00
8.446517324959407214e-01 1.399093998549434115e-01 1.021016819721417113e+00
8.446517324959407214e-01 1.399093998549434115e-01 1.021016819721417113e+00
8.435711633192370940e-01 1.391032925995811242e-01 1.032936636755835025e+00
8.435711633192370940e-01 1.391032925995811242e-01 1.032936636755835025e+00
8.423241190151181668e-01 1.392973040898991821e-01 1.044797729603194725e+00
8.423241190151181668e-01 1.392973040898991821e-01 1.044797729603194725e+00
8.409833871982013154e-01 1.391172970768462802e-01 1.054304735949357141e+00
8.401632702702893640e-01 1.393040365314698048e-01 1.060707078170616935e+00
8.389791375797291950e-01 1.388907607597458793e-01 1.068704360211224280e+00
8.389791375797291950e-01 1.388907607597458793e-01 1.068704360211224280e+00
8.380632210764964451e-01 1.375221627554182868e-01 1.074750328531218768e+00
8.373625238843843688e-01 1.361662242969317038e-01 1.079244560806490005e+00
8.358002002214560688e-01 1.375572678099988011e-01 1.087670774522027095e+00
8.358002002214560688e-01 1.375572678099988011e-01 1.087670774522027095e+00
8.338147168018599231e-01 1.362110878839912498e-01 1.098612215228742972e+00
8.338147168018599231e-01 1.362110878839912498e-01 1.098612215228742972e+00
8.316981725311669571e-01 1.359470501167928391e-01 1.108765422211200447e+00
8.316981725311669571e-01 1.359470501167928391e-01 1.108765422211200447e+00
8.291716776022639568e-01 1.349333677575863255e-01 1.120312724422655837e+00
8.291716776022639568e-01 1.349333677575863255e-01 1.120312724422655837e+00
8.271796443965950818e-01 1.337814371585222539e-01 1.129048793192993116e+00
8.252225548310841985e-01 1.340435859493814830e-01 1.136628579115620763e+00
8.242750843063175736e-01 1.341380181638007485e-01 1.140210250125943903e+00
8.229347666301035646e-01 1.338717270602298726e-01 1.145001606239330449e+00
8.229347666301035646e-01 1.338717270602298726e-01 1.145001606239330449e+00
8.219666829312037848e-01 1.325296022594847078e-01 1.148481594038022413e+00
8.219666829312037848e-01 1.325296022594847078e-01 1.148481594038022413e+00
8.187821212203442167e-01 1.318334546663627038e-01 1.159670603376528719e+00
8.187821212203442167e-01 1.318334546663627038e-01 1.159670603376528719e+00
8.160211106403529868e-01 1.332473430396634573e-01 1.165992629503626032e+00
8.115166632899826205e-01 1.359699606559002794e-01 1.175397814978697886e+00
8.092824963435811814e-01 1.377518378395609921e-01 1.179167157586370696e+00
8.092824963435811814e-01 1.377518378395609921e-01 1.179167157586370696e+00
8.060569708111416931e-01 1.389504977585882817e-01 1.184779072174610981e+00
8.011474138947765056e-01 1.428853847424703671e-01 1.192918797669438868e+00
8.011474138947765056e-01 1.428853847424703671e-01 1.192918797669438868e+00
7.955420287137400237e-01 1.481806669317572156e-01 1.200618248345890038e+00
7.910487927357410243e-01 1.505573500216005611e-01 1.206826070736873646e+00
7.910487927357410243e-01 1.505573500216005611e-01 1.206826070736873646e+00
7.890167170272083252e-01 1.543927907791710352e-01 1.208554968500508142e+00
7.859703556769076505e-01 1.558782410817533548e-01 1.213355699455777703e+00
7.796991959667177730e-01 1.630407941106712943e-01 1.219778619583740120e+00
7.796991959667177730e-01 1.630407941106712943e-01 1.219778619583740120e+00
7.749465645613170528e-01 1.691592529842335657e-01 1.223580027821495442e+00
7.749465645613170528e-01 1.691592529842335657e-01 1.223580027821495442e+00
7.698796827759311068e-01 1.752648463758455510e-01 1.227583867682497498e+00
7.674842116135461856e-01 1.765642137022723768e-01 1.229355472714570130e+00
7.674842116135461856e-01 1.765642137022723768e-01 1.229355472714570130e+00
7.644135691860065585e-01 1.796462705523061143e-01 1.232397620342771116e+00
7.623220854463865770e-01 1.818740092524477325e-01 1.233808521212873099e+00
7.623220854463865770e-01 1.818740092524477325e-01 1.233808521212873099e+00
7.567360789139344623e-01 1.880414578444083162e-01 1.236783830590244548e+00
7.546799299476724121e-01 1.906751851586034607e-01 1.237645502527487951e+00
7.546799299476724121e-01 1.906751851586034607e-01 1.237645502527487951e+00
7.512975461307892511e-01 1.955465543303255560e-01 1.239171010969482234e+00
7.512975461307892511e-01 1.955465543303255560e-01 1.239171010969482234e+00
7.462709037422209368e-01 2.012209116179981272e-01 1.240701460080523288e+00
7.415096517075727700e-01 2.054197522824810496e-01 1.242435629206330105e+00
7.415096517075727700e-01 2.054197522824810496e-01 1.242435629206330105e+00
7.366942308318670252e-01 2.121803423134652755e-01 1.242746065267658739e+00
7.366942308318670252e-01 2.121803423134652755e-01 1.242746065267658739e+00
7.319927602275555500e-01 2.180034732484227855e-01 1.242602551216802187e+00
7.319927602275555500e-01 2.180034732484227855e-01 1.242602551216802187e+00
7.284908432180530191e-01 2.223208394272518929e-01 1.242343067888948882e+00
7.284908432180530191e-01 2.223208394272518929e-01 1.242343067888948882e+00
7.259854129876198714e-01 2.265139702845274383e-01 1.241381272361163246e+00
7.223480166083888765e-01 2.309034327208514259e-01 1.239767426794381899e+00
7.223480166083888765e-01 2.309034327208514259e-01 1.239767426794381899e+00
7.203303786812909060e-01 2.329787129956918390e-01 1.238988588458796336e+00
7.188553009994520515e-01 2.345338559907202691e-01 1.238637546852420002e+00
7.173932078688839420e-01 2.363839546545588866e-01 1.238460683305861565e+00
7.173932078688839420e-01 2.363839546545588866e-01 1.238460683305861565e+00
7.151288562199652477e-01 2.387647213698931015e-01 1.238250801374312093e+00
7.151288562199652477e-01 2.387647213698931015e-01 1.238250801374312093e+00
7.114080489217842196e-01 2.429649109537639629e-01 1.236864215421038082e+00
7.114080489217842196e-01 2.429649109537639629e-01 1.236864215421038082e+00
7.091053545296717164e-01 2.452674009940082889e-01 1.235459263117695494e+00
7.091053545296717164e-01 2.452674009940082889e-01 1.235459263117695494e+00
7.042373671614832187e-01 2.488453236126010604e-01 1.234896585977049988e+00
7.042373671614832187e-01 2.488453236126010604e-01 1.234896585977049988e+00
7.027082096164410929e-01 2.495226148895900997e-01 1.234399663234810873e+00
7.016661387181633014e-01 2.504404733073515299e-01 1.233580252420809931e+00
6.996586471100108007e-01 2.518648765522331079e-01 1.233193463510198429e+00
6.985615438469416905e-01 2.531522479605285980e-01 1.232834949340974928e+00
6.985615438469416905e-01 2.531522479605285980e-01 1.232834949340974928e+00
6.969194561921246978e-01 2.536002913762340771e-01 1.232363651820840511e+00
6.948947121965008966e-01 2.549603178014076543e-01 1.232252805728532241e+00
6.948947121965008966e-01 2.549603178014076543e-01 1.232252805728532241e+00
6.928314438921038265e-01 2.567595021906288744e-01 1.231650622124125682e+00
6.914650768142938109e-01 2.575656795344984373e-01 1.231101280700604317e+00
6.905153364668471516e-01 2.580108792881977142e-01 1.230615718125411595e+00
6.905153364668471516e-01 2.580108792881977142e-01 1.230615718125411595e+00
6.893798129108328343e-01 2.588500888030959568e-01 1.230419354617463545e+00
6.893798129108328343e-01 2.588500888030959568e-01 1.230419354617463545e+00
6.870731469915410949e-01 2.600917873054910956e-01 1.229573279169116962e+00
6.870731469915410949e-01 2.600917873054910956e-01 1.229573279169116962e+00
6.849069445124004174e-01 2.606043882998241856e-01 1.229185191877763206e+00
6.849069445124004174e-01 2.606043882998241856e-01 1.229185191877763206e+00
6.830663274136572483e-01 2.596097590595120574e-01 1.228444781956050891e+00
6.830663274136572483e-01 2.596097590595120574e-01 1.228444781956050891e+00
6.807374845363666216e-01 2.602169472404582407e-01 1.227873774566234255e+00
6.800174981425051168e-01 2.600584119895180679e-01 1.227778050861525250e+00
6.785231609377009310e-01 2.607716707792435140e-01 1.227528991779166301e+00
6.776914376953134811e-01 2.606176046160737503e-01 1.226608318127976327e+00
6.767406715547279461e-01 2.601944251305896572e-01 1.227107917864648901e+00
6.754810640566594193e-01 2.606570894132612115e-01 1.226431936571683590e+00
6.748923434924440912e-01 2.602458767966870923e-01 1.226471974779608898e+00
6.748923434924440912e-01 2.602458767966870923e-01 1.226471974779608898e+00
6.743330834776859461e-01 2.596522283090895167e-01 1.226034859047575143e+00
6.735822455540136922e-01 2.598414156581332346e-01 1.225752143578110243e+00
6.727546964174904165e-01 2.593315890483764985e-01 1.225975277323816393e+00
6.723946973639222113e-01 2.590529732639411664e-01 1.225297945154279811e+00
6.719854908662943327e-01 2.596897533167585870e-01 1.224593932595538837e+00
6.712004551272532371e-01 2.599656914846509292e-01 1.224927894959012331e+00
6.712004551272532371e-01 2.599656914846509292e-01 1.224927894959012331e+00
6.715767178329318243e-01 2.589790672289604134e-01 1.223449491093666630e+00
6.715767178329318243e-01 2.589790672289604134e-01 1.223449491093666630e+00
6.713474352808073142e-01 2.604584509495170286e-01 1.220700213804868817e+00
6.716296871773935750e-01 2.602748939844706788e-01 1.219392354135397261e+00
6.725992044416223559e-01 2.610523004510499900e-01 1.214411980712908568e+00
6.733333656404496548e-01 2.618372967311521915e-01 1.211367274372102898e+00
6.741176515828898319e-01 2.624213020769690097e-01 1.208141573863809271e+00
6.751348328470405669e-01 2.634813319712729918e-01 1.203946669581549056e+00
6.776861007919129376e-01 2.655218839843477285e-01 1.194548980829161611e+00
6.776861007919129376e-01 2.655218839843477285e-01 1.194548980829161611e+00
6.785472690816777286e-01 2.672163942271075232e-01 1.189547254922191932e+00
6.795695554634627600e-01 2.679064177666755087e-01 1.185508448453083119e+00
6.816949968932661807e-01 2.666012778957643770e-01 1.180440307512862663e+00
6.822010547271523118e-01 2.685784470294273474e-01 1.176293680524286289e+00
6.822010547271523118e-01 2.685784470294273474e-01 1.176293680524286289e+00
6.831363978627789102e-01 2.694880467592106199e-01 1.171424948964483459e+00
6.831363978627789102e-01 2.694880467592106199e-01 1.171424948964483459e+00
6.850291416103972963e-01 2.712366625831094114e-01 1.161935511090028683e+00
6.850291416103972963e-01 2.712366625831094114e-01 1.161935511090028683e+00
6.862779104109677508e-01 2.713401179507853866e-01 1.154023740930950392e+00
6.862779104109677508e-01 2.713401179507853866e-01 1.154023740930950392e+00
6.869745178179427203e-01 2.725849491277090308e-01 1.146026081584498924e+00
6.869745178179427203e-01 2.725849491277090308e-01 1.146026081584498924e+00
6.870251666015986247e-01 2.729589617662233070e-01 1.141587999638273399e+00
6.865405045840388132e-01 2.735967091815449947e-01 1.137864669435830312e+00
6.862099805065425828e-01 2.736202779010538100e-01 1.135089324137893207e+00
6.862099805065425828e-01 2.736202779010538100e-01 1.135089324137893207e+00
6.856369480869142219e-01 2.740456762972518501e-01 1.131354955980059973e+00
6.853760702603324262e-01 2.740647878853713637e-01 1.127502522660612350e+00
6.853760702603324262e-01 2.740647878853713637e-01 1.127502522660612350e+00
6.848517080287094272e-01 2.740659804210486827e-01 1.126047809920917242e+00
6.845219548256162856e-01 2.738254140604079456e-01 1.122269613673709365e+00
6.840027282586887969e-01 2.734753964034208895e-01 1.119157948430136162e+00
6.833221595170686502e-01 2.727759814798888516e-01 1.115858256019952144e+00
6.837604208626576474e-01 2.709840269048355843e-01 1.113392008148579304e+00
6.831375947386381098e-01 2.716552562534134685e-01 1.111102938991983091e+00
6.830445677764853674e-01 2.706796509991336031e-01 1.109458440522044009e+00
6.830445677764853674e-01 2.706796509991336031e-01 1.109458440522044009e+00
6.830622929846420499e-01 2.689990751815855563e-01 1.106318712904572177e+00
6.827596877022407140e-01 2.677998454319923671e-01 1.103468651981555748e+00
6.823456672797202360e-01 2.669564372438435473e-01 1.099943941923573920e+00
6.823456672797202360e-01 2.669564372438435473e-01 1.099943941923573920e+00
6.823182524353779144e-01 2.645527614860379018e-01 1.095900718373301164e+00
6.818601242566408871e-01 2.645442655848033731e-01 1.093893957380139170e+00
6.819089266410456318e-01 2.622082321895436996e-01 1.091947740153843549e+00
6.819089266410456318e-01 2.622082321895436996e-01 1.091947740153843549e+00
6.813174320062620470e-01 2.620832727247184857e-01 1.090055738888738857e+00
6.817024630493047077e-01 2.599116299533576480e-01 1.087965822447749087e+00
6.817024630493047077e-01 2.599116299533576480e-01 1.087965822447749087e+00
6.815990392173777446e-01 2.593651853600772994e-01 1.086488607029109321e+00
6.815663777112023203e-01 2.598144890941143648e-01 1.084271312734673032e+00
6.822293257986233872e-01 2.585168935069680485e-01 1.082302536818826599e+00
6.821464939147489082e-01 2.582127226406653042e-01 1.081384755584913648e+00
6.821464939147489082e-01 2.582127226406653042e-01 1.081384755584913648e+00
6.824126209381747854e-01 2.585342417747540922e-01 1.078787551086099583e+00
6.831034908752826595e-01 2.569040095360637932e-01 1.076688346271340802e+00
6.831034908752826595e-01 2.569040095360637932e-01 1.076688346271340802e+00
6.832183322751047561e-01 2.572488343687501788e-01 1.074665861166856029e+00
6.834887441271864095e-01 2.570807676089696403e-01 1.073238741084232117e+00
6.840132911094779500e-01 2.563814570217634592e-01 1.071156412875365227e+00
6.841029098887483340e-01 2.563641341892415326e-01 1.069701411050069995e+00
6.841029098887483340e-01 2.563641341892415326e-01 1.069701411050069995e+00
6.844979023191751777e-01 2.564264705220424823e-01 1.066878527642816765e+00
6.847726242163546528e-01 2.565651222142103505e-01 1.065593563962062174e+00
6.851156694150274395e-01 2.560658228557743388e-01 1.064027611865510314e+00
6.853857406119689966e-01 2.559588944622251949e-01 1.062397178589160385e+00
6.853857406119689966e-01 2.559588944622251949e-01 1.062397178589160385e+00
6.853346028872656648e-01 2.567625517406876834e-01 1.060654006764307988e+00
6.857268350740199914e-01 2.564248028245748046e-01 1.059294625127167100e+00
6.859331723140429382e-01 2.568052172541322453e-01 1.057771774029286460e+00
6.859331723140429382e-01 2.568052172541322453e-01 1.057771774029286460e+00
6.861041630102537869e-01 2.571574458271380093e-01 1.055594771730118175e+00
6.861041630102537869e-01 2.571574458271380093e-01 1.055594771730118175e+00
6.867746679280136712e-01 2.567600527548399292e-01 1.053001752701871574e+00
6.867746679280136712e-01 2.567600527548399292e-01 1.053001752701871574e+00
6.870075751438768918e-01 2.564549353121068909e-01 1.052032581059484606e+00
6.869510892852406236e-01 2.572119219122898648e-01 1.050869534103122671e+00
6.867595852856653860e-01 2.570957262944746358e-01 1.051005222003103423e+00
6.867595852856653860e-01 2.570957262944746358e-01 1.051005222003103423e+00
6.867419247764212642e-01 2.576148256150489479e-01 1.050422590836629588e+00
6.871444923910399183e-01 2.570025152058846851e-01 1.050147781840270689e+00
6.871444923910399183e-01 2.570025152058846851e-01 1.050147781840270689e+00
6.872764669684431338e-01 2.571706727576620888e-01 1.050004529807335718e+00
6.871756496554776161e-01 2.571643791779427701e-01 1.049704749992956598e+00
6.868932591753885708e-01 2.578980724049250717e-01 1.049734874899445725e+00
6.870326077093705797e-01 2.573491537924906813e-01 1.050198160352109333e+00
6.870326077093705797e-01 2.573491537924906813e-01 1.050198160352109333e+00
6.868209433015755039e-01 2.577357952909961059e-01 1.050118481030604567e+00
6.868209433015755039e-01 2.577357952909961059e-01 1.050118481030604567e+00
6.870548593868316400e-01 2.571816315250574081e-01 1.050778337661765649e+00
6.869465783430931394e-01 2.569551866223219738e-01 1.050487257378266648e+00
6.869465783430931394e-01 2.569551866223219738e-01 1.050487257378266648e+00
6.868512756556152121e-01 2.574694287281717453e-01 1.050328809870642921e+00
6.866020407683605109e-01 2.575796693493325740e-01 1.050129112404825094e+00
6.866020407683605109e-01 2.575796693493325740e-01 1.050129112404825094e+00
6.869567318210411111e-01 2.570503201459782838e-01 1.049973617453150876e+00
6.871438139774096454e-01 2.568829031559868858e-01 1.050076506335718474e+00
6.872595119715450007e-01 2.567686624585818200e-01 1.049990599898047661e+00
6.869592930565739941e-01 2.574648903709917946e-01 1.049697531577320042e+00
6.869592930565739941e-01 2.574648903709917946e-01 1.049697531577320042e+00
6.871811689896146769e-01 2.569050485115776938e-01 1.049907756596606845e+00
6.871811689896146769e-01 2.569050485115776938e-01 1.049907756596606845e+00
6.868993968051424481e-01 2.565797279179156121e-01 1.050381674412261601e+00
6.868993968051424481e-01 2.565797279179156121e-01 1.050381674412261601e+00
6.870895635208708052e-01 2.570561599620883042e-01 1.049826770799358711e+00
6.871943315679471809e-01 2.570951220423749461e-01 1.049735686511139576e+00
6.871307104637977003e-01 2.567641578491815513e-01 1.049808395236148773e+00
6.869709466321833879e-01 2.570994637037989361e-01 1.050316163715606432e+00
6.870694371596712813e-01 2.573781103338391718e-01 1.050117391826146829e+00
6.870694371596712813e-01 2.573781103338391718e-01 1.050117391826146829e+00
6.871828625984998107e-01 2.571692606096419031e-01 1.050333850188897467e+00
6.871575252526440636e-01 2.565782209678813541e-01 1.050281653054513376e+00
6.873334974562085309e-01 2.566467037864206824e-01 1.049340238735366526e+00
6.869668810218775290e-01 2.576408151335419228e-01 1.050106093718580880e+00
6.870373860858252080e-01 2.572156451520073439e-01 1.049946281971196216e+00
6.870373860858252080e-01 2.572156451520073439e-01 1.049946281971196216e+00
6.871330063112539577e-01 2.573235530712871255e-01 1.049999643447542486e+00
6.868202661427380562e-01 2.573521500365105741e-01 1.050376955320038830e+00
6.868202661427380562e-01 2.573521500365105741e-01 1.050376955320038830e+00
6.873249088031646581e-01 2.569230516280664456e-01 1.049654103098530022e+00
6.873249088031646581e-01 2.569230516280664456e-01 1.049654103098530022e+00
6.868609663863682879e-01 2.572695333384794059e-01 1.050148856845163792e+00
6.868609663863682879e-01 2.572695333384794059e-01 1.050148856845163792e+00
6.869712243535387453e-01 2.574146862037264838e-01 1.049806407898754568e+00
6.869289271163497856e-01 2.575473356974368189e-01 1.050737575420700676e+00
6.869289271163497856e-01 2.575473356974368189e-01 1.050737575420700676e+00
6.871063452179039244e-01 2.571631156469775248e-01 1.050136852838658541e+00
6.871899214185651639e-01 2.572580126377589926e-01 1.049568724306849443e+00
6.869706854905334170e-01 2.576290588241111346e-01 1.050132650615209329e+00
6.873302011547516299e-01 2.565195191681742815e-01 1.050138958682278023e+00
6.870465241125036648e-01 2.570442239921186256e-01 1.050372662843851890e+00
6.870465241125036648e-01 2.570442239921186256e-01 1.050372662843851890e+00
6.875194356040426058e-01 2.563265743371367922e-01 1.049986969252708846e+00
6.872277000462430063e-01 2.572673836544897563e-01 1.050384631079879227e+00
6.872277000462430063e-01 2.572673836544897563e-01 1.050384631079879227e+00
6.871383272921334218e-01 2.572422020618332916e-01 1.050062924647843232e+00
6.870178421827211057e-01 2.571209591889939139e-01 1.050315315172380526e+00
6.869150750338741673e-01 2.579400536521972431e-01 1.050067714928688556e+00
6.868957999184844843e-01 2.574749605259588070e-01 1.050278132620084293e+00
6.868957999184844843e-01 2.574749605259588070e-01 1.050278132620084293e+00
6.872632904841482482e-01 2.574373078720975094e-01 1.049781282917295666e+00
6.870865894553875863e-01 2.573152329153218787e-01 1.049645283382350858e+00
6.872272141492054010e-01 2.568918602286089925e-01 1.049705701247314771e+00
6.872272141492054010e-01 2.568918602286089925e-01 1.049705701247314771e+00
6.869501837475291417e-01 2.574340089180554569e-01 1.049637642493055134e+00
6.870867589536399089e-01 2.570295858935441324e-01 1.049789770125348465e+00
6.870867589536399089e-01 2.570295858935441324e-01 1.049789770125348465e+00
6.871504330625789470e-01 2.571581010107876208e-01 1.050075966121878146e+00
6.870838295379023686e-01 2.573883862740736217e-01 1.049805011941352895e+00
6.871109259046082052e-01 2.578351446594451257e-01 1.050160696882517009e+00
6.870508341686279996e-01 2.573477196679242462e-01 1.049904662461317084e+00
6.873026007257065917e-01 2.567020723476485800e-01 1.049781535289783019e+00
6.873026007257065917e-01 2.567020723476485800e-01 1.049781535289783019e+00
6.872212112907783998e-01 2.569090158363136478e-01 1.050201305683360120e+00
6.871314068598239899e-01 2.571837811957025099e-01 1.050054729944377208e+00
6.870059239508244930e-01 2.577276991595945921e-01 1.050015180562482220e+00
6.870059239508244930e-01 2.577276991595945921e-01 1.050015180562482220e+00
6.871527945666872084e-01 2.569582575804039704e-01 1.049711505769309827e+00
6.870761691199276378e-01 2.569292237366569975e-01 1.050450095223284031e+00
6.870761691199276378e-01 2.569292237366569975e-01 1.050450095223284031e+00
6.870516627657969888e-01 2.572096721380076612e-01 1.049674621954897580e+00
6.870516627657969888e-01 2.572096721380076612e-01 1.049674621954897580e+00
6.868032397805876599e-01 2.573418921447198082e-01 1.050652293226716605e+00
6.868032397805876599e-01 2.573418921447198082e-01 1.050652293226716605e+00
6.870857544199425737e-01 2.572119783705446028e-01 1.049572045539309384e+00
6.869636693240589453e-01 2.575216133066883240e-01 1.049998229292578911e+00
6.871660946169537709e-01 2.573479684516564170e-01 1.049917524773507527e+00
6.871660946169537709e-01 2.573479684516564170e-01 1.049917524773507527e+00
6.873178374153043890e-01 2.570941253714501551e-01 1.049287438234131731e+00
6.868866971545694033e-01 2.571218448938648593e-01 1.050624614824171577e+00
6.868866971545694033e-01 2.571218448938648593e-01 1.050624614824171577e+00
6.871295499245339000e-01 2.572486837407446103e-01 1.049436417455337223e+00
6.871542161444913477e-01 2.572905065084450382e-01 1.049820536215418709e+00
6.871926613904734138e-01 2.568278895012821583e-01 1.050008965173871545e+00
6.869392088322966439e-01 2.575795560590203870e-01 1.049802970062838847e+00
6.869392088322966439e-01 2.575795560590203870e-01 1.049802970062838847e+00
6.872001651578953929e-01 2.571064539643819202e-01 1.049869291405570060e+00
6.868115062070163646e-01 2.580414993430572013e-01 1.049733973778554041e+00
6.869173853849505074e-01 2.577637425336766208e-01 1.049818915915174067e+00
6.872202807831050420e-01 2.566817516903777685e-01 1.050157203000484873e+00
6.870918844361585398e-01 2.574575743625431290e-01 1.049905914462558654e+00
6.870918844361585398e-01 2.574575743625431290e-01 1.049905914462558654e+00
6.867282066840690868e-01 2.579491954863991077e-01 1.049882856494291472e+00
6.870097984653329437e-01 2.569522269125937286e-01 1.050009991433460854e+00
6.870097984653329437e-01 2.569522269125937286e-01 1.050009991433460854e+00
6.868932363357490578e-01 2.578535130034458334e-01 1.050190822730824758e+00
6.868932363357490578e-01 2.578535130034458334e-01 1.050190822730824758e+00
6.871059724421121340e-01 2.567509886743978287e-01 1.050061324894215220e+00
6.864547382340057124e-01 2.579201549666851889e-01 1.050382417810491464e+00
6.872243984563456420e-01 2.568652963383852850e-01 1.049676299043208250e+00
6.867181055185626048e-01 2.578174793892965000e-01 1.050635655974035743e+00
6.867181055185626048e-01 2.578174793892965000e-01 1.050635655974035743e+00
6.870854106169863584e-01 2.575974153634530417e-01 1.049624249407605348e+00
6.873034244440968665e-01 2.573641800687972436e-01 1.049283113167904791e+00
6.873034244440968665e-01 2.573641800687972436e-01 1.049283113167904791e+00
6.871238978980471757e-01 2.566495898183867030e-01 1.049586596890963897e+00
6.871157294553134065e-01 2.571237742824159511e-01 1.049611646466489079e+00
6.871077400789122880e-01 2.571178600765058331e-01 1.049984682363635846e+00
6.874375102923192538e-01 2.566655506770673112e-01 1.049374699968281366e+00
6.870455003189339660e-01 2.570825286455142300e-01 1.050413684282006432e+00
6.872353122685046500e-01 2.571604649429707901e-01 1.050177601315137155e+00
6.871723587264911837e-01 2.570056119658472582e-01 1.050573357178660849e+00
6.872025940105680464e-01 2.569619795044139066e-01 1.050188021247074222e+00
6.873697040496259403e-01 2.569213991762585025e-01 1.049507951784304005e+00
6.871700964598712602e-01 2.570505008263149205e-01 1.050073442634404497e+00
6.870759340778874735e-01 2.571958770897580515e-01 1.049444841014442353e+00
6.870947742150355086e-01 2.567522378749532153e-01 1.050492950063405484e+00
6.868692245642608052e-01 2.577537455238116948e-01 1.049883292273770419e+00
6.873221111830157826e-01 2.565500399846226687e-01 1.050250031214971624e+00
6.873221111830157826e-01 2.565500399846226687e-01 1.050250031214971624e+00
6.870820117076011924e-01 2.572627320089718728e-01 1.050200150327284865e+00
6.872948151340033673e-01 2.567674450411539522e-01 1.049691799950758897e+00
6.872948151340033673e-01 2.567674450411539522e-01 1.049691799950758897e+00
6.870537760871860966e-01 2.571882725171449335e-01 1.050260334631530235e+00
6.870995241738776516e-01 2.570041073230829864e-01 1.050324424881554863e+00
6.872273913228934550e-01 2.569916184411913940e-01 1.049894801668099786e+00
6.869907088791309402e-01 2.572357821767884967e-01 1.050274502287878775e+00
6.869907088791309402e-01 2.572357821767884967e-01 1.050274502287878775e+00
6.870746245444864231e-01 2.572578272451515602e-01 1.049548301678079554e+00
6.871158962236685319e-01 2.573066882180461423e-01 1.050022791791125121e+00
6.871362437045644977e-01 2.569066009971165965e-01 1.050061707612254702e+00
6.871362437045644977e-01 2.569066009971165965e-01 1.050061707612254702e+00
6.870279554118327026e-01 2.567117219283976959e-01 1.050314500465645562e+00
6.869641440516230935e-01 2.573703468658168347e-01 1.050138695219694274e+00
6.869220639959073837e-01 2.575426908144777260e-01 1.050085912355975815e+00
6.873966380343820015e-01 2.566356773594949958e-01 1.049784221936371331e+00
6.871670284601905099e-01 2.574093221187174763e-01 1.050104105677825084e+00
6.871421101963320899e-01 2.573746356157380344e-01 1.049799803191834746e+00
6.871421101963320899e-01 2.573746356157380344e-01 1.049799803191834746e+00
6.869892019500190017e-01 2.574131833201628305e-01 1.049505629401492168e+00
6.874528746300393456e-01 2.560687503809697674e-01 1.050212136352270953e+00
6.871053310868416863e-01 2.569157872662398701e-01 1.050276462281542589e+00
6.871053310868416863e-01 2.569157872662398701e-01 1.050276462281542589e+00
6.873532781911160239e-01 2.567829782490134716e-01 1.049313743374742813e+00
6.873274073481560054e-01 2.564929196506587905e-01 1.050117218251433560e+00
6.869472624029658858e-01 2.576487182141749543e-01 1.049903892439169040e+00
6.869472624029658858e-01 2.576487182141749543e-01 1.049903892439169040e+00
6.869841063970993922e-01 2.575334674271205215e-01 1.050082276588863106e+00
6.871972144866737020e-01 2.568359944813125018e-01 1.049901933854535230e+00
6.874514676701267701e-01 2.568467299687844929e-01 1.048811351294514971e+00
6.869406280283948396e-01 2.575730722111993498e-01 1.050313609490307609e+00
6.869406280283948396e-01 2.575730722111993498e-01 1.050313609490307609e+00
6.872905833161830902e-01 2.567504605750778879e-01 1.049013276765617064e+00
6.872905833161830902e-01 2.567504605750778879e-01 1.049013276765617064e+00
6.872835855966986651e-01 2.569572864940340429e-01 1.049394151865323366e+00
6.872835855966986651e-01 2.569572864940340429e-01 1.049394151865323366e+00
6.869356227182807917e-01 2.572448773670467648e-01 1.050432114666198569e+00
6.871861204460124606e-01 2.574407078485977385e-01 1.049306585559539151e+00
6.871861204460124606e-01 2.574407078485977385e-01 1.049306585559539151e+00
6.872495499942952168e-01 2.569711925027735044e-01 1.049494497081947753e+00
6.872495499942952168e-01 2.569711925027735044e-01 1.049494497081947753e+00
6.871237353704411355e-01 2.568196886921563782e-01 1.050352749641899841e+00
6.871237353704411355e-01 2.568196886921563782e-01 1.050352749641899841e+00
6.867885118725978177e-01 2.579586659941862647e-01 1.050030697041848260e+00
6.867885118725978177e-01 2.579586659941862647e-01 1.050030697041848260e+00
6.872059111964102796e-01 2.572618442353351575e-01 1.049774687385656602e+00
6.871662979248807090e-01 2.572775584684726113e-01 1.049340324312791228e+00
6.870675848098860561e-01 2.575285441118812524e-01 1.049355583101853728e+00
6.871014251379178317e-01 2.574571441757402823e-01 1.050089290470889170e+00
6.870220100362414151e-01 2.572851869402346670e-01 1.050603930819944187e+00
6.871221969037845101e-01 2.568261544588067435e-01 1.049819381884522951e+00
6.871221969037845101e-01 2.568261544588067435e-01 1.049819381884522951e+00
6.869828039902371453e-01 2.574007557385145084e-01 1.050366339516398906e+00
6.869828039902371453e-01 2.574007557385145084e-01 1.050366339516398906e+00
6.872585163160527255e-01 2.565656918565957234e-01 1.049720419159710705e+00
6.872585163160527255e-01 2.565656918565957234e-01 1.049720419159710705e+00
6.870646187426558971e-01 2.574887457877565455e-01 1.049674010996470397e+00
6.873218524104129923e-01 2.567253970522643258e-01 1.049898586416776691e+00
6.873218524104129923e-01 2.567253970522643258e-01 1.049898586416776691e+00
6.872519462486128550e-01 2.568752064399026369e-01 1.050197481217245654e+00
6.871972144866737020e-01 2.568359944813125018e-01 1.049917192643597730e+00
6.871972144866737020e-01 2.568359944813125018e-01 1.049917192643597730e+00
6.872125100170733969e-01 2.570491438915142868e-01 1.049844705924749100e+00
6.872007465780828328e-01 2.572703054273084433e-01 1.049484779370468468e+00
6.872007465780828328e-01 2.572703054273084433e-01 1.049484779370468468e+00
6.870706901511820508e-01 2.574110386040710519e-01 1.049628553384604590e+00
6.870706901511820508e-01 2.574110386040710519e-01 1.049628553384604590e+00
6.871291545801663236e-01 2.574187237291866714e-01 1.050164842913450247e+00
6.871291545801663236e-01 2.574187237291866714e-01 1.050164842913450247e+00
6.870983625181216192e-01 2.570156505386111956e-01 1.050357311984924324e+00
6.867733664206521205e-01 2.573306648083441561e-01 1.050393075925025510e+00
6.867733664206521205e-01 2.573306648083441561e-01 1.050393075925025510e+00
6.872705068255220429e-01 2.566231628918083651e-01 1.049809677568657174e+00
6.870590803316211082e-01 2.568292032984283990e-01 1.050319800027169626e+00
6.870853364204897451e-01 2.572822751343926684e-01 1.050126500384874761e+00
6.870853364204897451e-01 2.572822751343926684e-01 1.050126500384874761e+00
6.872980391533280997e-01 2.568421748430179674e-01 1.050247732735233974e+00
