6.869023148065462880e-01 2.575505697571159880e-01 1.049876169883705801e+00
6.874764288143704327e-01 2.562514714167030139e-01 1.050081862250543008e+00
6.868910619080313973e-01 2.579668068641980394e-01 1.049965418448633780e+00
6.871364271495609133e-01 2.569334236968263685e-01 1.050054473834546531e+00
6.871771840029284872e-01 2.567725857845181703e-01 1.050132572286546218e+00
6.870827850033079942e-01 2.573269891452733549e-01 1.049618730060615679e+00
6.867183918247190544e-01 2.578986617461164199e-01 1.049933422983809761e+00
6.872068142582996586e-01 2.572947515396366569e-01 1.049293585509833759e+00
6.872068142582996586e-01 2.572947515396366569e-01 1.049293585509833759e+00
6.872857235579867830e-01 2.566921469796047961e-01 1.050041950827585335e+00
6.871231213871971111e-01 2.566437207735077219e-01 1.050022022330886484e+00
6.871231213871971111e-01 2.566437207735077219e-01 1.050022022330886484e+00
6.869737859915138189e-01 2.573699297042121859e-01 1.050291181708645327e+00
6.869737859915138189e-01 2.573699297042121859e-01 1.050291181708645327e+00
6.871175479894826577e-01 2.574325611782249945e-01 1.049635241346111858e+00
6.871369945767635823e-01 2.567241151348092498e-01 1.050264117948968456e+00
6.869848465518159086e-01 2.572244855466431224e-01 1.050140963975714881e+00
6.869848465518159086e-01 2.572244855466431224e-01 1.050140963975714881e+00
6.868408776007207672e-01 2.573009341014708129e-01 1.049986940393156765e+00
6.868408776007207672e-01 2.573009341014708129e-01 1.049986940393156765e+00
6.868387621074563132e-01 2.575216978653294131e-01 1.049802308082975477e+00
6.870157923718962500e-01 2.571975461624815829e-01 1.050343985385843393e+00
6.872438086926833112e-01 2.571796927662826082e-01 1.049463957566978634e+00
6.872434832541408634e-01 2.569172722293473488e-01 1.051066998232045968e+00
6.872434832541408634e-01 2.569172722293473488e-01 1.051066998232045968e+00
6.870572815127937716e-01 2.571496130108311684e-01 1.050271219908508691e+00
6.873474481215374743e-01 2.569417317198667283e-01 1.049923688101239927e+00
6.873474481215374743e-01 2.569417317198667283e-01 1.049923688101239927e+00
6.871011451109779733e-01 2.572860503164841051e-01 1.050340070639848467e+00
6.871136210256304500e-01 2.569267891319555464e-01 1.050492383837976273e+00
6.869349171232091988e-01 2.578324690675180553e-01 1.050080366237654328e+00
6.873424678203805538e-01 2.570362109519824245e-01 1.049505456195659159e+00
6.873424678203805538e-01 2.570362109519824245e-01 1.049505456195659159e+00
6.872271869114485732e-01 2.570360148168624459e-01 1.049446888232447916e+00
6.874416371894608302e-01 2.571686423936243582e-01 1.049262195022330424e+00
6.871915889373949593e-01 2.567220877917050781e-01 1.050301020803678043e+00
6.872445523649725052e-01 2.568893049392610983e-01 1.050406931373416342e+00
6.869899431081396557e-01 2.577158888844372497e-01 1.049957789054102530e+00
6.870010826426337092e-01 2.573993341263378087e-01 1.050073181169810077e+00
6.870010826426337092e-01 2.573993341263378087e-01 1.050073181169810077e+00
6.871962107119563568e-01 2.570736731833223043e-01 1.050314011845456141e+00
6.872515178328717500e-01 2.568945073647497246e-01 1.049420193416667146e+00
6.870824449508086129e-01 2.570118394092896219e-01 1.050166723022061266e+00
6.874616340802475190e-01 2.563090339020680508e-01 1.050054579006518551e+00
6.874616340802475190e-01 2.563090339020680508e-01 1.050054579006518551e+00
6.867921949898672107e-01 2.576762294188933988e-01 1.050118850831113004e+00
6.868532579146870987e-01 2.578495644997018665e-01 1.049912291855848334e+00
6.870635776777677117e-01 2.576818848611924784e-01 1.049458599869124154e+00
6.870635776777677117e-01 2.576818848611924784e-01 1.049458599869124154e+00
6.870693628447512857e-01 2.569481451672291916e-01 1.050505350484139733e+00
6.871968052115683401e-01 2.570869603221833666e-01 1.049958481665016929e+00
6.872375691489889249e-01 2.573122256613777359e-01 1.049079150234558222e+00
6.872556719813721626e-01 2.566807140429758771e-01 1.049812867755716805e+00
6.872556719813721626e-01 2.566807140429758771e-01 1.049812867755716805e+00
6.872398260231883382e-01 2.568397606280896639e-01 1.050239855776023301e+00
6.872398260231883382e-01 2.568397606280896639e-01 1.050239855776023301e+00
6.872795037188387246e-01 2.566094771764858007e-01 1.050348188780078740e+00
6.870827850033079942e-01 2.573269891452733549e-01 1.049649247638740679e+00
6.870827850033079942e-01 2.573269891452733549e-01 1.049649247638740679e+00
6.869846040079593541e-01 2.571798415709382057e-01 1.050565968946707951e+00
6.872937286185214489e-01 2.571911633728223845e-01 1.049747059207262190e+00
6.867529386286805870e-01 2.580673750543646117e-01 1.050378257473823851e+00
6.867529386286805870e-01 2.580673750543646117e-01 1.050378257473823851e+00
6.871905332245665798e-01 2.571068746624870505e-01 1.049716756772602011e+00
6.873182184600237221e-01 2.566035451855417926e-01 1.050171724334136636e+00
6.873182184600237221e-01 2.566035451855417926e-01 1.050171724334136636e+00
6.867549679210944724e-01 2.571994371655871858e-01 1.052360420378930073e+00
6.867301327983503789e-01 2.563040841699291694e-01 1.053961045098486871e+00
6.863927952538904087e-01 2.565110331885749329e-01 1.056175361797910828e+00
6.863927952538904087e-01 2.565110331885749329e-01 1.056175361797910828e+00
6.858955266064103995e-01 2.565433629102308877e-01 1.058984521375215815e+00
6.858955266064103995e-01 2.565433629102308877e-01 1.058984521375215815e+00
6.847405856297252846e-01 2.554757813508370945e-01 1.066704082534297715e+00
6.847405856297252846e-01 2.554757813508370945e-01 1.066704082534297715e+00
6.831720512821255475e-01 2.548420070025488315e-01 1.075651024475086537e+00
6.821132587676707049e-01 2.538729641804418624e-01 1.081814910639329774e+00
6.806329835703914810e-01 2.539669511987732720e-01 1.087847317181467544e+00
6.789830634065495696e-01 2.535086315176405258e-01 1.095076096982318115e+00
6.780047385156430240e-01 2.526998182367485302e-01 1.100214617586027455e+00
6.769055480666732461e-01 2.505932943023085335e-01 1.106882340366304618e+00
6.755740761799177152e-01 2.502161267507251874e-01 1.111845950201940658e+00
6.736478050165549680e-01 2.500126810717205883e-01 1.118736983430934417e+00
6.704234312393703155e-01 2.482739762731287492e-01 1.131414477095750160e+00
6.704234312393703155e-01 2.482739762731287492e-01 1.131414477095750160e+00
6.692125024883032181e-01 2.458290699592031170e-01 1.140374681041391725e+00
6.692125024883032181e-01 2.458290699592031170e-01 1.140374681041391725e+00
6.672734684189621790e-01 2.458493058751745619e-01 1.148344318644215933e+00
6.667528602541979987e-01 2.446776179920536753e-01 1.154444486112103485e+00
6.658000080699194578e-01 2.446455590941809533e-01 1.159051041165904739e+00
6.658000080699194578e-01 2.446455590941809533e-01 1.159051041165904739e+00
6.658320363596162972e-01 2.428438778850763313e-01 1.164875321267793140e+00
6.658320363596162972e-01 2.428438778850763313e-01 1.164875321267793140e+00
6.653020267454534675e-01 2.419870279120908685e-01 1.173367229258522437e+00
6.653020267454534675e-01 2.419870279120908685e-01 1.173367229258522437e+00
6.651819976066031259e-01 2.404211957038002168e-01 1.185340578570796666e+00
6.651819976066031259e-01 2.404211957038002168e-01 1.185340578570796666e+00
6.662127996800231156e-01 2.382988909239803499e-01 1.195796448572820303e+00
6.664948258524655555e-01 2.381587604653115919e-01 1.199344870149368747e+00
6.664948258524655555e-01 2.381587604653115919e-01 1.199344870149368747e+00
6.670861835298882436e-01 2.370013358767061873e-01 1.204430955827393790e+00
6.682490074587252860e-01 2.361889846601802900e-01 1.208305598547283477e+00
6.682490074587252860e-01 2.361889846601802900e-01 1.208305598547283477e+00
6.694807687009173280e-01 2.359687980444175048e-01 1.212225102255558795e+00
6.699691818190951498e-01 2.360383192195422142e-01 1.214895616121341337e+00
6.720977588425314231e-01 2.347199639290025175e-01 1.218242237294371089e+00
6.720977588425314231e-01 2.347199639290025175e-01 1.218242237294371089e+00
6.733978691874192846e-01 2.344287794391327340e-01 1.221969064622593804e+00
6.745235940110502204e-01 2.344937389794280458e-01 1.223941426125166432e+00
6.756679907240248362e-01 2.338972902630532258e-01 1.226214145799027211e+00
6.775986105353258848e-01 2.332917390045099459e-01 1.228870292638638118e+00
6.789093711187654812e-01 2.330207951161423763e-01 1.231189768944779717e+00
6.789093711187654812e-01 2.330207951161423763e-01 1.231189768944779717e+00
6.808780639450291439e-01 2.323444277801265390e-01 1.233208417319304973e+00
6.821580772708309981e-01 2.330417379331439220e-01 1.234631076780734915e+00
6.821580772708309981e-01 2.330417379331439220e-01 1.234631076780734915e+00
6.837389369854361965e-01 2.326807256173143434e-01 1.235686346776447397e+00
6.837389369854361965e-01 2.326807256173143434e-01 1.235686346776447397e+00
6.877390684437680868e-01 2.312799234946252835e-01 1.240269037175014688e+00
6.877390684437680868e-01 2.312799234946252835e-01 1.240269037175014688e+00
6.914918780822236766e-01 2.306599490381757434e-01 1.243124027075270144e+00
6.914918780822236766e-01 2.306599490381757434e-01 1.243124027075270144e+00
6.948007271901024406e-01 2.295629286386803303e-01 1.245608990792950177e+00
6.985761175392845024e-01 2.292862624934131899e-01 1.247818112604080820e+00
7.000551255943873175e-01 2.293734474882497820e-01 1.248205429802729860e+00
7.000551255943873175e-01 2.293734474882497820e-01 1.248205429802729860e+00
7.027054176632743232e-01 2.282601059252642728e-01 1.248762813330035915e+00
7.037966279874207087e-01 2.293422893216278957e-01 1.249742351888585068e+00
7.059214046083664984e-01 2.276563278899678411e-01 1.251416691103227841e+00
7.073369413762167213e-01 2.280987189218272038e-01 1.251607261152430262e+00
7.073369413762167213e-01 2.280987189218272038e-01 1.251607261152430262e+00
7.096168858496043619e-01 2.271055720721853743e-01 1.252861590848130202e+00
7.096168858496043619e-01 2.271055720721853743e-01 1.252861590848130202e+00
7.120091018478958977e-01 2.272929424423476286e-01 1.254269352835533091e+00
7.159414406852586676e-01 2.255413213667906980e-01 1.256479164778943503e+00
7.159414406852586676e-01 2.255413213667906980e-01 1.256479164778943503e+00
7.186231838270042971e-01 2.253264219865405704e-01 1.258366186473330428e+00
7.186231838270042971e-01 2.253264219865405704e-01 1.258366186473330428e+00
7.221109874459618050e-01 2.237079547669335311e-01 1.261200325283105883e+00
7.221109874459618050e-01 2.237079547669335311e-01 1.261200325283105883e+00
7.237385215476366263e-01 2.240799837428684715e-01 1.262135561506576797e+00
7.248238268792721595e-01 2.233138110222238626e-01 1.263358284790484953e+00
7.265836191483886486e-01 2.220722385017929179e-01 1.264212884181109997e+00
7.293658208893413208e-01 2.217185254940852446e-01 1.265995998494282793e+00
7.293658208893413208e-01 2.217185254940852446e-01 1.265995998494282793e+00
7.326405491946194060e-01 2.203044752141975482e-01 1.267459563295218583e+00
7.332531144621278196e-01 2.206534156959788495e-01 1.268867617931107139e+00
7.340843729264034945e-01 2.200841823240072825e-01 1.269722692357028393e+00
7.357838798631921584e-01 2.191392468914896974e-01 1.270267200595162738e+00
7.357838798631921584e-01 2.191392468914896974e-01 1.270267200595162738e+00
7.370887356596564910e-01 2.182323896559956455e-01 1.271628206814052309e+00
7.378213470660746065e-01 2.178277285175376776e-01 1.272479578132705402e+00
7.388606997423828870e-01 2.173433217343972990e-01 1.273183238205305656e+00
7.402370424486653944e-01 2.165375397936704638e-01 1.274407154896291194e+00
7.402370424486653944e-01 2.165375397936704638e-01 1.274407154896291194e+00
7.413711559101134885e-01 2.165487367946048736e-01 1.275812857518356491e+00
7.431005757343106533e-01 2.154856211454214965e-01 1.276717501667770094e+00
7.446412516245745072e-01 2.140839718060240926e-01 1.278348824353583657e+00
7.458949515758307447e-01 2.135180842508672960e-01 1.279896229266537233e+00
7.472492086580486692e-01 2.125078574622647765e-01 1.280168792505602227e+00
7.479275166899290728e-01 2.130540185617981197e-01 1.280830238727119541e+00
7.492923855405126954e-01 2.112570324605844985e-01 1.282421434118468540e+00
7.508158793289041455e-01 2.100828448305952223e-01 1.284281882684233489e+00
7.508158793289041455e-01 2.100828448305952223e-01 1.284281882684233489e+00
7.518078664430202229e-01 2.090957159469590543e-01 1.286177004301873206e+00
7.531946243785041517e-01 2.079502770483487029e-01 1.286202426727233616e+00
7.531946243785041517e-01 2.079502770483487029e-01 1.286202426727233616e+00
7.537771313320700273e-01 2.080203223034015614e-01 1.288172018817901776e+00
7.553086245451913205e-01 2.071407888596923930e-01 1.290243641086487703e+00
7.553086245451913205e-01 2.071407888596923930e-01 1.290243641086487703e+00
7.566010383702269637e-01 2.059669469433569322e-01 1.291338772597804940e+00
7.573683436750715536e-01 2.060725670540144994e-01 1.291918890960054078e+00
7.581558641564619672e-01 2.049535000281197394e-01 1.292100022496255995e+00
7.583453426871046288e-01 2.040252283801858857e-01 1.293225652863003061e+00
7.588537533871488883e-01 2.037560488865681751e-01 1.293549918853367231e+00
7.588537533871488883e-01 2.037560488865681751e-01 1.293549918853367231e+00
7.592138227129998640e-01 2.044182352320904061e-01 1.294362182123139471e+00
7.592138227129998640e-01 2.044182352320904061e-01 1.294362182123139471e+00
7.596890240513460846e-01 2.026700493608763476e-01 1.294763028713121544e+00
7.596439937995508318e-01 2.036109148079401077e-01 1.295000744489610778e+00
7.599029095608410556e-01 2.034131063551151419e-01 1.294802680204047540e+00
7.603602308864163550e-01 2.028311362019929731e-01 1.295105926901493509e+00
7.601968008242511177e-01 2.035620928209269098e-01 1.295136598315895782e+00
7.601968008242511177e-01 2.035620928209269098e-01 1.295136598315895782e+00
7.609846419033389209e-01 2.024229900847314967e-01 1.294272200818619822e+00
7.613658334780724068e-01 2.034547347441698906e-01 1.293148162439612170e+00
7.624151232139251277e-01 2.040289262939298520e-01 1.290853555081798332e+00
7.632220384730228346e-01 2.046285114761088875e-01 1.288837804172762613e+00
7.632220384730228346e-01 2.046285114761088875e-01 1.288837804172762613e+00
7.642179242890692059e-01 2.059063575122367373e-01 1.286787455710124872e+00
7.660950075656490776e-01 2.058770187061034762e-01 1.282594668986016595e+00
7.685525446088908863e-01 2.067772105793559967e-01 1.277733259354459250e+00
7.698136077094059893e-01 2.080759303837207974e-01 1.274609743162494979e+00
7.698136077094059893e-01 2.080759303837207974e-01 1.274609743162494979e+00
7.724953300068383433e-01 2.095198920047448010e-01 1.268624540863228400e+00
7.742960697649382551e-01 2.100330307278862052e-01 1.264595036011213480e+00
7.766325767863115903e-01 2.123549905284471961e-01 1.258826864993298100e+00
7.766325767863115903e-01 2.123549905284471961e-01 1.258826864993298100e+00
7.796914045628929868e-01 2.134312064314558000e-01 1.251064381395566638e+00
7.811049589204401844e-01 2.149824304811475129e-01 1.247027736140540632e+00
7.811049589204401844e-01 2.149824304811475129e-01 1.247027736140540632e+00
7.840078053127897961e-01 2.159975033057854876e-01 1.240347941012727384e+00
7.893478908066496880e-01 2.200763169071659475e-01 1.225389102929659302e+00
7.893478908066496880e-01 2.200763169071659475e-01 1.225389102929659302e+00
7.910090266922585878e-01 2.205576133036227515e-01 1.220694690455051745e+00
7.935047576363429833e-01 2.215125935707858151e-01 1.213895745456195829e+00
7.948155926094538914e-01 2.227082789885183600e-01 1.209800325276534583e+00
7.963815541517432761e-01 2.231205652545464602e-01 1.205289253951282724e+00
7.963815541517432761e-01 2.231205652545464602e-01 1.205289253951282724e+00
7.975494023661822141e-01 2.242570696167866251e-01 1.201388617624300270e+00
8.011697233495269632e-01 2.250647013222019654e-01 1.191399767407847587e+00
8.011697233495269632e-01 2.250647013222019654e-01 1.191399767407847587e+00
8.037885127975474830e-01 2.266955658274381613e-01 1.181630860146853923e+00
8.037885127975474830e-01 2.266955658274381613e-01 1.181630860146853923e+00
8.059408262282317104e-01 2.284615072859546570e-01 1.173897269590645998e+00
8.072801713517614441e-01 2.292152038190036212e-01 1.169334413616264667e+00
8.080468907753456387e-01 2.298542624002755386e-01 1.166677536369738144e+00
8.094052527117593376e-01 2.292750031774654917e-01 1.162773454869556078e+00
8.094052527117593376e-01 2.292750031774654917e-01 1.162773454869556078e+00
8.099632914504322212e-01 2.316269274650953336e-01 1.158651881925829574e+00
8.113679658251773397e-01 2.308793684987273942e-01 1.154347513847637341e+00
8.117875023459628636e-01 2.312000401396129279e-01 1.152825952481946636e+00
8.123756331392001373e-01 2.309026220354334080e-01 1.150908785370571952e+00
8.123756331392001373e-01 2.309026220354334080e-01 1.150908785370571952e+00
8.141117929895509420e-01 2.295858392079909160e-01 1.146714321630757816e+00
8.141117929895509420e-01 2.295858392079909160e-01 1.146714321630757816e+00
8.169278715404932889e-01 2.253254685634733800e-01 1.141188598484609962e+00
8.169278715404932889e-01 2.253254685634733800e-01 1.141188598484609962e+00
8.191627788070378058e-01 2.208878922846568560e-01 1.137461747322821681e+00
8.191627788070378058e-01 2.208878922846568560e-01 1.137461747322821681e+00
8.220003402301057083e-01 2.150317217509435663e-01 1.132201871362490619e+00
8.220003402301057083e-01 2.150317217509435663e-01 1.132201871362490619e+00
8.253272522529759847e-01 2.072283981467177294e-01 1.127964429558200088e+00
8.271272836891385705e-01 2.025645997015058930e-01 1.125528635013403500e+00
8.283399921804847077e-01 1.984794127022245225e-01 1.124777804619371047e+00
8.303555328430203275e-01 1.931712026081672251e-01 1.121767136203393189e+00
8.312001464048270893e-01 1.904979612758725127e-01 1.121231229997925460e+00
8.318458930217370595e-01 1.892767279321829199e-01 1.119899991718761978e+00
8.318458930217370595e-01 1.892767279321829199e-01 1.119899991718761978e+00
8.333429189552591376e-01 1.842999287401371755e-01 1.118881389077961863e+00
8.337932121619962000e-01 1.828181826640756236e-01 1.117862670912620038e+00
8.345203233277243005e-01 1.807200367898570137e-01 1.117116637591387462e+00
8.357950908875306784e-01 1.769206979704079363e-01 1.115534118999526481e+00
8.358625071635947812e-01 1.763533382907420954e-01 1.114699500769021689e+00
8.358625071635947812e-01 1.763533382907420954e-01 1.114699500769021689e+00
8.371012404845908916e-01 1.736794763385166307e-01 1.113065429008388563e+00
8.376303286442683405e-01 1.713059545056433153e-01 1.111873939719355331e+00
8.386008393060769839e-01 1.692727687765196998e-01 1.110033243572237094e+00
8.393123946304198446e-01 1.675719918820266219e-01 1.109130529890987926e+00
8.396192258709274103e-01 1.667183433764909406e-01 1.109051811910268581e+00
8.396192258709274103e-01 1.667183433764909406e-01 1.109051811910268581e+00
8.403802183453833452e-01 1.658384593628060566e-01 1.107131833271463250e+00
8.410957645249829140e-01 1.651860413183688092e-01 1.106584249169081602e+00
8.409475721882913035e-01 1.660160333263404897e-01 1.107016996661698505e+00
8.418198559759615396e-01 1.657372433162161707e-01 1.106416583258674535e+00
8.418198559759615396e-01 1.657372433162161707e-01 1.106416583258674535e+00
8.425392313968700364e-01 1.666047239947582304e-01 1.104121962787785405e+00
8.434326316550013747e-01 1.660491755936173153e-01 1.103509097572073605e+00
8.434326316550013747e-01 1.660491755936173153e-01 1.103509097572073605e+00
8.439205788104793271e-01 1.675877871600613411e-01 1.102634234208613284e+00
8.446746853714457437e-01 1.679806395772102112e-01 1.101182947169653481e+00
8.453418984756742027e-01 1.692268322688682547e-01 1.098991000779190763e+00
8.454729157116022131e-01 1.703011159486982340e-01 1.098199925767025409e+00
8.458348472009744601e-01 1.709516009354159760e-01 1.097009757580058364e+00
8.462777647832858685e-01 1.725490310341176725e-01 1.094866350153632428e+00
8.469170972166084610e-01 1.740492086190690013e-01 1.092682016961654901e+00
8.469170972166084610e-01 1.740492086190690013e-01 1.092682016961654901e+00
8.478389947151994122e-01 1.742088683154190687e-01 1.089969087554477412e+00
8.484802939620632589e-01 1.749781279844887794e-01 1.086002197641278810e+00
8.491702825761725526e-01 1.755586444591815121e-01 1.083207722102126125e+00
8.491702825761725526e-01 1.755586444591815121e-01 1.083207722102126125e+00
8.497743857288663216e-01 1.763316462331855072e-01 1.079681829398394077e+00
8.497743857288663216e-01 1.763316462331855072e-01 1.079681829398394077e+00
8.511209268373260972e-01 1.776007822635881361e-01 1.072607569932202853e+00
8.511209268373260972e-01 1.776007822635881361e-01 1.072607569932202853e+00
8.524035877577730291e-01 1.788824357742561655e-01 1.063558344150861590e+00
8.528547621166641113e-01 1.795638884827625570e-01 1.060181302434108463e+00
8.528547621166641113e-01 1.795638884827625570e-01 1.060181302434108463e+00
8.534762574416053793e-01 1.793868474438820582e-01 1.056704095189816783e+00
8.534762574416053793e-01 1.793868474438820582e-01 1.056704095189816783e+00
8.540279405076051100e-01 1.807788600086336073e-01 1.051421575643425532e+00
8.540279405076051100e-01 1.807788600086336073e-01 1.051421575643425532e+00
8.551281841499254188e-01 1.808457253943906717e-01 1.044068090665576154e+00
8.551281841499254188e-01 1.808457253943906717e-01 1.044068090665576154e+00
8.557623484959498983e-01 1.829577337855587127e-01 1.036176547835978567e+00
8.557623484959498983e-01 1.829577337855587127e-01 1.036176547835978567e+00
8.564817906677744119e-01 1.825501256985478937e-01 1.031724025784864551e+00
8.565614185045391515e-01 1.829716363270815493e-01 1.030721956608196876e+00
8.569558911513243116e-01 1.830140957488398668e-01 1.027682407131171427e+00
8.572098818413438348e-01 1.824372670081993442e-01 1.024708681167700641e+00
8.573647905053257690e-01 1.828410465071271807e-01 1.022899584828180330e+00
8.575212834406753526e-01 1.837684330426292423e-01 1.020193812967602254e+00
8.575212834406753526e-01 1.837684330426292423e-01 1.020193812967602254e+00
8.578111179403526965e-01 1.834286158003174405e-01 1.016697846066794364e+00
8.582425310148087405e-01 1.828963810117529842e-01 1.012640591379127208e+00
8.582425310148087405e-01 1.828963810117529842e-01 1.012640591379127208e+00
8.585379383726423619e-01 1.834326296470842055e-01 1.008621384961597922e+00
8.586426715079544802e-01 1.838301778171903544e-01 1.006303241629513900e+00
8.586466720273674413e-01 1.840016171689660140e-01 1.004852931072025557e+00
8.586669807974512958e-01 1.846735908782147217e-01 1.001185136073079462e+00
8.586669807974512958e-01 1.846735908782147217e-01 1.001185136073079462e+00
8.582312499349784574e-01 1.849940797378265001e-01 9.989003318084332950e-01
8.578218377462237809e-01 1.850911939975022069e-01 9.961531657365279013e-01
8.573577959016323025e-01 1.854654060910681523e-01 9.926485070917014930e-01
8.563660155307349919e-01 1.870868821104021695e-01 9.894354188834821873e-01
8.563660155307349919e-01 1.870868821104021695e-01 9.894354188834821873e-01
8.557462329621192687e-01 1.870005743455358804e-01 9.873532739418098281e-01
8.549196304337381980e-01 1.873039051137204702e-01 9.847100730001503432e-01
8.544658580327474384e-01 1.874460049085296121e-01 9.838135881139467021e-01
8.544658580327474384e-01 1.874460049085296121e-01 9.838135881139467021e-01
8.539268574564780057e-01 1.875803652274663502e-01 9.826279433512801198e-01
8.537331403340521208e-01 1.886591817866983822e-01 9.818602072692628191e-01
8.533670172535101628e-01 1.884815509499418174e-01 9.800101509092398189e-01
8.531574669495611829e-01 1.885766326087831568e-01 9.798622307885431759e-01
8.531574669495611829e-01 1.885766326087831568e-01 9.798622307885431759e-01
8.532671702095465660e-01 1.885118272653733551e-01 9.794703804331932329e-01
8.530367567762205949e-01 1.896685006487422720e-01 9.797922832881891253e-01
8.532534093669168485e-01 1.883761161077332769e-01 9.792659912513921316e-01
8.534130000024904295e-01 1.876500113826859162e-01 9.777562029117340403e-01
8.531974276456567585e-01 1.887111869825716659e-01 9.764618884638615048e-01
8.531974276456567585e-01 1.887111869825716659e-01 9.764618884638615048e-01
8.533798807532884112e-01 1.884198735523963386e-01 9.763239233041897114e-01
8.533365107980225295e-01 1.886741214941670408e-01 9.756413317469805335e-01
8.533174244319835511e-01 1.888027248484037413e-01 9.763784315761000476e-01
8.532517458978416958e-01 1.891204277394630540e-01 9.760982185805389122e-01
8.532517458978416958e-01 1.891204277394630540e-01 9.760982185805389122e-01
8.533872222595806356e-01 1.886099863109783614e-01 9.764498722028587263e-01
8.534421521095488794e-01 1.880369558686663389e-01 9.762618383041673509e-01
8.533364976528017287e-01 1.883386322887216080e-01 9.762747725373357444e-01
8.533364976528017287e-01 1.883386322887216080e-01 9.762747725373357444e-01
8.534214808768343374e-01 1.882982601950593249e-01 9.764522867027236597e-01
8.534198599221561876e-01 1.876627578239200567e-01 9.761909104561269368e-01
8.533809827254325020e-01 1.885185000885954421e-01 9.760236621647070399e-01
8.534434879170678112e-01 1.885414537099613930e-01 9.766041444996037546e-01
8.532641657008892544e-01 1.890277674504110828e-01 9.758765726436482435e-01
8.534695531077741704e-01 1.884523487072659875e-01 9.767295973023623068e-01
8.534695531077741704e-01 1.884523487072659875e-01 9.767295973023623068e-01
8.533618741784837480e-01 1.885355035268948820e-01 9.761879292493813587e-01
8.533618741784837480e-01 1.885355035268948820e-01 9.761879292493813587e-01
8.532659733471079644e-01 1.883883757803821446e-01 9.757850805825087903e-01
8.532659733471079644e-01 1.883883757803821446e-01 9.757850805825087903e-01
8.533661974239193926e-01 1.884310902321079395e-01 9.759182272216595511e-01
8.533661974239193926e-01 1.884310902321079395e-01 9.759182272216595511e-01
8.533961861916433689e-01 1.886709407347903489e-01 9.760991433172943044e-01
8.533961861916433689e-01 1.886709407347903489e-01 9.760991433172943044e-01
8.534135793345422050e-01 1.879847983766370079e-01 9.759604029436634853e-01
8.534135793345422050e-01 1.879847983766370079e-01 9.759604029436634853e-01
8.535098187266879632e-01 1.881504253919756009e-01 9.761122840961315994e-01
8.533766063279654146e-01 1.883886428608687880e-01 9.760996739943978984e-01
8.533422081056859509e-01 1.886512422055396931e-01 9.759989294223929690e-01
8.534974406623898613e-01 1.881703809969306473e-01 9.760422364228489300e-01
8.539215730205304000e-01 1.855819089125382848e-01 9.765343857360448965e-01
8.539215730205304000e-01 1.855819089125382848e-01 9.765343857360448965e-01
8.549655981048583930e-01 1.817973404092195489e-01 9.764536347237964264e-01
8.553430452909485115e-01 1.794634169287749603e-01 9.766564941247641851e-01
8.556804574331787760e-01 1.783191388043863790e-01 9.771451624969439420e-01
8.556804574331787760e-01 1.783191388043863790e-01 9.771451624969439420e-01
8.564856434570193855e-01 1.741240395768813287e-01 9.764725051262881372e-01
8.564856434570193855e-01 1.741240395768813287e-01 9.764725051262881372e-01
8.574795277622284662e-01 1.688524910699007453e-01 9.763985067785757588e-01
8.587363020709396499e-01 1.634733165911186892e-01 9.762481925693916596e-01
8.587363020709396499e-01 1.634733165911186892e-01 9.762481925693916596e-01
8.589524763339296820e-01 1.611193143404523187e-01 9.758362056228115922e-01
8.593682185105809834e-01 1.599541467051645849e-01 9.760655351901021959e-01
8.599336164549403749e-01 1.575962310164309155e-01 9.765144481333454252e-01
8.602007443985387747e-01 1.561981680852486398e-01 9.763333273319435568e-01
8.602007443985387747e-01 1.561981680852486398e-01 9.763333273319435568e-01
8.602778748253007146e-01 1.556839060046241452e-01 9.772367606193758105e-01
8.604707504198746415e-01 1.547372372587406675e-01 9.766998590119061463e-01
8.604707504198746415e-01 1.547372372587406675e-01 9.766998590119061463e-01
8.607298847059728919e-01 1.532369268318163613e-01 9.761506781134536848e-01
8.604886324336613601e-01 1.541514551204341832e-01 9.765279526673289467e-01
8.605510587954847690e-01 1.535382231590190771e-01 9.762760119361016953e-01
8.604934820390530703e-01 1.537855494258653921e-01 9.761396476004770006e-01
8.606952237198997047e-01 1.527296729384237661e-01 9.757637846767648337e-01
8.607245361247727322e-01 1.531383592405275995e-01 9.764505912180388991e-01
8.607245361247727322e-01 1.531383592405275995e-01 9.764505912180388991e-01
8.606133088075782478e-01 1.537031812119555862e-01 9.762046963176431724e-01
8.605842938697095823e-01 1.531103964989950772e-01 9.755539725951838381e-01
8.605842938697095823e-01 1.531103964989950772e-01 9.755539725951838381e-01
8.605622175806119101e-01 1.537017472242447336e-01 9.763180273750440286e-01
8.604802501737847109e-01 1.536449784704208010e-01 9.760505272834081314e-01
8.604802501737847109e-01 1.536449784704208010e-01 9.760505272834081314e-01
8.606603845697443633e-01 1.534944089838351233e-01 9.760048232695089920e-01
8.606716447920846891e-01 1.534167450419748890e-01 9.765003811835015757e-01
8.606124236867780386e-01 1.535838612802683245e-01 9.759320747505233484e-01
8.605204152739338586e-01 1.534281662461531304e-01 9.756866410893909602e-01
8.606718364667502730e-01 1.525995139160177538e-01 9.764941986254512818e-01
8.606718364667502730e-01 1.525995139160177538e-01 9.764941986254512818e-01
8.604148161186840893e-01 1.534876935047803370e-01 9.761861931712719764e-01
8.607079423356047698e-01 1.528027643214168729e-01 9.763242236238942606e-01
8.607012999519421115e-01 1.531397091462189386e-01 9.759221741279467954e-01
8.607012999519421115e-01 1.531397091462189386e-01 9.759221741279467954e-01
8.607747673160210944e-01 1.531550455944024891e-01 9.762650421779820453e-01
8.606733088313381907e-01 1.536337203664430717e-01 9.761565859454846006e-01
8.604176567735934977e-01 1.541595142521934025e-01 9.765006373130369344e-01
8.604176567735934977e-01 1.541595142521934025e-01 9.765006373130369344e-01
8.604673673804453804e-01 1.538159255593926911e-01 9.765339561341297436e-01
8.607063474366475342e-01 1.533479547550003486e-01 9.764197795954393522e-01
8.605390534098680266e-01 1.535660729408050706e-01 9.765427899426273317e-01
8.605400544705151811e-01 1.536079041325070504e-01 9.762281615166259474e-01
8.605400544705151811e-01 1.536079041325070504e-01 9.762281615166259474e-01
8.603280566971240884e-01 1.538764162642789479e-01 9.759790328094994916e-01
8.603999597785403353e-01 1.542032596536818956e-01 9.759817614627477322e-01
8.604865299736759177e-01 1.544883663889850822e-01 9.760469826972648644e-01
8.604865299736759177e-01 1.544883663889850822e-01 9.760469826972648644e-01
8.607378337257108880e-01 1.529641250505871519e-01 9.765779416893263232e-01
8.607378337257108880e-01 1.529641250505871519e-01 9.765779416893263232e-01
8.606599258507421357e-01 1.534214247546811516e-01 9.760084033756445399e-01
8.606599258507421357e-01 1.534214247546811516e-01 9.760084033756445399e-01
8.605499132683193109e-01 1.529155155363189633e-01 9.760517705256706034e-01
8.605499132683193109e-01 1.529155155363189633e-01 9.760517705256706034e-01
8.604981463193136504e-01 1.533884413850949424e-01 9.754096271057540735e-01
8.605510587954847690e-01 1.535382231590190771e-01 9.762607531470391953e-01
8.605510587954847690e-01 1.535382231590190771e-01 9.762607531470391953e-01
8.605629652292876575e-01 1.542822581900554768e-01 9.752735938144008188e-01
8.605702930763318159e-01 1.535300352921047107e-01 9.755943532788163841e-01
8.605702930763318159e-01 1.535300352921047107e-01 9.755943532788163841e-01
8.604768998414458192e-01 1.541561493735925104e-01 9.760588241221540562e-01
8.605192734288781287e-01 1.536022242613762079e-01 9.761149866794175400e-01
8.605192734288781287e-01 1.536022242613762079e-01 9.761149866794175400e-01
8.600407366515981922e-01 1.548927657324648544e-01 9.751083612883547636e-01
8.597188440883923866e-01 1.540531121170354567e-01 9.753168060632088077e-01
8.591824887017188717e-01 1.541501715107062853e-01 9.735095639675797052e-01
8.583784021232951922e-01 1.557159476101394879e-01 9.742611657939774794e-01
8.577251893724647802e-01 1.554778018694785713e-01 9.731482998502599679e-01
8.577251893724647802e-01 1.554778018694785713e-01 9.731482998502599679e-01
8.570147841797657318e-01 1.565839179226725941e-01 9.713127839593539425e-01
8.567045713768450810e-01 1.568042397458804249e-01 9.700720730604950326e-01
8.568553536229820411e-01 1.565958032594127469e-01 9.691974639055949137e-01
8.568553536229820411e-01 1.565958032594127469e-01 9.691974639055949137e-01
8.569915846961472239e-01 1.555878906366721381e-01 9.678434697453013325e-01
8.568105499290100679e-01 1.574256122305464911e-01 9.684600110691641284e-01
8.568105499290100679e-01 1.574256122305464911e-01 9.684600110691641284e-01
8.566649750661057272e-01 1.562748220896860718e-01 9.678452457831557831e-01
8.566649750661057272e-01 1.562748220896860718e-01 9.678452457831557831e-01
8.567644259401037132e-01 1.560341322528662478e-01 9.684033087243677507e-01
8.567644259401037132e-01 1.560341322528662478e-01 9.684033087243677507e-01
8.569394912743630854e-01 1.554832208629085832e-01 9.679221932175277043e-01
8.569394912743630854e-01 1.554832208629085832e-01 9.679221932175277043e-01
8.569592532829385378e-01 1.551867766152236761e-01 9.674740772583902970e-01
8.570476942380708119e-01 1.547148636522601983e-01 9.686335606266480713e-01
8.570476942380708119e-01 1.547148636522601983e-01 9.686335606266480713e-01
8.567835288380735159e-01 1.562779977495823425e-01 9.685019577854316886e-01
8.567835288380735159e-01 1.562779977495823425e-01 9.685019577854316886e-01
8.567997824786230954e-01 1.556465203044407608e-01 9.674137199314845059e-01
8.567997824786230954e-01 1.556465203044407608e-01 9.674137199314845059e-01
8.567594604140034154e-01 1.555326998181839893e-01 9.674123189634490361e-01
8.565954783577939269e-01 1.567056255419110589e-01 9.675388624951511973e-01
8.570169924506327863e-01 1.556002375827373330e-01 9.655058306931516565e-01
8.571173139053905876e-01 1.551540228828664769e-01 9.628328200662431557e-01
8.570181961695844119e-01 1.560020222057519612e-01 9.632391383676094376e-01
8.570181961695844119e-01 1.560020222057519612e-01 9.632391383676094376e-01
8.568841305663410512e-01 1.562451521951773170e-01 9.612864111273623502e-01
8.566477759064488051e-01 1.571884721621539249e-01 9.595457682651760134e-01
8.570694701061272180e-01 1.551870238869184626e-01 9.596334662149599293e-01
8.570005911080367245e-01 1.556358629007134342e-01 9.592833893131149647e-01
8.570231834939157078e-01 1.559763981056408455e-01 9.592351329594825948e-01
8.570231834939157078e-01 1.559763981056408455e-01 9.592351329594825948e-01
8.569390838480896999e-01 1.558632936083837461e-01 9.590679943701538868e-01
8.569390838480896999e-01 1.558632936083837461e-01 9.590679943701538868e-01
8.569652926329597298e-01 1.564931959724218391e-01 9.597690735880529678e-01
8.571867745371821723e-01 1.553024898578457824e-01 9.589305565656573993e-01
8.569733836401054461e-01 1.557317457133022276e-01 9.593338129533633962e-01
8.571533752181236254e-01 1.551343390132115252e-01 9.594019306214974785e-01
8.571533752181236254e-01 1.551343390132115252e-01 9.594019306214974785e-01
8.572190268484503051e-01 1.554587533205994965e-01 9.587886805367218379e-01
8.569976849854781253e-01 1.563902368251327002e-01 9.584828854422746680e-01
8.569976849854781253e-01 1.563902368251327002e-01 9.584828854422746680e-01
8.569210212962892204e-01 1.561960039034178127e-01 9.593658309348531699e-01
8.569210212962892204e-01 1.561960039034178127e-01 9.593658309348531699e-01
8.570536540383976165e-01 1.559574435536618398e-01 9.596524735803029227e-01
8.570536540383976165e-01 1.559574435536618398e-01 9.596524735803029227e-01
8.572159118529492083e-01 1.556500899224217971e-01 9.597327177430556855e-01
8.570228995566172570e-01 1.557332221265064209e-01 9.591879611585186760e-01
8.570228995566172570e-01 1.557332221265064209e-01 9.591879611585186760e-01
8.570759521587767438e-01 1.564129772280618280e-01 9.597992138905537818e-01
8.570759521587767438e-01 1.564129772280618280e-01 9.597992138905537818e-01
8.571383335322531050e-01 1.554398947575190704e-01 9.597590391374625218e-01
8.571383335322531050e-01 1.554398947575190704e-01 9.597590391374625218e-01
8.570460064062620509e-01 1.557907859888628677e-01 9.597754697862919127e-01
8.570621888545844058e-01 1.558537022363079005e-01 9.593852159341927921e-01
8.570621888545844058e-01 1.558537022363079005e-01 9.593852159341927921e-01
8.571982685595308515e-01 1.558521368523561879e-01 9.587072861630978604e-01
8.568505916895667873e-01 1.570642164336846502e-01 9.596670950337761186e-01
8.572125637361731609e-01 1.554218809572137650e-01 9.600256947139675923e-01
8.571199145061514368e-01 1.553784161212372616e-01 9.594165228823302582e-01
8.568309754357503749e-01 1.568199189933006665e-01 9.595774137880699328e-01
8.568019189698280469e-01 1.570126290774669364e-01 9.593151880826271682e-01
8.568019189698280469e-01 1.570126290774669364e-01 9.593151880826271682e-01
8.570669749079967703e-01 1.558023068039952608e-01 9.591004641787611584e-01
8.570669749079967703e-01 1.558023068039952608e-01 9.591004641787611584e-01
8.569470309783729922e-01 1.558912124047578396e-01 9.589024249421931323e-01
8.569470309783729922e-01 1.558912124047578396e-01 9.589024249421931323e-01
8.570406577365190515e-01 1.557595503922884483e-01 9.588531719348185600e-01
8.571738344093511319e-01 1.559394915725981767e-01 9.595502275605325426e-01
8.568742578425737610e-01 1.567941696357242620e-01 9.590775196089955656e-01
8.572010886416235875e-01 1.558436579800345778e-01 9.594922583046504583e-01
8.572010886416235875e-01 1.558436579800345778e-01 9.594922583046504583e-01
8.570764521484266485e-01 1.559231309419110423e-01 9.594477993980179420e-01
8.569853217870216922e-01 1.559681190187207356e-01 9.590700247619907692e-01
8.568052208487998422e-01 1.569867792369197823e-01 9.587697800490484479e-01
8.571512360030154598e-01 1.552745699917580935e-01 9.596537989596514162e-01
8.571512360030154598e-01 1.552745699917580935e-01 9.596537989596514162e-01
8.570123686015109765e-01 1.564055968755141413e-01 9.596717079094226888e-01
8.571216421184055800e-01 1.554670724453192376e-01 9.596701164713099530e-01
8.570124165145913686e-01 1.571320912394144342e-01 9.598883301036504889e-01
8.570124165145913686e-01 1.571320912394144342e-01 9.598883301036504889e-01
8.569917893882228466e-01 1.562385890922032838e-01 9.594939127164558990e-01
8.569917893882228466e-01 1.562385890922032838e-01 9.594939127164558990e-01
8.569741811222713057e-01 1.568063466922717808e-01 9.599672040064660683e-01
8.569885084734325531e-01 1.565908411240681808e-01 9.593948526001356836e-01
8.569885084734325531e-01 1.565908411240681808e-01 9.593948526001356836e-01
8.571285459039876820e-01 1.570000918598121742e-01 9.593931621981058866e-01
8.567625901650682829e-01 1.572688698579069455e-01 9.587152363434932045e-01
8.568889790971055964e-01 1.562758824604550401e-01 9.595987246839916551e-01
8.568356076041659941e-01 1.565586026031048350e-01 9.583908126055822319e-01
8.568356076041659941e-01 1.565586026031048350e-01 9.583908126055822319e-01
8.569360043805814842e-01 1.561955587409388502e-01 9.594343295151930295e-01
8.569601716534862579e-01 1.564935086897705774e-01 9.598813139034976238e-01
8.569661784861732912e-01 1.562574583461052158e-01 9.593611514941988716e-01
8.570677451746111508e-01 1.561510007919209575e-01 9.595252625790517964e-01
8.573278979635754471e-01 1.549829477478329165e-01 9.597013995050193147e-01
8.573278979635754471e-01 1.549829477478329165e-01 9.597013995050193147e-01
8.570321205349679117e-01 1.561435470757959743e-01 9.585459346692231097e-01
8.571052512106656085e-01 1.557574591233769068e-01 9.591320914555767629e-01
8.571052512106656085e-01 1.557574591233769068e-01 9.591320914555767629e-01
8.569192368274316518e-01 1.564155064963508035e-01 9.592041848291110728e-01
8.569973340868153322e-01 1.556903302235881081e-01 9.587070760613065623e-01
8.570163415114955274e-01 1.552746262388998988e-01 9.600911533332657788e-01
8.568726926434570013e-01 1.566782769858584001e-01 9.593868289697923268e-01
8.571614087798864468e-01 1.551693445019561857e-01 9.591695855425128592e-01
8.570253553433737626e-01 1.561970626505464477e-01 9.592958457575140319e-01
8.570253553433737626e-01 1.561970626505464477e-01 9.592958457575140319e-01
8.571074418026084496e-01 1.560556940503995405e-01 9.588259073385840825e-01
8.571220101530393487e-01 1.557303090636153742e-01 9.592362772144491512e-01
8.570567444460415185e-01 1.555838187834050201e-01 9.584258578723039435e-01
8.570056991591742390e-01 1.552844902871134414e-01 9.585991149089473362e-01
8.570056991591742390e-01 1.552844902871134414e-01 9.585991149089473362e-01
8.569383673678361291e-01 1.560485939817312928e-01 9.592646967356244225e-01
8.569401336547918246e-01 1.562851849980627095e-01 9.588283865266499228e-01
8.569401336547918246e-01 1.562851849980627095e-01 9.588283865266499228e-01
8.571350542374918113e-01 1.561959562295286152e-01 9.589276130221942029e-01
8.568704484922744502e-01 1.563296491861059789e-01 9.595122838317384772e-01
8.568704484922744502e-01 1.563296491861059789e-01 9.595122838317384772e-01
8.571433667797913047e-01 1.559192215525298797e-01 9.601814652652000959e-01
8.571358262911014103e-01 1.550464229564317009e-01 9.593663472607387721e-01
8.569674883152630374e-01 1.555494637678334346e-01 9.594113719913324179e-01
8.570779122601828171e-01 1.557381770828784873e-01 9.589490049441338204e-01
8.571825423647948528e-01 1.553873544242855009e-01 9.595050868648362652e-01
8.568810413234103640e-01 1.563657015869164280e-01 9.582021160595728393e-01
8.568810413234103640e-01 1.563657015869164280e-01 9.582021160595728393e-01
8.572559499329913679e-01 1.554231752334466476e-01 9.589470899936316517e-01
8.569391573088559477e-01 1.560489022911415447e-01 9.590010436873803723e-01
8.568218979763352339e-01 1.571452284435199132e-01 9.588451398459709729e-01
8.568218979763352339e-01 1.571452284435199132e-01 9.588451398459709729e-01
8.569325258907271037e-01 1.563893240068202906e-01 9.588392477317710938e-01
8.571074527959715583e-01 1.559851941907496597e-01 9.590956281418830942e-01
8.571074527959715583e-01 1.559851941907496597e-01 9.590956281418830942e-01
8.571635012467299086e-01 1.560715430158508277e-01 9.594714560776399503e-01
8.571635012467299086e-01 1.560715430158508277e-01 9.594714560776399503e-01
8.569771233399458010e-01 1.565639721172133458e-01 9.591219403072994698e-01
8.571707744669953000e-01 1.557312834220010156e-01 9.593619413685419151e-01
8.571707744669953000e-01 1.557312834220010156e-01 9.593619413685419151e-01
8.571083359238766963e-01 1.558433312758397138e-01 9.591919485981418303e-01
8.568947679893963443e-01 1.569684001425336872e-01 9.591578530996971441e-01
8.568745226934634251e-01 1.561629485474536061e-01 9.592808343715069075e-01
8.570116127206417467e-01 1.554967594224754834e-01 9.591956385172698552e-01
8.568511929464722732e-01 1.565309311953609617e-01 9.590149831629674049e-01
8.571267706875578263e-01 1.555569456890142643e-01 9.587851826593196680e-01
8.571267706875578263e-01 1.555569456890142643e-01 9.587851826593196680e-01
8.569954839369287036e-01 1.553389700568429954e-01 9.588949552764927109e-01
8.568699217240823840e-01 1.565045235794297052e-01 9.583048985543807241e-01
8.569376424704813200e-01 1.561186657754424223e-01 9.592434882076926739e-01
8.568901975780075508e-01 1.565306143442997677e-01 9.593087867672538405e-01
8.568901975780075508e-01 1.565306143442997677e-01 9.593087867672538405e-01
8.567439674312455899e-01 1.570048735388436256e-01 9.588275780206574339e-01
8.572768141693031252e-01 1.555704844087902328e-01 9.595599401723607924e-01
8.570439521106706371e-01 1.557756491232670237e-01 9.591672398653621201e-01
8.570439521106706371e-01 1.557756491232670237e-01 9.591672398653621201e-01
8.568403814779164129e-01 1.569702933005011902e-01 9.590049849352192401e-01
8.568933136716194721e-01 1.563367461693365712e-01 9.598889203035637641e-01
8.571417344286323958e-01 1.557385135221619754e-01 9.591662942908146805e-01
8.569309659821995329e-01 1.565743242041080230e-01 9.593149697873556425e-01
8.569309659821995329e-01 1.565743242041080230e-01 9.593149697873556425e-01
8.567909953894106145e-01 1.574077047258306827e-01 9.588099943035349737e-01
8.569226817879747049e-01 1.566437868729314009e-01 9.586019026173253632e-01
8.569226817879747049e-01 1.566437868729314009e-01 9.586019026173253632e-01
8.570605918596378991e-01 1.552077022490868374e-01 9.584450813736713481e-01
8.569679095205621211e-01 1.564237731131770948e-01 9.592477175122130495e-01
8.569475139613202952e-01 1.553554833246445221e-01 9.595485780397998710e-01
8.569475139613202952e-01 1.553554833246445221e-01 9.595485780397998710e-01
8.567807579818345065e-01 1.572062149259398356e-01 9.594808561284604576e-01
8.569176080153340092e-01 1.564852589644577796e-01 9.594465708287522876e-01
8.569153809058149829e-01 1.562069268246421561e-01 9.592795891610108594e-01
8.569153809058149829e-01 1.562069268246421561e-01 9.592795891610108594e-01
8.570961449402454413e-01 1.555364741678659235e-01 9.597255131078955559e-01
8.570085284763667710e-01 1.563017575054712616e-01 9.588551948145269677e-01
8.568512858294994317e-01 1.567669355744595316e-01 9.591439849898061309e-01
8.570503768274629897e-01 1.553108404400729559e-01 9.595104972444641334e-01
8.569222141840178164e-01 1.566869665861806704e-01 9.591513861884588543e-01
8.569222141840178164e-01 1.566869665861806704e-01 9.591513861884588543e-01
8.569892760286964561e-01 1.563351197873005249e-01 9.594600688912974240e-01
8.571927613331150608e-01 1.555724529814965229e-01 9.596336824041827862e-01
8.571927613331150608e-01 1.555724529814965229e-01 9.596336824041827862e-01
8.568798386991511862e-01 1.559900425275754232e-01 9.585659748728267981e-01
8.571358405511548817e-01 1.552517113379712765e-01 9.588487096125588582e-01
8.569480680122432137e-01 1.567295536281499702e-01 9.594072959676218648e-01
8.570220614588014429e-01 1.564215175596801177e-01 9.593618586812802107e-01
8.570537169621078588e-01 1.558658297078707733e-01 9.585889047658480155e-01
8.570100129432435265e-01 1.558983822579699530e-01 9.593011573727225905e-01
8.570335019004478028e-01 1.553182653240759159e-01 9.599182401065293746e-01
8.567896271087501736e-01 1.575553035115569711e-01 9.584515408373525114e-01
8.568918303355829158e-01 1.566697570602383627e-01 9.597277301439135488e-01
8.569788676003864403e-01 1.567032219134598947e-01 9.594949204696330280e-01
8.569788676003864403e-01 1.567032219134598947e-01 9.594949204696330280e-01
8.570242224463542335e-01 1.552681143245096262e-01 9.593010275743423243e-01
8.570242224463542335e-01 1.552681143245096262e-01 9.593010275743423243e-01
8.568458068245345949e-01 1.563992789015516693e-01 9.592888652310320730e-01
8.569196008736332804e-01 1.567130802427481873e-01 9.594025565758210750e-01
8.569196008736332804e-01 1.567130802427481873e-01 9.594025565758210750e-01
8.569392543438774101e-01 1.569502962262705748e-01 9.595364393532548331e-01
8.570165638281487253e-01 1.564320051362410591e-01 9.592836352883843398e-01
8.570165638281487253e-01 1.564320051362410591e-01 9.592836352883843398e-01
8.567847848961500645e-01 1.567422102813850748e-01 9.590125617240223832e-01
8.567847848961500645e-01 1.567422102813850748e-01 9.590125617240223832e-01
8.569630550996957252e-01 1.563123684202487040e-01 9.587694008982601268e-01
8.569630550996957252e-01 1.563123684202487040e-01 9.587694008982601268e-01
8.572001005753546732e-01 1.553803043452145205e-01 9.588570349307067309e-01
8.569662353819820222e-01 1.563279053955010933e-01 9.590990709223236044e-01
8.569185541425025088e-01 1.571343607439366352e-01 9.597742321656813624e-01
8.569185541425025088e-01 1.571343607439366352e-01 9.597742321656813624e-01
8.568340062011360336e-01 1.564260005102035000e-01 9.590962135623176676e-01
8.570183918257269218e-01 1.564471408938872543e-01 9.599073879486197391e-01
8.571103684222828312e-01 1.552309731327161380e-01 9.596398274651090077e-01
8.571103684222828312e-01 1.552309731327161380e-01 9.596398274651090077e-01
8.568104360453236978e-01 1.566457231622977453e-01 9.595122838317384772e-01
8.571218840215226731e-01 1.557105985424439287e-01 9.597247513385223083e-01
8.569014500368098419e-01 1.563718289062057953e-01 9.596638982134877427e-01
8.570103203183180307e-01 1.562049010472690014e-01 9.591451712871660318e-01
8.569710494371339804e-01 1.562299836285883092e-01 9.598277671289225932e-01
8.569123655203335632e-01 1.569218961526221146e-01 9.594407542301508496e-01
8.570909774233533840e-01 1.562992356495830903e-01 9.593315208675278205e-01
8.568343112655169014e-01 1.566963235788847442e-01 9.599033195546389230e-01
8.570474484217504019e-01 1.559231118152218931e-01 9.593268831754100390e-01
8.570474484217504019e-01 1.559231118152218931e-01 9.593268831754100390e-01
8.571279282823338619e-01 1.555573969800778666e-01 9.582574959492691224e-01
8.570158016643699694e-01 1.565726576670624925e-01 9.589849535566938865e-01
8.570158016643699694e-01 1.565726576670624925e-01 9.589849535566938865e-01
8.571577554315710223e-01 1.559377829504958457e-01 9.600487931921033447e-01
8.571127572997313537e-01 1.554588077659978806e-01 9.596108734286030728e-01
8.571127572997313537e-01 1.554588077659978806e-01 9.596108734286030728e-01
8.570838493841946848e-01 1.562138151905878847e-01 9.591197516021787717e-01
8.571853090399539354e-01 1.553522676186921136e-01 9.596463330473481435e-01
8.571853090399539354e-01 1.553522676186921136e-01 9.596463330473481435e-01
8.570797052935860139e-01 1.566236906664196515e-01 9.593903742711855642e-01
8.569534272502586925e-01 1.555306039036462029e-01 9.595374995130483420e-01
8.570474239691161511e-01 1.556631826916208272e-01 9.594111525697341936e-01
8.570474239691161511e-01 1.556631826916208272e-01 9.594111525697341936e-01
8.571540301225012426e-01 1.549423326904612874e-01 9.593101067391358594e-01
8.571540301225012426e-01 1.549423326904612874e-01 9.593101067391358594e-01
8.570869227793008749e-01 1.558616249936864706e-01 9.592264103787653262e-01
8.570869227793008749e-01 1.558616249936864706e-01 9.592264103787653262e-01
8.570115799301882831e-01 1.568540361361724922e-01 9.594499231945178286e-01
8.567879482908660194e-01 1.570113865119298624e-01 9.602278874029237521e-01
8.569873392968764270e-01 1.565270583631225565e-01 9.598767813270807636e-01
8.569761765832828448e-01 1.563980413888941268e-01 9.589644231608498437e-01
8.570372537234238752e-01 1.558800858779281762e-01 9.588913363258728673e-01
8.571121803503078951e-01 1.561670830800939158e-01 9.593117526257268768e-01
8.571958853690322400e-01 1.560168600616267942e-01 9.599357847442212543e-01
8.571273049745563588e-01 1.555986691828654123e-01 9.593962398816900938e-01
8.571273049745563588e-01 1.555986691828654123e-01 9.593962398816900938e-01
8.571127013201257361e-01 1.561871188609080530e-01 9.585822434278379323e-01
8.571346919832962818e-01 1.558695286328142526e-01 9.595489280218656436e-01
8.570123705239190981e-01 1.555041390336995566e-01 9.588044421827344177e-01
8.570123705239190981e-01 1.555041390336995566e-01 9.588044421827344177e-01
8.569809191130371984e-01 1.562294908131655058e-01 9.600082989805427403e-01
8.568612494896589160e-01 1.567666854287825262e-01 9.593091579426904492e-01
8.569806255406748896e-01 1.570389517253506229e-01 9.597898796454507053e-01
8.569452670580627318e-01 1.569917408539326376e-01 9.597948944408738470e-01
8.569341881484677792e-01 1.564922952832773495e-01 9.601910713320964685e-01
8.569341881484677792e-01 1.564922952832773495e-01 9.601910713320964685e-01
8.570255941743283312e-01 1.563770835925718250e-01 9.605749391530887804e-01
8.569502124435759427e-01 1.564824580006695942e-01 9.610824442342809082e-01
8.570193466364215418e-01 1.555172309992687574e-01 9.640239442258734526e-01
8.569680006343197709e-01 1.556917260179180029e-01 9.664605503965972844e-01
8.569680006343197709e-01 1.556917260179180029e-01 9.664605503965972844e-01
8.568965904345662299e-01 1.565163191517777441e-01 9.694822303159158494e-01
8.568161314059606903e-01 1.559069257654090435e-01 9.735041388724638978e-01
8.568161314059606903e-01 1.559069257654090435e-01 9.735041388724638978e-01
8.566658202297315894e-01 1.563942685732059301e-01 9.792343033053989565e-01
8.564297071183001320e-01 1.562716537267787031e-01 9.833598181048339715e-01
8.562521893198523637e-01 1.562367953687954225e-01 9.880848855435560019e-01
8.558012540142041491e-01 1.566493909931640227e-01 9.918810851480035495e-01
8.559070505700216991e-01 1.559791032078374495e-01 9.965196793947559417e-01
8.559070505700216991e-01 1.559791032078374495e-01 9.965196793947559417e-01
8.554088991491790583e-01 1.567309656331668799e-01 1.002197728067289795e+00
8.549855252238557357e-01 1.568594424260579545e-01 1.008524662554154183e+00
8.547927697998666252e-01 1.553543250463418623e-01 1.013884425600884320e+00
8.547927697998666252e-01 1.553543250463418623e-01 1.013884425600884320e+00
8.543377654561385981e-01 1.552198798380459155e-01 1.020163212164956867e+00
8.538035792115793443e-01 1.551302358710044127e-01 1.026361035054939475e+00
8.538035792115793443e-01 1.551302358710044127e-01 1.026361035054939475e+00
8.531280718258734685e-01 1.547294176923232067e-01 1.032888281394787278e+00
8.524690796096543455e-01 1.545479838900409575e-01 1.039375664271954047e+00
8.524690796096543455e-01 1.545479838900409575e-01 1.039375664271954047e+00
8.513966345892363119e-01 1.547705648522978705e-01 1.047171995708750192e+00
8.510570506454396833e-01 1.544271899536038273e-01 1.051212368916116136e+00
8.498078627721247225e-01 1.538285000802376290e-01 1.059297719492898526e+00
8.498078627721247225e-01 1.538285000802376290e-01 1.059297719492898526e+00
8.490678519114090994e-01 1.530614194249609872e-01 1.066306013601247882e+00
8.480501361715826469e-01 1.525049856357868494e-01 1.072981293621120935e+00
8.467960439617170376e-01 1.528926584047396176e-01 1.080096680325295377e+00
8.458953279304955997e-01 1.525083991729374866e-01 1.085426790772654915e+00
8.448652505070739505e-01 1.529282497777873784e-01 1.090291529069800536e+00
8.438265967497166065e-01 1.519539715852290251e-01 1.097155560823105613e+00
8.424607925885910786e-01 1.516384250768222086e-01 1.103469471367507948e+00
8.408472662630708250e-01 1.509426867954620222e-01 1.111370543625805452e+00
8.399317500322518448e-01 1.510430478588758452e-01 1.115880104555718288e+00
8.388739502133628623e-01 1.496472471725765196e-01 1.120670941885411054e+00
8.388739502133628623e-01 1.496472471725765196e-01 1.120670941885411054e+00
8.370272069327832076e-01 1.503682168639092209e-01 1.127546150665024394e+00
8.362210914299058606e-01 1.488951102526522297e-01 1.132731269765761661e+00
8.343560835839506362e-01 1.482460577394405787e-01 1.139991985391594742e+00
8.343560835839506362e-01 1.482460577394405787e-01 1.139991985391594742e+00
8.323880024348006001e-01 1.480943742273490571e-01 1.147065953162141883e+00
8.306314413928734819e-01 1.467711729819678734e-01 1.154510158940384557e+00
8.294330445161969267e-01 1.463634643917514910e-01 1.159283032112201628e+00
8.271099539260342581e-01 1.449508192987688515e-01 1.167046671785157530e+00
8.254820227027537261e-01 1.449342845912209299e-01 1.172187238944771615e+00
8.233372143204766846e-01 1.431121582695462635e-01 1.179451310586589141e+00
8.217817290250258866e-01 1.431402465470938967e-01 1.184554968146279474e+00
8.217817290250258866e-01 1.431402465470938967e-01 1.184554968146279474e+00
8.192615443360644623e-01 1.431177274446719938e-01 1.192146128117436144e+00
8.177454349127203370e-01 1.414827208632516709e-01 1.197105006935250682e+00
8.148791995762388884e-01 1.402821814346771057e-01 1.205340401228207181e+00
8.148791995762388884e-01 1.402821814346771057e-01 1.205340401228207181e+00
8.123746138572667252e-01 1.395833423940584239e-01 1.212211796730471303e+00
8.097195473745865124e-01 1.383816610902813271e-01 1.219862460654197012e+00
8.097195473745865124e-01 1.383816610902813271e-01 1.219862460654197012e+00
8.068639187884664166e-01 1.384538167536004116e-01 1.227141459275699509e+00
8.049990897634057285e-01 1.387354703861629346e-01 1.230921048787827488e+00
8.049990897634057285e-01 1.387354703861629346e-01 1.230921048787827488e+00
8.017996377060089275e-01 1.394658671471808165e-01 1.238417107081519974e+00
8.017996377060089275e-01 1.394658671471808165e-01 1.238417107081519974e+00
7.963738972496634538e-01 1.428794138653962098e-01 1.249128103181178506e+00
7.963738972496634538e-01 1.428794138653962098e-01 1.249128103181178506e+00
7.909081120467017501e-01 1.461688577828424151e-01 1.259504320561398050e+00
7.889271500717470742e-01 1.482934203990081412e-01 1.263148931119139284e+00
7.857547158556787981e-01 1.503557789329479366e-01 1.268608851735042009e+00
7.834572330381088801e-01 1.531951950799560758e-01 1.272146270643703225e+00
7.804663348350506791e-01 1.563340213952820468e-01 1.276692960975257307e+00
7.804663348350506791e-01 1.563340213952820468e-01 1.276692960975257307e+00
7.778197468873119247e-01 1.590256907428471422e-01 1.280596343044293040e+00
7.756078078482121496e-01 1.614714022494064261e-01 1.284038698691924552e+00
7.729929965097824818e-01 1.643861537314788568e-01 1.287814589954134004e+00
7.729929965097824818e-01 1.643861537314788568e-01 1.287814589954134004e+00
7.702808989218538072e-01 1.690851037624274134e-01 1.290877340099275239e+00
7.702808989218538072e-01 1.690851037624274134e-01 1.290877340099275239e+00
7.655599656565130751e-01 1.763900531883260681e-01 1.296145019874893833e+00
7.655599656565130751e-01 1.763900531883260681e-01 1.296145019874893833e+00
7.615653882105192229e-01 1.827261805392216831e-01 1.300750899368715574e+00
7.615653882105192229e-01 1.827261805392216831e-01 1.300750899368715574e+00
7.573615836495514175e-01 1.901454624284894257e-01 1.304893173448153698e+00
7.551746294220896827e-01 1.943764717259875985e-01 1.306824202096089182e+00
7.536085160447482112e-01 1.973513640701259897e-01 1.307796332214548940e+00
7.508963501976256838e-01 2.027847758683319623e-01 1.309945421951033806e+00
7.499932862671060407e-01 2.058395030618750676e-01 1.310157417819720838e+00
7.486272711072217145e-01 2.085090112377828431e-01 1.311058529304719888e+00
7.471842137988163879e-01 2.116651590892391355e-01 1.312000981657995835e+00
7.471842137988163879e-01 2.116651590892391355e-01 1.312000981657995835e+00
7.453918416967284521e-01 2.157367560520725702e-01 1.312773740585530646e+00
7.453918416967284521e-01 2.157367560520725702e-01 1.312773740585530646e+00
7.422719838014626426e-01 2.235818004112147261e-01 1.313872913118754759e+00
7.381584970280705704e-01 2.313976436123483804e-01 1.316703043829887010e+00
7.381584970280705704e-01 2.313976436123483804e-01 1.316703043829887010e+00
7.346695951286780213e-01 2.385420080865963133e-01 1.318201401198657585e+00
7.334532695668506408e-01 2.418868455120334882e-01 1.318382979710295277e+00
7.334532695668506408e-01 2.418868455120334882e-01 1.318382979710295277e+00
7.316001871846574689e-01 2.470877326246150862e-01 1.318936462207337179e+00
7.299057654870595435e-01 2.499796942834485725e-01 1.319817743440687918e+00
7.299057654870595435e-01 2.499796942834485725e-01 1.319817743440687918e+00
7.279189902216081087e-01 2.548848727977532369e-01 1.320177271615527115e+00
7.279189902216081087e-01 2.548848727977532369e-01 1.320177271615527115e+00
7.259498986224799388e-01 2.601642896801571458e-01 1.320116286095549540e+00
7.259498986224799388e-01 2.601642896801571458e-01 1.320116286095549540e+00
7.241409383584781478e-01 2.639989174428449270e-01 1.320673921500721271e+00
7.225459361822612614e-01 2.684247347996605582e-01 1.320721259346301135e+00
7.225459361822612614e-01 2.684247347996605582e-01 1.320721259346301135e+00
7.192499042332944903e-01 2.760262130241372680e-01 1.321105388076321052e+00
7.178904203719779220e-01 2.804675964659948950e-01 1.320198526075049283e+00
7.178904203719779220e-01 2.804675964659948950e-01 1.320198526075049283e+00
7.161148662607044191e-01 2.843234677699662538e-01 1.320501848936055156e+00
7.144834702310669527e-01 2.877370347554565333e-01 1.320790406470371936e+00
7.144834702310669527e-01 2.877370347554565333e-01 1.320790406470371936e+00
7.132018563993990368e-01 2.910240593723810720e-01 1.320889386038711422e+00
7.128842980548109054e-01 2.922609509469185074e-01 1.320492273583308451e+00
7.114837266539559835e-01 2.951500025602663557e-01 1.320448905708757836e+00
7.114837266539559835e-01 2.951500025602663557e-01 1.320448905708757836e+00
7.101620736088907204e-01 2.983278416454646087e-01 1.320365582360999657e+00
7.091292580505408338e-01 2.995334670901543817e-01 1.321348603751187012e+00
7.091292580505408338e-01 2.995334670901543817e-01 1.321348603751187012e+00
7.088902228426523511e-01 3.011763922226839418e-01 1.320505761118226484e+00
7.082252233125617691e-01 3.031213473952266702e-01 1.320107241796196762e+00
7.082252233125617691e-01 3.031213473952266702e-01 1.320107241796196762e+00
7.077687939200674183e-01 3.036707832836040843e-01 1.320603156277330603e+00
7.073374137985898313e-01 3.037834351992531601e-01 1.321030656077621268e+00
7.075337656924156615e-01 3.042874511599861775e-01 1.320673671104637625e+00
7.075337656924156615e-01 3.042874511599861775e-01 1.320673671104637625e+00
7.067209967169508777e-01 3.053192536259389800e-01 1.320949044257576865e+00
7.072801493139466711e-01 3.047519835308148961e-01 1.320586638007231972e+00
7.070762563419824565e-01 3.059278042301473710e-01 1.320427703928960250e+00
7.067392699336668693e-01 3.062965704381741538e-01 1.320362598982575131e+00
7.067392699336668693e-01 3.062965704381741538e-01 1.320362598982575131e+00
7.059658357397062822e-01 3.067914392743348317e-01 1.320985299873254082e+00
7.060339600524738746e-01 3.068452280809635946e-01 1.320919896813617767e+00
7.061021690455985267e-01 3.072426070917682051e-01 1.320589699036029963e+00
7.061021690455985267e-01 3.072426070917682051e-01 1.320589699036029963e+00
7.062688824480415350e-01 3.066406209010911210e-01 1.320916698140395029e+00
7.062851327221876252e-01 3.064485877481538112e-01 1.320925466403645387e+00
7.062728395244530777e-01 3.069370290441087445e-01 1.320577215007137317e+00
7.060646875616967133e-01 3.072360862950201943e-01 1.320966645575314846e+00
7.060646875616967133e-01 3.072360862950201943e-01 1.320966645575314846e+00
7.064721187177843698e-01 3.056379069252495584e-01 1.321147634095087176e+00
7.064721187177843698e-01 3.056379069252495584e-01 1.321147634095087176e+00
7.065557660234288440e-01 3.068632867441422607e-01 1.320219856847416606e+00
7.065557660234288440e-01 3.068632867441422607e-01 1.320219856847416606e+00
7.062368386167897638e-01 3.062781761657762392e-01 1.320930517079660138e+00
7.059691270578253297e-01 3.070561503276454385e-01 1.320922700177245890e+00
7.062214462115614655e-01 3.066849980333947734e-01 1.320995601632897198e+00
7.062214462115614655e-01 3.066849980333947734e-01 1.320995601632897198e+00
7.064794585479837741e-01 3.065876398504620015e-01 1.320367373794921750e+00
7.065026142245661722e-01 3.072490871682065916e-01 1.320134556668074666e+00
7.065026142245661722e-01 3.072490871682065916e-01 1.320134556668074666e+00
7.063627814153008444e-01 3.065527480665326543e-01 1.320444648664666598e+00
7.060811400389110926e-01 3.076788215212610811e-01 1.320463039506477587e+00
7.060811400389110926e-01 3.076788215212610811e-01 1.320463039506477587e+00
7.066746516734812023e-01 3.068027575531528939e-01 1.319587876570138985e+00
7.066746516734812023e-01 3.068027575531528939e-01 1.319587876570138985e+00
7.067554630579833130e-01 3.070305377206654640e-01 1.319603812432466938e+00
7.067554630579833130e-01 3.070305377206654640e-01 1.319603812432466938e+00
7.066329708338432436e-01 3.064590593811071240e-01 1.319787932396503161e+00
7.064264144548688673e-01 3.078617485795885345e-01 1.319458627983247867e+00
7.064264144548688673e-01 3.078617485795885345e-01 1.319458627983247867e+00
7.069700968835169741e-01 3.073530020072411384e-01 1.318415389725320797e+00
7.069700968835169741e-01 3.073530020072411384e-01 1.318415389725320797e+00
7.073834769222453467e-01 3.091789464658653008e-01 1.313759237454816597e+00
7.073834769222453467e-01 3.091789464658653008e-01 1.313759237454816597e+00
7.071720019526839263e-01 3.124234050115294314e-01 1.307355186370048994e+00
7.074066199910031827e-01 3.141125268884625843e-01 1.304309571045533467e+00
7.074066199910031827e-01 3.141125268884625843e-01 1.304309571045533467e+00
7.075935847022900571e-01 3.161566501364841963e-01 1.299869529464219742e+00
7.075935847022900571e-01 3.161566501364841963e-01 1.299869529464219742e+00
7.080520137748882448e-01 3.173725925181725138e-01 1.295547685346964517e+00
7.090310564631746582e-01 3.201064404571787314e-01 1.287745620537821711e+00
7.090310564631746582e-01 3.201064404571787314e-01 1.287745620537821711e+00
7.098390028159103915e-01 3.230291272421888515e-01 1.280003327520130796e+00
7.098390028159103915e-01 3.230291272421888515e-01 1.280003327520130796e+00
7.105371439997417715e-01 3.260982126612525511e-01 1.271392741662654036e+00
7.110239764436714349e-01 3.294582303876040785e-01 1.261353184109734515e+00
7.113948898667933340e-01 3.306210890577736539e-01 1.258252823422310041e+00
7.110898666413731917e-01 3.324811572110036861e-01 1.254984969592281008e+00
7.110898666413731917e-01 3.324811572110036861e-01 1.254984969592281008e+00
7.117705861384744370e-01 3.330207905808518221e-01 1.250024413287355918e+00
7.121214349517831499e-01 3.343045727934954581e-01 1.246622875694455512e+00
7.121379187608770645e-01 3.349315841340501643e-01 1.242639734941180185e+00
7.121732938824143488e-01 3.362555846911940427e-01 1.239381275543216532e+00
7.121732938824143488e-01 3.362555846911940427e-01 1.239381275543216532e+00
7.120283897642493143e-01 3.381795468982587982e-01 1.235120720533640970e+00
7.122058852903070392e-01 3.383187549486936230e-01 1.230964616522293387e+00
7.117957067117436365e-01 3.402147479114452366e-01 1.227970435795664894e+00
7.117957067117436365e-01 3.402147479114452366e-01 1.227970435795664894e+00
7.116155564188785254e-01 3.411526301692543450e-01 1.223560534099594754e+00
7.114771213587136600e-01 3.413426448674145020e-01 1.221008725446892651e+00
7.111716964874641445e-01 3.428985699693792855e-01 1.218665723172312587e+00
7.106075684820164495e-01 3.439260867203853822e-01 1.215000960664205598e+00
7.107694843625457226e-01 3.438972034085820417e-01 1.212302569700878241e+00
7.101188187963175524e-01 3.447859945180721253e-01 1.209660838120623971e+00
7.097682579525006474e-01 3.457959942835931999e-01 1.206313198479956439e+00
7.096544578005942183e-01 3.457014199101012819e-01 1.202813269212215985e+00
7.096544578005942183e-01 3.457014199101012819e-01 1.202813269212215985e+00
7.088497926738802635e-01 3.462856164974277284e-01 1.200608765160736002e+00
7.075425678391390472e-01 3.484360216224550166e-01 1.197358534554364695e+00
7.073318086276922934e-01 3.480050070659750361e-01 1.195228146566606364e+00
7.069972603280411105e-01 3.488306655071491402e-01 1.192687313591869636e+00
7.069972603280411105e-01 3.488306655071491402e-01 1.192687313591869636e+00
7.061869209745359477e-01 3.493544523214260344e-01 1.190207575253194872e+00
7.052130753323367918e-01 3.504205415312899308e-01 1.187491987548473515e+00
7.045926367002496304e-01 3.508974329703918871e-01 1.185927213262558011e+00
7.047109353948080024e-01 3.496324899495513172e-01 1.184802960998597054e+00
7.047109353948080024e-01 3.496324899495513172e-01 1.184802960998597054e+00
7.033789652215461929e-01 3.516139391422103411e-01 1.181534296562122499e+00
7.024214791488584408e-01 3.519461019453254402e-01 1.177024716663446213e+00
7.024214791488584408e-01 3.519461019453254402e-01 1.177024716663446213e+00
7.003985972985593556e-01 3.530697756390825948e-01 1.173931371880246655e+00
7.003985972985593556e-01 3.530697756390825948e-01 1.173931371880246655e+00
6.985432662708319640e-01 3.546953911894411560e-01 1.170155549428451458e+00
6.985148946493883182e-01 3.542176458431549602e-01 1.167670130706079057e+00
6.985148946493883182e-01 3.542176458431549602e-01 1.167670130706079057e+00
6.980651891217877214e-01 3.538346844727576768e-01 1.164948328949098499e+00
6.974855057644216982e-01 3.536961536859021815e-01 1.163334081668887965e+00
6.967887546481453809e-01 3.536627301547582425e-01 1.159798057060398735e+00
6.952034556319702796e-01 3.536556652962221658e-01 1.154766050282828971e+00
6.952034556319702796e-01 3.536556652962221658e-01 1.154766050282828971e+00
6.944871589533391232e-01 3.518947608385579184e-01 1.150143050605963779e+00
6.944871589533391232e-01 3.518947608385579184e-01 1.150143050605963779e+00
6.938148752582904422e-01 3.510884007938075424e-01 1.146274310573926591e+00
6.929385005674368880e-01 3.510157750146808975e-01 1.142313811837740278e+00
6.921599731398877520e-01 3.501129609380833618e-01 1.139233332050728853e+00
6.921599731398877520e-01 3.501129609380833618e-01 1.139233332050728853e+00
6.922029505007175620e-01 3.475896827343071260e-01 1.135104921548053980e+00
6.914681035071296167e-01 3.469919543436856824e-01 1.134406699355386960e+00
6.910362555796413231e-01 3.463959881871400137e-01 1.131480121088860757e+00
6.910362555796413231e-01 3.463959881871400137e-01 1.131480121088860757e+00
6.897276628965071099e-01 3.456537903979909898e-01 1.129430471073834985e+00
6.878466778088910827e-01 3.436833359288546941e-01 1.125593882674052804e+00
6.878466778088910827e-01 3.436833359288546941e-01 1.125593882674052804e+00
6.864388356762931576e-01 3.417039120203556601e-01 1.122620583057782229e+00
6.840230186485738439e-01 3.397489510311610950e-01 1.120714544938901547e+00
6.840230186485738439e-01 3.397489510311610950e-01 1.120714544938901547e+00
6.820591014425207987e-01 3.377163623478887655e-01 1.117792710518693111e+00
6.816550553296857329e-01 3.352224094985696845e-01 1.115688824761262632e+00
6.816550553296857329e-01 3.352224094985696845e-01 1.115688824761262632e+00
6.800968068529743560e-01 3.346427850181639130e-01 1.113930715973764585e+00
6.794790928005735031e-01 3.333555535336528153e-01 1.112052096172989613e+00
6.784772276624946308e-01 3.330547927488696769e-01 1.110580248263688841e+00
6.780114051914224449e-01 3.318000033891109757e-01 1.109138063648544836e+00
6.780114051914224449e-01 3.318000033891109757e-01 1.109138063648544836e+00
6.769911357813658270e-01 3.304518782376797414e-01 1.107455448918310159e+00
6.760440379342581574e-01 3.294497662114388992e-01 1.106256169342810125e+00
6.750165038617470525e-01 3.285432924673549748e-01 1.104568276961923612e+00
6.745799059419425037e-01 3.273956417454035872e-01 1.103257686595400022e+00
6.745799059419425037e-01 3.273956417454035872e-01 1.103257686595400022e+00
6.731436628833266100e-01 3.268631188415501709e-01 1.101831635643601759e+00
6.723419686760343517e-01 3.258714731005414866e-01 1.100704803584341640e+00
6.723419686760343517e-01 3.258714731005414866e-01 1.100704803584341640e+00
6.716630209590346290e-01 3.238750755770880008e-01 1.098759784365474612e+00
6.716630209590346290e-01 3.238750755770880008e-01 1.098759784365474612e+00
6.692630743576545305e-01 3.224236472225164851e-01 1.096866745641206231e+00
6.692630743576545305e-01 3.224236472225164851e-01 1.096866745641206231e+00
6.679583763525602791e-01 3.191821027298918922e-01 1.094599628030768823e+00
6.679583763525602791e-01 3.191821027298918922e-01 1.094599628030768823e+00
6.656890102306680657e-01 3.171499161835126257e-01 1.091820934835945334e+00
6.646185986584232097e-01 3.160845294282050855e-01 1.089510972301138469e+00
6.640155788779514845e-01 3.152537116479264268e-01 1.089083696268059231e+00
6.635567905074257755e-01 3.132750913246271085e-01 1.087938554922950773e+00
6.624827416809591085e-01 3.132756759021755877e-01 1.086357829207330594e+00
6.624827416809591085e-01 3.132756759021755877e-01 1.086357829207330594e+00
6.616787433563700027e-01 3.118044169260274501e-01 1.085783547651331782e+00
6.609816589578062507e-01 3.112621227056717732e-01 1.085718964438462830e+00
6.600763315137251341e-01 3.104901421912856230e-01 1.084854674493098692e+00
6.597492147150938457e-01 3.095127755951835313e-01 1.084255071484052646e+00
6.597492147150938457e-01 3.095127755951835313e-01 1.084255071484052646e+00
6.592051517078723055e-01 3.088596343026567825e-01 1.083422085192082607e+00
6.582276095110912717e-01 3.075390304950180731e-01 1.083094237019953443e+00
6.572699837995699124e-01 3.074382352775712479e-01 1.083300401061103591e+00
6.569137345725724053e-01 3.070489896192499790e-01 1.082655541977477931e+00
6.564870142654666285e-01 3.063491470390153903e-01 1.082309393084143867e+00
6.560200833656365527e-01 3.058391761143113285e-01 1.083005770345021768e+00
6.560200833656365527e-01 3.058391761143113285e-01 1.083005770345021768e+00
6.554319421814159830e-01 3.057861435034797681e-01 1.082481687649677449e+00
6.551070373029241889e-01 3.053127906725032759e-01 1.082412030290877958e+00
6.551141180788090379e-01 3.051815886543705059e-01 1.082801826907290987e+00
6.551141180788090379e-01 3.051815886543705059e-01 1.082801826907290987e+00
6.550939546578050665e-01 3.052882293674777925e-01 1.082650761335127942e+00
6.546002625748338355e-01 3.056048927871848342e-01 1.082703255451791247e+00
6.547770654041197291e-01 3.053898096871739964e-01 1.081563887483892206e+00
6.548422862927067989e-01 3.054786884764046917e-01 1.082421662544026830e+00
6.545494151315198739e-01 3.058329459056764454e-01 1.082594565900843575e+00
6.545494151315198739e-01 3.058329459056764454e-01 1.082594565900843575e+00
6.548184147932631927e-01 3.052299934240464974e-01 1.082838814784421011e+00
6.546230919754399968e-01 3.056080446427523190e-01 1.082697914066090839e+00
6.546230919754399968e-01 3.056080446427523190e-01 1.082697914066090839e+00
6.546928201644389711e-01 3.055989682822254361e-01 1.082416368916745419e+00
6.550500622569287446e-01 3.049907826057054461e-01 1.082857036482530955e+00
6.549339554358868387e-01 3.050779211600468388e-01 1.082283246946309507e+00
6.549339554358868387e-01 3.050779211600468388e-01 1.082283246946309507e+00
6.551016361495705098e-01 3.053987140015461677e-01 1.082192003924250745e+00
6.545810788219605936e-01 3.059056297679152991e-01 1.082557067765568259e+00
6.547085101288719899e-01 3.052540552101253857e-01 1.083004810241916083e+00
6.547085101288719899e-01 3.052540552101253857e-01 1.083004810241916083e+00
6.548117343392133582e-01 3.054724518809019407e-01 1.082570359423463913e+00
6.548130929885500606e-01 3.054882101777292025e-01 1.082220506107249403e+00
6.547058521814416165e-01 3.058901527405542553e-01 1.082359289942511182e+00
6.547058521814416165e-01 3.058901527405542553e-01 1.082359289942511182e+00
6.547170264014099406e-01 3.056027808360017861e-01 1.082444140431915613e+00
6.547170264014099406e-01 3.056027808360017861e-01 1.082444140431915613e+00
6.545378636668897077e-01 3.057814573805337499e-01 1.082752913348809409e+00
6.547342319320349491e-01 3.060464960733737527e-01 1.082649975479704763e+00
6.547342319320349491e-01 3.060464960733737527e-01 1.082649975479704763e+00
6.547607306403697702e-01 3.055310971802084330e-01 1.082954630003452934e+00
6.549246894333009550e-01 3.051663675413800458e-01 1.082462426588689741e+00
6.545532148169062037e-01 3.057890808416935391e-01 1.082596553339754575e+00
6.545532148169062037e-01 3.057890808416935391e-01 1.082596553339754575e+00
6.549551038805803138e-01 3.058038122713434559e-01 1.081967564464082932e+00
6.545830084815049688e-01 3.060607005406206782e-01 1.082256871973321655e+00
6.542656859069491126e-01 3.062554407939337975e-01 1.082572707848426408e+00
6.548408433190162636e-01 3.054782176979083386e-01 1.082427063387183974e+00
6.543530907098489280e-01 3.064663266851764267e-01 1.082332614855221919e+00
6.543292937271487641e-01 3.064462677748904795e-01 1.082525030649033271e+00
6.546104070546023834e-01 3.059102038409338142e-01 1.082236093286559342e+00
6.547692982189106115e-01 3.053752161262607845e-01 1.082531819199642698e+00
6.548015972871554791e-01 3.052937183019389655e-01 1.082814399240861647e+00
6.549214977958542905e-01 3.053356778050950182e-01 1.082097794042735650e+00
6.549214977958542905e-01 3.053356778050950182e-01 1.082097794042735650e+00
6.551423798473667848e-01 3.052561625011115387e-01 1.082160257594602992e+00
6.544062629082088023e-01 3.061506204678645648e-01 1.082811311483928840e+00
6.544062629082088023e-01 3.061506204678645648e-01 1.082811311483928840e+00
6.549778138429767083e-01 3.055524142096753826e-01 1.082269248358508795e+00
6.549778138429767083e-01 3.055524142096753826e-01 1.082269248358508795e+00
6.548796998507300238e-01 3.055055493900547536e-01 1.082040444642253574e+00
6.548796998507300238e-01 3.055055493900547536e-01 1.082040444642253574e+00
6.549411354897628490e-01 3.051895122524924675e-01 1.081941327370362416e+00
6.549411354897628490e-01 3.051895122524924675e-01 1.081941327370362416e+00
6.547953256196464844e-01 3.058186336648419656e-01 1.082167511627477818e+00
6.547953256196464844e-01 3.058186336648419656e-01 1.082167511627477818e+00
6.546279910155992088e-01 3.059566928535873975e-01 1.082257502994595111e+00
6.546279910155992088e-01 3.059566928535873975e-01 1.082257502994595111e+00
6.548819764740393401e-01 3.049565068275231217e-01 1.082155440214723985e+00
6.548819764740393401e-01 3.049565068275231217e-01 1.082155440214723985e+00
6.549326081599847749e-01 3.051899026998748932e-01 1.082541808976505759e+00
6.549326081599847749e-01 3.051899026998748932e-01 1.082541808976505759e+00
6.545169963785287814e-01 3.058562143416340140e-01 1.082972119027359570e+00
6.549415266972699046e-01 3.052735742307781108e-01 1.081971540187037562e+00
6.545080175882757034e-01 3.063965167394367972e-01 1.082287787412533397e+00
6.550536546326306553e-01 3.053460562923187571e-01 1.082304247214469051e+00
6.550536546326306553e-01 3.053460562923187571e-01 1.082304247214469051e+00
6.546475259228481391e-01 3.058116408796708319e-01 1.082248340452366620e+00
6.547256661970353164e-01 3.057148453680035294e-01 1.082142519474651676e+00
6.547695924088554609e-01 3.054865738718917645e-01 1.082675847842653027e+00
6.545724951638058897e-01 3.057424624656051582e-01 1.082397511127562995e+00
6.545224138207752507e-01 3.059823051237299252e-01 1.082468076403348745e+00
6.548323079100151212e-01 3.054772793083843085e-01 1.082865440957843983e+00
6.548205878501829336e-01 3.055972697170432628e-01 1.081599322206894254e+00
6.548761091517804056e-01 3.056759944206921542e-01 1.081861012080994833e+00
6.548223728411132205e-01 3.056539602245750831e-01 1.082661788808239045e+00
6.545506680461226079e-01 3.058779803124846985e-01 1.082327875953875473e+00
6.545506680461226079e-01 3.058779803124846985e-01 1.082327875953875473e+00
6.545645338062066054e-01 3.059682046655451404e-01 1.082370205457418688e+00
6.549091607568692242e-01 3.057491649413394685e-01 1.081795070110350032e+00
6.549091607568692242e-01 3.057491649413394685e-01 1.081795070110350032e+00
6.547605885452373320e-01 3.057016854900043157e-01 1.082631961407744647e+00
6.547085449215331865e-01 3.053412368661584386e-01 1.082459092069962825e+00
6.551756764824371304e-01 3.049513165634432088e-01 1.082017006353068744e+00
6.545943179864032180e-01 3.059972541382861011e-01 1.082746420611456761e+00
6.545943179864032180e-01 3.059972541382861011e-01 1.082746420611456761e+00
6.548154657406783929e-01 3.057546333827094731e-01 1.082056701254521691e+00
6.546461971470016739e-01 3.058718606902034454e-01 1.081936630706878955e+00
6.547683001117314827e-01 3.059235912832457549e-01 1.082317298138947947e+00
6.550059937082651773e-01 3.052921975565294765e-01 1.082276775116125078e+00
6.546663051594789895e-01 3.054830918561927677e-01 1.082473359919960076e+00
6.545535912524744759e-01 3.060271654567643940e-01 1.082494623397737055e+00
6.548422862927067989e-01 3.054786884764046917e-01 1.082414033149495580e+00
6.549509984673289598e-01 3.054527822510913482e-01 1.082083300564484318e+00
6.549157555178398704e-01 3.052536466482557165e-01 1.082517401254502021e+00
6.549157555178398704e-01 3.052536466482557165e-01 1.082517401254502021e+00
6.548841172494569429e-01 3.051950643856070067e-01 1.082048265842219248e+00
6.549213210632605087e-01 3.052090758230252554e-01 1.082366708723248472e+00
6.549213210632605087e-01 3.052090758230252554e-01 1.082366708723248472e+00
6.548173107397199377e-01 3.061487974485498365e-01 1.081816874587617772e+00
6.549635342819924988e-01 3.053075252824872243e-01 1.082529596209540701e+00
6.542721128190184254e-01 3.067033771765241279e-01 1.082972918751246905e+00
6.542721128190184254e-01 3.067033771765241279e-01 1.082972918751246905e+00
6.549316738663064630e-01 3.051222658824432887e-01 1.082314010524454417e+00
6.549071835696564925e-01 3.054676122859673049e-01 1.082349129247364150e+00
6.549263107573330966e-01 3.053441485956932544e-01 1.082687320413858068e+00
6.549263107573330966e-01 3.053441485956932544e-01 1.082687320413858068e+00
6.549658311034339819e-01 3.050125915227103746e-01 1.082322309143521899e+00
6.549658311034339819e-01 3.050125915227103746e-01 1.082322309143521899e+00
6.550350450359725407e-01 3.052535415984123368e-01 1.082448121857686463e+00
6.550350450359725407e-01 3.052535415984123368e-01 1.082448121857686463e+00
6.549160628443581045e-01 3.053649983202046392e-01 1.082661463441607408e+00
6.549905966817854974e-01 3.053690444116682889e-01 1.081607946170496160e+00
6.549071693272974226e-01 3.053397859401969505e-01 1.082402227085737412e+00
6.549240556201798569e-01 3.054038763780128618e-01 1.082373573009338008e+00
6.544495743091051088e-01 3.061622224964636318e-01 1.082324332416666035e+00
6.547901804387334934e-01 3.053281740104953346e-01 1.082241453906871875e+00
6.547901804387334934e-01 3.053281740104953346e-01 1.082241453906871875e+00
6.546674058332321300e-01 3.056619121839203035e-01 1.082830413670608838e+00
6.546753447349817900e-01 3.060118127681397127e-01 1.082416743699245787e+00
6.546753447349817900e-01 3.060118127681397127e-01 1.082416743699245787e+00
6.544253364250867122e-01 3.068328296325993354e-01 1.081705967017554393e+00
6.544253364250867122e-01 3.068328296325993354e-01 1.081705967017554393e+00
6.549174514742017728e-01 3.051404078200690151e-01 1.082088816981128243e+00
6.549174514742017728e-01 3.051404078200690151e-01 1.082088816981128243e+00
6.550212812431857046e-01 3.054260705123588715e-01 1.081920403271991127e+00
6.550212812431857046e-01 3.054260705123588715e-01 1.081920403271991127e+00
6.548099615139315599e-01 3.056853607044998089e-01 1.081791808915436359e+00
6.546838060704081030e-01 3.052943062883288761e-01 1.082885734381533904e+00
6.548836607347435779e-01 3.055742756262695980e-01 1.082310809380532035e+00
6.549777903338033225e-01 3.051893045148974526e-01 1.081824739964971638e+00
6.549777903338033225e-01 3.051893045148974526e-01 1.081824739964971638e+00
6.546900365327422699e-01 3.055320755070711214e-01 1.082348603698868095e+00
6.546900365327422699e-01 3.055320755070711214e-01 1.082348603698868095e+00
6.548277419784633846e-01 3.053701786768504012e-01 1.082450245302025493e+00
6.547730669107478807e-01 3.053312964529133477e-01 1.082510898824460055e+00
6.547730669107478807e-01 3.053312964529133477e-01 1.082510898824460055e+00
6.545414713049045874e-01 3.062594310629318528e-01 1.081497400093755834e+00
6.545414713049045874e-01 3.062594310629318528e-01 1.081497400093755834e+00
6.545022962956851265e-01 3.062853747181708552e-01 1.082624163411333384e+00
6.549220564811779610e-01 3.050123139138313788e-01 1.082917701829636314e+00
6.546618508464879804e-01 3.060327955788844090e-01 1.082518667048139260e+00
6.544024520103646214e-01 3.060957327301592201e-01 1.082991536674247302e+00
6.548613953256766651e-01 3.054830078473563248e-01 1.082714578101106717e+00
6.546340846478024833e-01 3.057883163698340012e-01 1.082634052703270289e+00
6.543809043775090650e-01 3.061044372020531590e-01 1.082179701080863587e+00
6.543809043775090650e-01 3.061044372020531590e-01 1.082179701080863587e+00
6.546488361598900019e-01 3.057831504853997240e-01 1.082182483370858428e+00
6.548556399255510696e-01 3.054576435351937791e-01 1.082342661889989621e+00
6.549177556662818533e-01 3.053796131058608143e-01 1.082172131955223771e+00
6.549177556662818533e-01 3.053796131058608143e-01 1.082172131955223771e+00
6.547562016151895481e-01 3.053950358343446858e-01 1.082486471565028197e+00
6.549147364678956640e-01 3.050309367604187583e-01 1.082244066958525153e+00
6.549583294453428239e-01 3.053509057042337327e-01 1.082571224096639417e+00
6.549583294453428239e-01 3.053509057042337327e-01 1.082571224096639417e+00
6.549266631339599742e-01 3.052922868746508200e-01 1.082101978986745205e+00
6.549266631339599742e-01 3.052922868746508200e-01 1.082101978986745205e+00
6.548848862845351171e-01 3.053763668105514695e-01 1.082729994902554616e+00
6.548848862845351171e-01 3.053763668105514695e-01 1.082729994902554616e+00
6.547826380617729480e-01 3.056235845012299501e-01 1.082713632543949034e+00
6.549607893032036721e-01 3.048007879349529103e-01 1.082516193857157916e+00
6.545882338917178300e-01 3.060173508617505811e-01 1.082238089929676628e+00
6.545882338917178300e-01 3.060173508617505811e-01 1.082238089929676628e+00
6.545036804135622166e-01 3.060466034461007956e-01 1.082588765135919839e+00
6.548460338923901558e-01 3.054348450849563301e-01 1.082393042876540701e+00
6.547685408092962511e-01 3.051372509164167468e-01 1.082649294313426047e+00
6.547685408092962511e-01 3.051372509164167468e-01 1.082649294313426047e+00
6.546547751582861840e-01 3.061182595760474356e-01 1.082281164414307106e+00
6.552027556463860813e-01 3.048007240746097857e-01 1.081996323192631726e+00
6.552027556463860813e-01 3.048007240746097857e-01 1.081996323192631726e+00
6.548873111091133570e-01 3.051533353908828516e-01 1.082336519352231186e+00
6.548873111091133570e-01 3.051533353908828516e-01 1.082336519352231186e+00
6.549668523165164125e-01 3.051523078047440607e-01 1.082379675002711483e+00
6.548159279757933549e-01 3.054563856324778448e-01 1.082462876081463410e+00
6.546173775493218105e-01 3.057803146028127972e-01 1.082750049727225328e+00
6.546173775493218105e-01 3.057803146028127972e-01 1.082750049727225328e+00
6.550780586757931623e-01 3.055192106139432706e-01 1.081646429254342623e+00
6.550780586757931623e-01 3.055192106139432706e-01 1.081646429254342623e+00
6.545539591305616911e-01 3.051556769856749174e-01 1.082633252638674382e+00
6.546366884614442938e-01 3.055654517348960764e-01 1.082241294153791333e+00
6.546366884614442938e-01 3.055654517348960764e-01 1.082241294153791333e+00
6.545029716005231757e-01 3.061135538712710380e-01 1.082799788023949050e+00
6.548262226883644344e-01 3.054683492943063294e-01 1.082296405545186246e+00
6.547143275349698310e-01 3.055357721793164338e-01 1.082330764594567007e+00
6.547370319681655726e-01 3.058083285842708166e-01 1.082624163411333384e+00
6.549214945928029108e-01 3.051371429755853626e-01 1.082522070033891559e+00
6.550321882318307365e-01 3.052525487371897661e-01 1.082420849755302950e+00
6.548725545734424003e-01 3.055065229149996342e-01 1.082643085562087659e+00
6.546230689379051171e-01 3.062163555193351261e-01 1.081796244396026951e+00
6.546230689379051171e-01 3.062163555193351261e-01 1.081796244396026951e+00
