6.634855189244521778e-01 2.653681013734480176e-01 1.041801205558831933e+00
6.636250329450614771e-01 2.652355436875027950e-01 1.042256555920472616e+00
6.635542030160942462e-01 2.654979200733340039e-01 1.040719160243343433e+00
6.633993268943144672e-01 2.658451304892318068e-01 1.042113349990996030e+00
6.638333943390164471e-01 2.648671469403006129e-01 1.041604234532571782e+00
6.635998247327321575e-01 2.648641888518145082e-01 1.042006370852564423e+00
6.635998247327321575e-01 2.648641888518145082e-01 1.042006370852564423e+00
6.633787556149705056e-01 2.652392818508024774e-01 1.041924625437984364e+00
6.632772030703054655e-01 2.662018726167293403e-01 1.042125805500327296e+00
6.632772030703054655e-01 2.662018726167293403e-01 1.042125805500327296e+00
6.633943433611843021e-01 2.654581635216926583e-01 1.041490178643161624e+00
6.633943433611843021e-01 2.654581635216926583e-01 1.041490178643161624e+00
6.635059595436533231e-01 2.651993181712152259e-01 1.041942378846526740e+00
6.632716043329420774e-01 2.653651995370778227e-01 1.042569142037052199e+00
6.633719813118716946e-01 2.655817500679317766e-01 1.041602204571239643e+00
6.633719813118716946e-01 2.655817500679317766e-01 1.041602204571239643e+00
6.630957353342192828e-01 2.660581998709085627e-01 1.041731642253275414e+00
6.634157031766234613e-01 2.655542985483013707e-01 1.041279869794502488e+00
6.634157031766234613e-01 2.655542985483013707e-01 1.041279869794502488e+00
6.634589659293653741e-01 2.650391939074957515e-01 1.041883936385616272e+00
6.636199215978607624e-01 2.653662022294812073e-01 1.041407084341847478e+00
6.636199215978607624e-01 2.653662022294812073e-01 1.041407084341847478e+00
6.634103391137425865e-01 2.654227413599770102e-01 1.041208566473626140e+00
6.634116222089531112e-01 2.651401348485371567e-01 1.041799204819383817e+00
6.634116222089531112e-01 2.651401348485371567e-01 1.041799204819383817e+00
6.633402457067518743e-01 2.658159811327034383e-01 1.041501599384994092e+00
6.633707706542955052e-01 2.655164333815683841e-01 1.041446770885624984e+00
6.633707706542955052e-01 2.655164333815683841e-01 1.041446770885624984e+00
6.634508218921906231e-01 2.649989619723003287e-01 1.041851152473568298e+00
6.634253281012151282e-01 2.652988314201233933e-01 1.042362647219327254e+00
6.636161177520611965e-01 2.652852217216435937e-01 1.042258590050858302e+00
6.635783074219328004e-01 2.653840331870203073e-01 1.041912191866216419e+00
6.635783074219328004e-01 2.653840331870203073e-01 1.041912191866216419e+00
6.632772556809310993e-01 2.653894433444892731e-01 1.042175395265601434e+00
6.633852990605643152e-01 2.658941348749422340e-01 1.041666222969682920e+00
6.633852990605643152e-01 2.658941348749422340e-01 1.041666222969682920e+00
6.633734882951580758e-01 2.655248279736321937e-01 1.042021749942102726e+00
6.633734882951580758e-01 2.655248279736321937e-01 1.042021749942102726e+00
6.636908022882572755e-01 2.653766185428133029e-01 1.041744723339926626e+00
6.629560233865405827e-01 2.664012948478773901e-01 1.042567873462088235e+00
6.629560233865405827e-01 2.664012948478773901e-01 1.042567873462088235e+00
6.636853156197902726e-01 2.652371181791591814e-01 1.041806250801766920e+00
6.637813101118488213e-01 2.649926166409742323e-01 1.041658095076657631e+00
6.635660076985553379e-01 2.655871713579168181e-01 1.041666356529335591e+00
6.635660076985553379e-01 2.655871713579168181e-01 1.041666356529335591e+00
6.631611437160892519e-01 2.657572954742263294e-01 1.042191898291127572e+00
6.635388981849745793e-01 2.652165236865307030e-01 1.042191966025167504e+00
6.636214005411860128e-01 2.658288740830637154e-01 1.041344790283815769e+00
6.636214005411860128e-01 2.658288740830637154e-01 1.041344790283815769e+00
6.634202384335597946e-01 2.649898740559277210e-01 1.042184459180964140e+00
6.634202384335597946e-01 2.649898740559277210e-01 1.042184459180964140e+00
6.633930079081603592e-01 2.658098790569520253e-01 1.041480271100778232e+00
6.638644606516658220e-01 2.653810451511706137e-01 1.041457851549968172e+00
6.634857598977710325e-01 2.654776418511098357e-01 1.042034161251166324e+00
6.634857598977710325e-01 2.654776418511098357e-01 1.042034161251166324e+00
6.637526499935874069e-01 2.650199939211015931e-01 1.041874132698969335e+00
6.638933795315515862e-01 2.647536240316451517e-01 1.042255166230263042e+00
6.638933795315515862e-01 2.647536240316451517e-01 1.042255166230263042e+00
6.635941237761612266e-01 2.651257058333891803e-01 1.041520565811212773e+00
6.634944996492541103e-01 2.656361409058858314e-01 1.042095117318470265e+00
6.633637903428246663e-01 2.655270438918032605e-01 1.042283591611310900e+00
6.639219629428716463e-01 2.648721835522436230e-01 1.041367657669474145e+00
6.639219629428716463e-01 2.648721835522436230e-01 1.041367657669474145e+00
6.635643837109234111e-01 2.654362257492247634e-01 1.042632733971764258e+00
6.637388618620051473e-01 2.649775142599352651e-01 1.041678000921388847e+00
6.640357562403487179e-01 2.643355284807659689e-01 1.041848696494648507e+00
6.640357562403487179e-01 2.643355284807659689e-01 1.041848696494648507e+00
6.636217342013820408e-01 2.643314074086571264e-01 1.041803918059871492e+00
6.644222491334397240e-01 2.624562839209531040e-01 1.041773422441092833e+00
6.652926209584051342e-01 2.599711245769642520e-01 1.041688759350843263e+00
6.652926209584051342e-01 2.599711245769642520e-01 1.041688759350843263e+00
6.658384144494197132e-01 2.578115397094206673e-01 1.041985964395566011e+00
6.672738775511208864e-01 2.538126852906468223e-01 1.042162560759005041e+00
6.672738775511208864e-01 2.538126852906468223e-01 1.042162560759005041e+00
6.691626352792141574e-01 2.482593365935181762e-01 1.042225482906616651e+00
6.695497056781423151e-01 2.456232564360285864e-01 1.041749362944986323e+00
6.709852966766847171e-01 2.413615586291630866e-01 1.041898107846561672e+00
6.709852966766847171e-01 2.413615586291630866e-01 1.041898107846561672e+00
6.724019113252954760e-01 2.364127331231575535e-01 1.042022424148116633e+00
6.738739706916976324e-01 2.314362227011954876e-01 1.042430937589483353e+00
6.751650228355139394e-01 2.267126603818809261e-01 1.042222129773725303e+00
6.762115829555356283e-01 2.223476497845297550e-01 1.042178137843877694e+00
6.762115829555356283e-01 2.223476497845297550e-01 1.042178137843877694e+00
6.776151543482116235e-01 2.187622934617338144e-01 1.042482832946123317e+00
6.776151543482116235e-01 2.187622934617338144e-01 1.042482832946123317e+00
6.792712082014566999e-01 2.112284931423762113e-01 1.042880250803484454e+00
6.792712082014566999e-01 2.112284931423762113e-01 1.042880250803484454e+00
6.816806591561667128e-01 2.032038450033078480e-01 1.042621514024061113e+00
6.824992548844421858e-01 1.983091094122963749e-01 1.043848912179839328e+00
6.824992548844421858e-01 1.983091094122963749e-01 1.043848912179839328e+00
6.838193903589584455e-01 1.936101256713014529e-01 1.042698580085203997e+00
6.846508782037644680e-01 1.906723297080596680e-01 1.042895426814192339e+00
6.846508782037644680e-01 1.906723297080596680e-01 1.042895426814192339e+00
6.852381328204540933e-01 1.880919787057132864e-01 1.043148870449582155e+00
6.852381328204540933e-01 1.880919787057132864e-01 1.043148870449582155e+00
6.878385307510389568e-01 1.780831700385925032e-01 1.043578245891471301e+00
6.878385307510389568e-01 1.780831700385925032e-01 1.043578245891471301e+00
6.896587050931594076e-01 1.707016969457927358e-01 1.044148569314727437e+00
6.906420179739237719e-01 1.680448638173947518e-01 1.043446459064937049e+00
6.906420179739237719e-01 1.680448638173947518e-01 1.043446459064937049e+00
6.926654301963414140e-01 1.635654469188409510e-01 1.044192221837518808e+00
6.948530595019367651e-01 1.589131313679282287e-01 1.043552122106176538e+00
6.967996310655034664e-01 1.554417084008644367e-01 1.043540213964723629e+00
6.987398595393693457e-01 1.515623858508375887e-01 1.043851750015453606e+00
7.001257653567649619e-01 1.499807010088274328e-01 1.042775433758070358e+00
7.001257653567649619e-01 1.499807010088274328e-01 1.042775433758070358e+00
7.021088219729803015e-01 1.473969563471509148e-01 1.042442487873441070e+00
7.050628341941906907e-01 1.438045720036953690e-01 1.042891519602864525e+00
7.050628341941906907e-01 1.438045720036953690e-01 1.042891519602864525e+00
7.086020394199218364e-01 1.399598392830936344e-01 1.042382954121924499e+00
7.103020123809076214e-01 1.383220876676692912e-01 1.041758507026793623e+00
7.119972460914316681e-01 1.363017802728321015e-01 1.042285020476953594e+00
7.135585468128715636e-01 1.341356426256198886e-01 1.041946556400759505e+00
7.148819825293751817e-01 1.329945409765822262e-01 1.041207324577299254e+00
7.148819825293751817e-01 1.329945409765822262e-01 1.041207324577299254e+00
7.167694657200224251e-01 1.314521597097486061e-01 1.041774817002087072e+00
7.167694657200224251e-01 1.314521597097486061e-01 1.041774817002087072e+00
7.199448209825614065e-01 1.296059512244447098e-01 1.041706822656434328e+00
7.199448209825614065e-01 1.296059512244447098e-01 1.041706822656434328e+00
7.232399663638249265e-01 1.275202180799798191e-01 1.040896354252661249e+00
7.232399663638249265e-01 1.275202180799798191e-01 1.040896354252661249e+00
7.254070624213878604e-01 1.251662004979990361e-01 1.040888696441322647e+00
7.271729799203007216e-01 1.246409861636864347e-01 1.040881642567639265e+00
7.271729799203007216e-01 1.246409861636864347e-01 1.040881642567639265e+00
7.294872308274661377e-01 1.227047206471468810e-01 1.041323000076639138e+00
7.308523976186884763e-01 1.222521023636183729e-01 1.040715557506570743e+00
7.322089382688387049e-01 1.215147198311738314e-01 1.040762983175326450e+00
7.322089382688387049e-01 1.215147198311738314e-01 1.040762983175326450e+00
7.341332568087173271e-01 1.203735651258314443e-01 1.040777583511748539e+00
7.341332568087173271e-01 1.203735651258314443e-01 1.040777583511748539e+00
7.373139152388272777e-01 1.193582131660010787e-01 1.039883995386167381e+00
7.373139152388272777e-01 1.193582131660010787e-01 1.039883995386167381e+00
7.400906395840669560e-01 1.183799446600512922e-01 1.040509855376730020e+00
7.400906395840669560e-01 1.183799446600512922e-01 1.040509855376730020e+00
7.428860519206944568e-01 1.182365983290917522e-01 1.041315068526908583e+00
7.428860519206944568e-01 1.182365983290917522e-01 1.041315068526908583e+00
7.455642045056893874e-01 1.175163884736448311e-01 1.041007634058773945e+00
7.491283116575762069e-01 1.162270625882148578e-01 1.041693322684404954e+00
7.525006641792827411e-01 1.159548335839358096e-01 1.041174137713023029e+00
7.525006641792827411e-01 1.159548335839358096e-01 1.041174137713023029e+00
7.545745652382972457e-01 1.147950534633120773e-01 1.042263381576244985e+00
7.560201142857131407e-01 1.146543851339843489e-01 1.042553327325437040e+00
7.575117580605456036e-01 1.144605374435274242e-01 1.042538674290406142e+00
7.598835213928488708e-01 1.138906739196547668e-01 1.043833513208229036e+00
7.617560461928928328e-01 1.125883495086339031e-01 1.043366743690333998e+00
7.631832039557991942e-01 1.133077526046417233e-01 1.043897325748554650e+00
7.649220444115745199e-01 1.115076778885038672e-01 1.042901341292881146e+00
7.649220444115745199e-01 1.115076778885038672e-01 1.042901341292881146e+00
7.667994132866802204e-01 1.113484575829341433e-01 1.044504641831095260e+00
7.667994132866802204e-01 1.113484575829341433e-01 1.044504641831095260e+00
7.701361824249298715e-01 1.110685284005270973e-01 1.044956297930417888e+00
7.701361824249298715e-01 1.110685284005270973e-01 1.044956297930417888e+00
7.742890413854651710e-01 1.104778247054693935e-01 1.046037664962772507e+00
7.773975476898677961e-01 1.112931229954587792e-01 1.046555717025402954e+00
7.785160089124574245e-01 1.107214918269993215e-01 1.047862132279573588e+00
7.796177304694236199e-01 1.120981284586594490e-01 1.047491138226562146e+00
7.796177304694236199e-01 1.120981284586594490e-01 1.047491138226562146e+00
7.821058623099815810e-01 1.105645491681455234e-01 1.048351996304006883e+00
7.830330028198643211e-01 1.111658125219805587e-01 1.048364241091890081e+00
7.830330028198643211e-01 1.111658125219805587e-01 1.048364241091890081e+00
7.853821626884992524e-01 1.116207410288222596e-01 1.049696474180464634e+00
7.853821626884992524e-01 1.116207410288222596e-01 1.049696474180464634e+00
7.882751700543019213e-01 1.121514181596203613e-01 1.051224910945311786e+00
7.882751700543019213e-01 1.121514181596203613e-01 1.051224910945311786e+00
7.900588083939790174e-01 1.120669518511135249e-01 1.051896648103949561e+00
7.910812105926956495e-01 1.123916761562416822e-01 1.052261242815764497e+00
7.926663374288672737e-01 1.126181567395918709e-01 1.052510889710756459e+00
7.926663374288672737e-01 1.126181567395918709e-01 1.052510889710756459e+00
7.952984057321990097e-01 1.143892534288899615e-01 1.053204415855995890e+00
7.952984057321990097e-01 1.143892534288899615e-01 1.053204415855995890e+00
7.976367537343257430e-01 1.164599040048455020e-01 1.054954839702751945e+00
7.997880184250418800e-01 1.194389221966474929e-01 1.054856481913826638e+00
8.006729455131897932e-01 1.213869621477960542e-01 1.054887606115413767e+00
8.022410885524686730e-01 1.222117140262131696e-01 1.055707187382547430e+00
8.022410885524686730e-01 1.222117140262131696e-01 1.055707187382547430e+00
8.035074454566661917e-01 1.247794943405846624e-01 1.056216444076353733e+00
8.052441514069607065e-01 1.264449669070089044e-01 1.056860642068240264e+00
8.052441514069607065e-01 1.264449669070089044e-01 1.056860642068240264e+00
8.063895940184683253e-01 1.292614125003176684e-01 1.057042554609012530e+00
8.073685471076831321e-01 1.297282296084644737e-01 1.057416068309472212e+00
8.084727849623434270e-01 1.318621798131402456e-01 1.058774023845402423e+00
8.095079619450984421e-01 1.335492648239984537e-01 1.058535104140468697e+00
8.102926907903302833e-01 1.345284995563995056e-01 1.059873683102123376e+00
8.116313331639770645e-01 1.365690021359260431e-01 1.059892106777670095e+00
8.126255338051385779e-01 1.369435766573638136e-01 1.061022138570939743e+00
8.126255338051385779e-01 1.369435766573638136e-01 1.061022138570939743e+00
8.143708821982732493e-01 1.383351207689583473e-01 1.061960443947422172e+00
8.150005912571691713e-01 1.401836126573802466e-01 1.062771023452468100e+00
8.162984836939781719e-01 1.406075590264585229e-01 1.063675610052720266e+00
8.173398918812651015e-01 1.412169780339459224e-01 1.063996741282177583e+00
8.173398918812651015e-01 1.412169780339459224e-01 1.063996741282177583e+00
8.185594470651464949e-01 1.426930451308115189e-01 1.064951090640994025e+00
8.197251556772313652e-01 1.436526427551343688e-01 1.066587782790295647e+00
8.204963814034840208e-01 1.440702880499059868e-01 1.066479113642617049e+00
8.213530768414787353e-01 1.452883641313504060e-01 1.068010599374869196e+00
8.213530768414787353e-01 1.452883641313504060e-01 1.068010599374869196e+00
8.228565080770811058e-01 1.462513394554511015e-01 1.068524200164518767e+00
8.235567595468660240e-01 1.462908111265373290e-01 1.069488616653453850e+00
8.248837483375480728e-01 1.469261873383834460e-01 1.070408329925597535e+00
8.258334229061248255e-01 1.469837114249003540e-01 1.071202647712506506e+00
8.258334229061248255e-01 1.469837114249003540e-01 1.071202647712506506e+00
8.268484601149547197e-01 1.471924419242083837e-01 1.072191465161099977e+00
8.283263504558693313e-01 1.478782877799487139e-01 1.074278964575001272e+00
8.296569592786746661e-01 1.474382184068419310e-01 1.074797921719291338e+00
8.303940291638058913e-01 1.476586168784461695e-01 1.075043395446373395e+00
8.313580947346395078e-01 1.483137422925866200e-01 1.076365693881385477e+00
8.321076929154878066e-01 1.482819631632576185e-01 1.077185801358941486e+00
8.321076929154878066e-01 1.482819631632576185e-01 1.077185801358941486e+00
8.334826077647443654e-01 1.471898442548808528e-01 1.078038086957433528e+00
8.334826077647443654e-01 1.471898442548808528e-01 1.078038086957433528e+00
8.341527382674257529e-01 1.479026960697847337e-01 1.079392956328301345e+00
8.351077055191886700e-01 1.471728112143393108e-01 1.079674798785829726e+00
8.354298978172129964e-01 1.481324894875042930e-01 1.080260776135840262e+00
8.356353625781349770e-01 1.480305728559352940e-01 1.081096336404571367e+00
8.357071719485890116e-01 1.485542380041792732e-01 1.080604576245097759e+00
8.361470734576454955e-01 1.476324315434138501e-01 1.081344725251929484e+00
8.362210780057220960e-01 1.477884734036167269e-01 1.081056687476180889e+00
8.363732858513421853e-01 1.476124886668475356e-01 1.080340223325964688e+00
8.363732858513421853e-01 1.476124886668475356e-01 1.080340223325964688e+00
8.365688590063644625e-01 1.471550454700478461e-01 1.080090937727439027e+00
8.364274216319759203e-01 1.475173126034958204e-01 1.081523611693490317e+00
8.365523808000280281e-01 1.474343269838522263e-01 1.080451594867282372e+00
8.366315276020029890e-01 1.477716712346759387e-01 1.080605661569456588e+00
8.366205132954395163e-01 1.477484035830820552e-01 1.081577713216024250e+00
8.369601559038758465e-01 1.474559662290188256e-01 1.081169688974255694e+00
8.370134408203168119e-01 1.471483723997221438e-01 1.081312237357069161e+00
8.369680146462107340e-01 1.473036750022180819e-01 1.081224478975481240e+00
8.371113240074351536e-01 1.469431346614356593e-01 1.081205604520935060e+00
8.371605420844985268e-01 1.470394413748146167e-01 1.081796883678511678e+00
8.371257227901957032e-01 1.469790612928124907e-01 1.081170420293697365e+00
8.371257227901957032e-01 1.469790612928124907e-01 1.081170420293697365e+00
8.368966015222396582e-01 1.470060197382627720e-01 1.081846359718168227e+00
8.368617538316464044e-01 1.487205398383342758e-01 1.081587069035033100e+00
8.373492540568556741e-01 1.466725209496519966e-01 1.081022129005262844e+00
8.371597458619960408e-01 1.479415601797295088e-01 1.081079611196664736e+00
8.371597458619960408e-01 1.479415601797295088e-01 1.081079611196664736e+00
8.373354329632987092e-01 1.470953116143967621e-01 1.079864435855669047e+00
8.375976245892575722e-01 1.481991565155520996e-01 1.078077613442714577e+00
8.381461395236212697e-01 1.477160192328484389e-01 1.074407243496626529e+00
8.388090184342305022e-01 1.477144572579875414e-01 1.071031402700804547e+00
8.391966361842355671e-01 1.477623498211469988e-01 1.067307553473895831e+00
8.391966361842355671e-01 1.477623498211469988e-01 1.067307553473895831e+00
8.399051493462204032e-01 1.499587280114721699e-01 1.062727953195578889e+00
8.404127616651037025e-01 1.493009347634456918e-01 1.058632323361888616e+00
8.411701792531539601e-01 1.493083967870349471e-01 1.055595355506012689e+00
8.413965996552199567e-01 1.488642107517534341e-01 1.053082446289115293e+00
8.413965996552199567e-01 1.488642107517534341e-01 1.053082446289115293e+00
8.418703794940206597e-01 1.489248636325135877e-01 1.049359627177598675e+00
8.421291756658219052e-01 1.498516926167929031e-01 1.045250642425190390e+00
8.423734713708599386e-01 1.488975578961431179e-01 1.044630074990118063e+00
8.426372655037714932e-01 1.494244253394684807e-01 1.043200550881784094e+00
8.426372655037714932e-01 1.494244253394684807e-01 1.043200550881784094e+00
8.428875745188608715e-01 1.501432393979417745e-01 1.040047550318186520e+00
8.428875745188608715e-01 1.501432393979417745e-01 1.040047550318186520e+00
8.431246073714236955e-01 1.495197634284357868e-01 1.037549026653074691e+00
8.431246073714236955e-01 1.495197634284357868e-01 1.037549026653074691e+00
8.433319360937013842e-01 1.501100429556664340e-01 1.035936242433526999e+00
8.434603396490639726e-01 1.497443600311458289e-01 1.034163446615477211e+00
8.435980267278674338e-01 1.497956188338185890e-01 1.032807647048097355e+00
8.438647341472405028e-01 1.500586780434091938e-01 1.031564032629654015e+00
8.440642592401751410e-01 1.507397615147821057e-01 1.030593123392636201e+00
8.440642592401751410e-01 1.507397615147821057e-01 1.030593123392636201e+00
8.445132783332949256e-01 1.506464749868739461e-01 1.029469457768755092e+00
8.449712271179250500e-01 1.508558891588302753e-01 1.027980437210699538e+00
8.458058240896844104e-01 1.502234290768109382e-01 1.026645195884164474e+00
8.464734690708243248e-01 1.510254369443935207e-01 1.025420808789535343e+00
8.464734690708243248e-01 1.510254369443935207e-01 1.025420808789535343e+00
8.475564418015254509e-01 1.496190020801781984e-01 1.024408903424050887e+00
8.490078285480248121e-01 1.501763821525203546e-01 1.022748633358761650e+00
8.500057599957528964e-01 1.493920920239437400e-01 1.022166127813769698e+00
8.500057599957528964e-01 1.493920920239437400e-01 1.022166127813769698e+00
8.512922430625448067e-01 1.495627801138186552e-01 1.020679085725262558e+00
8.512922430625448067e-01 1.495627801138186552e-01 1.020679085725262558e+00
8.530640317464512901e-01 1.488058872254968967e-01 1.018773484305724786e+00
8.530640317464512901e-01 1.488058872254968967e-01 1.018773484305724786e+00
8.549369929181469541e-01 1.501779220474087351e-01 1.017984671612719438e+00
8.549369929181469541e-01 1.501779220474087351e-01 1.017984671612719438e+00
8.568340900140632987e-01 1.498047861509692324e-01 1.014867180943875180e+00
8.580024901266101178e-01 1.509847019827239289e-01 1.011586767481356786e+00
8.580024901266101178e-01 1.509847019827239289e-01 1.011586767481356786e+00
8.594652321310780607e-01 1.493133341181354934e-01 1.009397317595603916e+00
8.598566750525143965e-01 1.511486290669264709e-01 1.007484252887159482e+00
8.603996812276524242e-01 1.501113622216718457e-01 1.006174537528694124e+00
8.603996812276524242e-01 1.501113622216718457e-01 1.006174537528694124e+00
8.612012268637411205e-01 1.499901340978245234e-01 1.004955743962650416e+00
8.616305704521305397e-01 1.502861014113658078e-01 1.003508557816507274e+00
8.620510519403660199e-01 1.498814063797676011e-01 1.000794164462390778e+00
8.622993199763624439e-01 1.495350585631303186e-01 1.001155369122133543e+00
8.622980804394295706e-01 1.501982883320216455e-01 9.998281556621082533e-01
8.627166129181771392e-01 1.502094818742076843e-01 9.980977684420528906e-01
8.627166129181771392e-01 1.502094818742076843e-01 9.980977684420528906e-01
8.629176332184973486e-01 1.502429083132892640e-01 9.954263974816423000e-01
8.629176332184973486e-01 1.502429083132892640e-01 9.954263974816423000e-01
8.631305474373224262e-01 1.503354594028536717e-01 9.933389382753589070e-01
8.628134349125333724e-01 1.514927869167963237e-01 9.903149947791525243e-01
8.632021183257428953e-01 1.505050066764030692e-01 9.894965490328617719e-01
8.632951708199270158e-01 1.510535278066732212e-01 9.874292917216840326e-01
8.635375612003287626e-01 1.492763465256768396e-01 9.870547954506007082e-01
8.635375612003287626e-01 1.492763465256768396e-01 9.870547954506007082e-01
8.636351648210297549e-01 1.497064283615928415e-01 9.850078866681324374e-01
8.633625894512961807e-01 1.511809874030315692e-01 9.838540847376671117e-01
8.634067978195885118e-01 1.509212186215593554e-01 9.826577934035449768e-01
8.633352482852236776e-01 1.512674449667418541e-01 9.828140476244815460e-01
8.636961875188652327e-01 1.509472993926841144e-01 9.813889873556851384e-01
8.636013724598224917e-01 1.510923738623727031e-01 9.788899801893238273e-01
8.635570928208067265e-01 1.508847981281493389e-01 9.784185777216491964e-01
8.635570928208067265e-01 1.508847981281493389e-01 9.784185777216491964e-01
8.637883454102616154e-01 1.507712434777833954e-01 9.767157527451052479e-01
8.637268296265832035e-01 1.524285318340546092e-01 9.780205113383924065e-01
8.638705451822952242e-01 1.524154645023073074e-01 9.771179931942142183e-01
8.638705451822952242e-01 1.524154645023073074e-01 9.771179931942142183e-01
8.636473436854679164e-01 1.535587801670666996e-01 9.763761799609114167e-01
8.636473436854679164e-01 1.535587801670666996e-01 9.763761799609114167e-01
8.637759754326741479e-01 1.547940541699497630e-01 9.753965769390426921e-01
8.639395724753399231e-01 1.563928557560348154e-01 9.749247910873005685e-01
8.639395724753399231e-01 1.563928557560348154e-01 9.749247910873005685e-01
8.640501463541678806e-01 1.581453911145690172e-01 9.739525385284832915e-01
8.642011609687997309e-01 1.592959629937002741e-01 9.728750523152550622e-01
8.641912536557946334e-01 1.601080497983403406e-01 9.712629253258252549e-01
8.642860697363048406e-01 1.600254469418542214e-01 9.708484899435896320e-01
8.642739600688493784e-01 1.604808578284021015e-01 9.705476126707460738e-01
8.642739600688493784e-01 1.604808578284021015e-01 9.705476126707460738e-01
8.643653546954105371e-01 1.610370576554999988e-01 9.702036562320240920e-01
8.643653546954105371e-01 1.610370576554999988e-01 9.702036562320240920e-01
8.642015654572782202e-01 1.612271495321399295e-01 9.704600496666571097e-01
8.646878097355841231e-01 1.606077634819230993e-01 9.703457701930701118e-01
8.646878097355841231e-01 1.606077634819230993e-01 9.703457701930701118e-01
8.647759241500233562e-01 1.592885337588828276e-01 9.705465902009309254e-01
8.654199403297712090e-01 1.568390606259872089e-01 9.698624286541055461e-01
8.655841698841921783e-01 1.563476213092823142e-01 9.702419470779559685e-01
8.657426103518208738e-01 1.550730648811984025e-01 9.704826388420614292e-01
8.657426103518208738e-01 1.550730648811984025e-01 9.704826388420614292e-01
8.659821267689126190e-01 1.546073966640479636e-01 9.700639741452437015e-01
8.659935579024212737e-01 1.538748947496508535e-01 9.702473567993354919e-01
8.662894076393884424e-01 1.534271313179285945e-01 9.704956731830992611e-01
8.662727105566525587e-01 1.529112202278621879e-01 9.703295365579764908e-01
8.662727105566525587e-01 1.529112202278621879e-01 9.703295365579764908e-01
8.661702424480107743e-01 1.538483556397617913e-01 9.703108597104410649e-01
8.664310061925757367e-01 1.528363289081512977e-01 9.704952397784435414e-01
8.664011805848926828e-01 1.529148052229749033e-01 9.702641214610270293e-01
8.664180827128857842e-01 1.523274118590181303e-01 9.710015019950819504e-01
8.664180827128857842e-01 1.523274118590181303e-01 9.710015019950819504e-01
8.662333971112508024e-01 1.531500232416119212e-01 9.706979049380997093e-01
8.663542107744327536e-01 1.523129337302783770e-01 9.703519586721092161e-01
8.663542107744327536e-01 1.523129337302783770e-01 9.703519586721092161e-01
8.662784697702816672e-01 1.532418602630956639e-01 9.709395427568614512e-01
8.660221625624583419e-01 1.531750221318337601e-01 9.699994787576868838e-01
8.660221625624583419e-01 1.531750221318337601e-01 9.699994787576868838e-01
8.663069261270975874e-01 1.530019336582205680e-01 9.703408186861255391e-01
8.660234081097537562e-01 1.537910584310381579e-01 9.695524525571144192e-01
8.662973887971203713e-01 1.531081798651464931e-01 9.708089492660604281e-01
8.662973887971203713e-01 1.531081798651464931e-01 9.708089492660604281e-01
8.662631290826207087e-01 1.519284971205029089e-01 9.700977588705379517e-01
8.663912179851629425e-01 1.523037859008663231e-01 9.703279472196473243e-01
8.662241948636547617e-01 1.528296399623826352e-01 9.698847262077966436e-01
8.662698585260193429e-01 1.526071879837953837e-01 9.700095967758031179e-01
8.663087358695673590e-01 1.528662311285440278e-01 9.702748656747999245e-01
8.661761487315383645e-01 1.538487889490693095e-01 9.704738155315956183e-01
8.661761487315383645e-01 1.538487889490693095e-01 9.704738155315956183e-01
8.664432550955378787e-01 1.528702587248023381e-01 9.703505199644236745e-01
8.664432550955378787e-01 1.528702587248023381e-01 9.703505199644236745e-01
8.662464596764144487e-01 1.529787913097014895e-01 9.707411400447618632e-01
8.662464596764144487e-01 1.529787913097014895e-01 9.707411400447618632e-01
8.662591333000765337e-01 1.529378497753756116e-01 9.711554657190496487e-01
8.662591333000765337e-01 1.529378497753756116e-01 9.711554657190496487e-01
8.661465896871366477e-01 1.531753813982534296e-01 9.705934790896942888e-01
8.663697363884910185e-01 1.528709805288903101e-01 9.710440096844918934e-01
8.663881282719433363e-01 1.528113878541779436e-01 9.707274998706111324e-01
8.662762251744945408e-01 1.534151606634906462e-01 9.707759288891325555e-01
8.662762251744945408e-01 1.534151606634906462e-01 9.707759288891325555e-01
8.661350774069569436e-01 1.529372909587033424e-01 9.705228259841627292e-01
8.665291599460779315e-01 1.521663330593532315e-01 9.705957734492675071e-01
8.662417387929931545e-01 1.531215716026364804e-01 9.701248434215308247e-01
8.662417387929931545e-01 1.531215716026364804e-01 9.701248434215308247e-01
8.663663069022538021e-01 1.518317991647642751e-01 9.703111668582722338e-01
8.662256998380701845e-01 1.540726226690736222e-01 9.707874266262809249e-01
8.662239863621653546e-01 1.530899747746863049e-01 9.706647119771885102e-01
8.662920398084940077e-01 1.519471845161895207e-01 9.710935305695276298e-01
8.662920398084940077e-01 1.519471845161895207e-01 9.710935305695276298e-01
8.663795139246470711e-01 1.525806596895176170e-01 9.701374981564524491e-01
8.662617364739353398e-01 1.520266904567144084e-01 9.704546158159550462e-01
8.662617364739353398e-01 1.520266904567144084e-01 9.704546158159550462e-01
8.664069146036197377e-01 1.522701769927221338e-01 9.701843964283128896e-01
8.663540921660786154e-01 1.524804422731704800e-01 9.704083256507243238e-01
8.663104829905708959e-01 1.526970441929778599e-01 9.705346563412780014e-01
8.663104829905708959e-01 1.526970441929778599e-01 9.705346563412780014e-01
8.662747559741225123e-01 1.540599055218256908e-01 9.709248798218630405e-01
8.664372513693309186e-01 1.525954533160814308e-01 9.707012745746825821e-01
8.664372513693309186e-01 1.525954533160814308e-01 9.707012745746825821e-01
8.663324182143012919e-01 1.527536844256131010e-01 9.706908605351344255e-01
8.663324182143012919e-01 1.527536844256131010e-01 9.706908605351344255e-01
8.662687316277285499e-01 1.530715859065580609e-01 9.709590892893648073e-01
8.663628571092115704e-01 1.517318591307566800e-01 9.702300646035525444e-01
8.662287162386220762e-01 1.530181839305502223e-01 9.705953614688763720e-01
8.663075661750686551e-01 1.522456962274630066e-01 9.706280955681747535e-01
8.663075661750686551e-01 1.522456962274630066e-01 9.706280955681747535e-01
8.664015291269153707e-01 1.527110605311130798e-01 9.701181472381186222e-01
8.661925184320892201e-01 1.526926422722237331e-01 9.699542848255119365e-01
8.661990409126084645e-01 1.530592828494579394e-01 9.706865476027717321e-01
8.664361410369841865e-01 1.517875820906650630e-01 9.700980552081042152e-01
8.662290713316246338e-01 1.533289919446554628e-01 9.701891255232175659e-01
8.662290713316246338e-01 1.533289919446554628e-01 9.701891255232175659e-01
8.663924620525618181e-01 1.529072602324879626e-01 9.707228364685145383e-01
8.660875128732790085e-01 1.536985331881026429e-01 9.707347364940336343e-01
8.660875128732790085e-01 1.536985331881026429e-01 9.707347364940336343e-01
8.662665219487595269e-01 1.522326852288791998e-01 9.704040397803080920e-01
8.662999175363297333e-01 1.530249609693739021e-01 9.712112761534964500e-01
8.662999175363297333e-01 1.530249609693739021e-01 9.712112761534964500e-01
8.663798493843202220e-01 1.527469118392998371e-01 9.705852802401472301e-01
8.663798493843202220e-01 1.527469118392998371e-01 9.705852802401472301e-01
8.663722421508543992e-01 1.525511929847297443e-01 9.704782320341243107e-01
8.662561334171587912e-01 1.527450219428241329e-01 9.703738867038790294e-01
8.662561334171587912e-01 1.527450219428241329e-01 9.703738867038790294e-01
8.663825206865296558e-01 1.531411068439199052e-01 9.710825568511822770e-01
8.663825206865296558e-01 1.531411068439199052e-01 9.710825568511822770e-01
8.662293007652707155e-01 1.531043774260162915e-01 9.695160186409259584e-01
8.662319922229482216e-01 1.527507914608520478e-01 9.704978540410175158e-01
8.662319922229482216e-01 1.527507914608520478e-01 9.704978540410175158e-01
8.662100561799961351e-01 1.534651431129625543e-01 9.708063512363471759e-01
8.664151659069591060e-01 1.515588470110270369e-01 9.697221507770137361e-01
8.664151659069591060e-01 1.515588470110270369e-01 9.697221507770137361e-01
8.661984469924557395e-01 1.534280649264740948e-01 9.704744111648792027e-01
8.664247485189220388e-01 1.530400999344668500e-01 9.705882661908840081e-01
8.663342076659908964e-01 1.526554826796672482e-01 9.703263663311429976e-01
8.663342076659908964e-01 1.526554826796672482e-01 9.703263663311429976e-01
8.665147982734369148e-01 1.522492513900557953e-01 9.700072891371199768e-01
8.661616971338402804e-01 1.525721427930318286e-01 9.696859447902238527e-01
8.663714571313000379e-01 1.522749051902702322e-01 9.700991491001312861e-01
8.663714571313000379e-01 1.522749051902702322e-01 9.700991491001312861e-01
8.662894648017572807e-01 1.524321779960194356e-01 9.700897470832815506e-01
8.663252254049056411e-01 1.522802715844150112e-01 9.706056217660085084e-01
8.663473091318361075e-01 1.519456238604348641e-01 9.695726952439418511e-01
8.663473091318361075e-01 1.519456238604348641e-01 9.695726952439418511e-01
8.663422258707476065e-01 1.519080135649689134e-01 9.697413970123870408e-01
8.663422258707476065e-01 1.519080135649689134e-01 9.697413970123870408e-01
8.665111694658237385e-01 1.522985361361474665e-01 9.711274030741934293e-01
8.665111694658237385e-01 1.522985361361474665e-01 9.711274030741934293e-01
8.664257197679832156e-01 1.527984845382961698e-01 9.706716384768577788e-01
8.664257197679832156e-01 1.527984845382961698e-01 9.706716384768577788e-01
8.665115324723896562e-01 1.520754397220823728e-01 9.700484949584633476e-01
8.664306390241512945e-01 1.529664452893081394e-01 9.708583649520214909e-01
8.662096860787126262e-01 1.521787652542772595e-01 9.704915554256134946e-01
8.665050882246688735e-01 1.521718720202683006e-01 9.707274998706111324e-01
8.665050882246688735e-01 1.521718720202683006e-01 9.707274998706111324e-01
8.661983949020215512e-01 1.527495317202404723e-01 9.706634895610510849e-01
8.663054938950621731e-01 1.526952648570427118e-01 9.708181286808920119e-01
8.662985574002384226e-01 1.526629591656691876e-01 9.706971339701120360e-01
8.662985574002384226e-01 1.526629591656691876e-01 9.706971339701120360e-01
8.661631972286619741e-01 1.536164017731191378e-01 9.700531956343410034e-01
8.664325519132967113e-01 1.526667611044287831e-01 9.707624724885933754e-01
8.664325519132967113e-01 1.526667611044287831e-01 9.707624724885933754e-01
8.660762575725660106e-01 1.533310027917837437e-01 9.703623037478303903e-01
8.663359437475104396e-01 1.527973115100785539e-01 9.702790735205446548e-01
8.664354036808764592e-01 1.524908711297121022e-01 9.704647832229471582e-01
8.663085631744447124e-01 1.526289145974291661e-01 9.704363541045770702e-01
8.665048884931230155e-01 1.528516605283597729e-01 9.701778019387785612e-01
8.666013194410302489e-01 1.518752056367670689e-01 9.707635147915113505e-01
8.665865829885888161e-01 1.515730560608833377e-01 9.706883629778586542e-01
8.665865829885888161e-01 1.515730560608833377e-01 9.706883629778586542e-01
8.659961354367183839e-01 1.524671413292193745e-01 9.697594368104192064e-01
8.663082562745525461e-01 1.523915834100304512e-01 9.706512763779135966e-01
8.663082562745525461e-01 1.523915834100304512e-01 9.706512763779135966e-01
8.662381777247237791e-01 1.529145568374006559e-01 9.705988883003155987e-01
8.662381777247237791e-01 1.529145568374006559e-01 9.705988883003155987e-01
8.663069438968689084e-01 1.527272550970085185e-01 9.708241884320293336e-01
8.663754593688083316e-01 1.525399147916074172e-01 9.710493451087430783e-01
8.663707090526223675e-01 1.530643679807369151e-01 9.694168256957020890e-01
8.663103205691026210e-01 1.531384766907862294e-01 9.705985682465712028e-01
8.662032680304851961e-01 1.528252784789689567e-01 9.701966884872411656e-01
8.662032680304851961e-01 1.528252784789689567e-01 9.701966884872411656e-01
8.661116778564537100e-01 1.530859980832260658e-01 9.701990033236338462e-01
8.661116778564537100e-01 1.530859980832260658e-01 9.701990033236338462e-01
8.663537714505157306e-01 1.524206105120050059e-01 9.693362174931871023e-01
8.663537714505157306e-01 1.524206105120050059e-01 9.693362174931871023e-01
8.663966844593079530e-01 1.513814183465089502e-01 9.702461395319584847e-01
8.663549679034757700e-01 1.516661962070217085e-01 9.704937467753248503e-01
8.663549679034757700e-01 1.516661962070217085e-01 9.704937467753248503e-01
8.663403590579940028e-01 1.526917581797512802e-01 9.705278486870309029e-01
8.662544181922126052e-01 1.529143184998282834e-01 9.701220372837250361e-01
8.662266067578842099e-01 1.519373072066184660e-01 9.700526078750941750e-01
8.662751808627444650e-01 1.535826790637696559e-01 9.708223355139714572e-01
8.662751808627444650e-01 1.535826790637696559e-01 9.708223355139714572e-01
8.662640759517367117e-01 1.527733110348306056e-01 9.704244109890183267e-01
8.662655278837675388e-01 1.530829024448384923e-01 9.704035747247584665e-01
8.662334508468909622e-01 1.527827396576234009e-01 9.705191969571669297e-01
8.662334508468909622e-01 1.527827396576234009e-01 9.705191969571669297e-01
8.660986350208126350e-01 1.534233537170769934e-01 9.705952754540201344e-01
8.660866017475397083e-01 1.536998230117830322e-01 9.703491420017759106e-01
8.660866017475397083e-01 1.536998230117830322e-01 9.703491420017759106e-01
8.663593943883401982e-01 1.529222950756883304e-01 9.705567135523425204e-01
8.663593943883401982e-01 1.529222950756883304e-01 9.705567135523425204e-01
8.664098627951087872e-01 1.523340736100800563e-01 9.702270095637495206e-01
8.664098627951087872e-01 1.523340736100800563e-01 9.702270095637495206e-01
8.663530989766818902e-01 1.524846231046292355e-01 9.704868647650228830e-01
8.663530989766818902e-01 1.524846231046292355e-01 9.704868647650228830e-01
8.662275685240985457e-01 1.531666581122928805e-01 9.698039742504066529e-01
8.662275685240985457e-01 1.531666581122928805e-01 9.698039742504066529e-01
8.664184475889461501e-01 1.515854242700063192e-01 9.700413611761179444e-01
8.662671191806136095e-01 1.526359329371125839e-01 9.707127735901287524e-01
8.663388429454054185e-01 1.528612377277923651e-01 9.702835683102569719e-01
8.664512581826541160e-01 1.524573846629257157e-01 9.703444649647428033e-01
8.664512581826541160e-01 1.524573846629257157e-01 9.703444649647428033e-01
8.664638630874444969e-01 1.528948269653777892e-01 9.705083914417433899e-01
8.664638630874444969e-01 1.528948269653777892e-01 9.705083914417433899e-01
8.661444731948748643e-01 1.535122436404864343e-01 9.703906301701136217e-01
8.661444731948748643e-01 1.535122436404864343e-01 9.703906301701136217e-01
8.662815163633027504e-01 1.534528627288224423e-01 9.705995818508142969e-01
8.662364982209264097e-01 1.535611368082840655e-01 9.704570261133694808e-01
8.662829486476424368e-01 1.526026560457617587e-01 9.705771417036443971e-01
8.662829486476424368e-01 1.526026560457617587e-01 9.705771417036443971e-01
8.659735282099437770e-01 1.537925519422124465e-01 9.706641082657849751e-01
8.659735282099437770e-01 1.537925519422124465e-01 9.706641082657849751e-01
8.663036011159447325e-01 1.529948421202889930e-01 9.709293335437189088e-01
8.662879683017323806e-01 1.525303829249780863e-01 9.704847961669302858e-01
8.662656914851717405e-01 1.527484307799283347e-01 9.698066199016319722e-01
8.662656914851717405e-01 1.527484307799283347e-01 9.698066199016319722e-01
8.662407707537171930e-01 1.531257617965581241e-01 9.702186411399628119e-01
8.663106968755314163e-01 1.534118868972217109e-01 9.704678817372114352e-01
8.660304353018415391e-01 1.536798080506246167e-01 9.700752591158905425e-01
8.660304353018415391e-01 1.536798080506246167e-01 9.700752591158905425e-01
8.661652200672478319e-01 1.531694515026975623e-01 9.703392752290576073e-01
8.665115129527323212e-01 1.522055877707037819e-01 9.704652983686765655e-01
8.661638455147638860e-01 1.533400477868512024e-01 9.709341504474918727e-01
8.661638455147638860e-01 1.533400477868512024e-01 9.709341504474918727e-01
8.665402503828774083e-01 1.525717184832738882e-01 9.707153177155151136e-01
8.662975565693370461e-01 1.529752225125371456e-01 9.699584417229263344e-01
8.662975565693370461e-01 1.529752225125371456e-01 9.699584417229263344e-01
8.661780964848857511e-01 1.531285114109804946e-01 9.707535266603666280e-01
8.661695594407269327e-01 1.534678848604563717e-01 9.709661289935379580e-01
8.665267838955296176e-01 1.524322992822065570e-01 9.711094655005971799e-01
8.662453975568495945e-01 1.534950219513968039e-01 9.701286278059845225e-01
8.663103385174806270e-01 1.528414339495425545e-01 9.696726377201572156e-01
8.663103385174806270e-01 1.528414339495425545e-01 9.696726377201572156e-01
8.663790744642309027e-01 1.527843713990455488e-01 9.702758482889395353e-01
8.662032941290539467e-01 1.518826071130642830e-01 9.694977316020567670e-01
8.665204335114498058e-01 1.521022344350816402e-01 9.705073096947520739e-01
8.663112994324951854e-01 1.528231718146297602e-01 9.708348039887562120e-01
8.662559596948886664e-01 1.531863995558853386e-01 9.704072777113376125e-01
8.662149136862150600e-01 1.529893445943708574e-01 9.704124971974495972e-01
8.662149136862150600e-01 1.529893445943708574e-01 9.704124971974495972e-01
8.661657747301256816e-01 1.531679593376272519e-01 9.707300919464203481e-01
8.663064593945284386e-01 1.523942046925478022e-01 9.698213377337016050e-01
8.662329829719974672e-01 1.523054538681462011e-01 9.703863060488918668e-01
8.661813793857134902e-01 1.529319226974026891e-01 9.699859494927125514e-01
8.663301384405998062e-01 1.522820216705042529e-01 9.703298050936974839e-01
8.663301384405998062e-01 1.522820216705042529e-01 9.703298050936974839e-01
8.660780602639939207e-01 1.531587216252869865e-01 9.701583561536036848e-01
8.662702061368239281e-01 1.525697536623426831e-01 9.703237304167613431e-01
8.662702061368239281e-01 1.525697536623426831e-01 9.703237304167613431e-01
8.661557200563614334e-01 1.530358210135191466e-01 9.705279044885344319e-01
8.661375277160723307e-01 1.531482203455029889e-01 9.701424269830565272e-01
8.661375277160723307e-01 1.531482203455029889e-01 9.701424269830565272e-01
8.662919725314547348e-01 1.523330003908674457e-01 9.701255778920087058e-01
8.662267785536020837e-01 1.536454470162100516e-01 9.695620090796865931e-01
8.662267785536020837e-01 1.536454470162100516e-01 9.695620090796865931e-01
8.660004931015795604e-01 1.534475818976661077e-01 9.702436613612812621e-01
8.660004931015795604e-01 1.534475818976661077e-01 9.702436613612812621e-01
8.664466862485108445e-01 1.531704570643294960e-01 9.705688574091613230e-01
8.664466862485108445e-01 1.531704570643294960e-01 9.705688574091613230e-01
8.662796893713412549e-01 1.530363609902058442e-01 9.711452479067319565e-01
8.664739295366108429e-01 1.524013664426057679e-01 9.713762671279226879e-01
8.662601586045338697e-01 1.526037327478241556e-01 9.705765271041262299e-01
8.662752704256767577e-01 1.531791971236567684e-01 9.705518132672326104e-01
8.661278752302055128e-01 1.536222012177007601e-01 9.708197142944297031e-01
8.661278752302055128e-01 1.536222012177007601e-01 9.708197142944297031e-01
8.662000774946456705e-01 1.532589880415878292e-01 9.707494263021233527e-01
8.662159730586650452e-01 1.524137585491826818e-01 9.699228284466518968e-01
8.662159730586650452e-01 1.524137585491826818e-01 9.699228284466518968e-01
8.661138208885499346e-01 1.538875418048071819e-01 9.710553002134909573e-01
8.665324661717392907e-01 1.523375582929875904e-01 9.700219132167564595e-01
8.664214119490931676e-01 1.526429970280619164e-01 9.695735197742010314e-01
8.664214119490931676e-01 1.526429970280619164e-01 9.695735197742010314e-01
8.662486977667970267e-01 1.531181578060509529e-01 9.701946769817506588e-01
8.662110506960578604e-01 1.527822716185237573e-01 9.708863542949159875e-01
8.664158665621536359e-01 1.521304643405922974e-01 9.701416502510753492e-01
8.664539869558539609e-01 1.519524555695894175e-01 9.704619987213870536e-01
8.664539869558539609e-01 1.519524555695894175e-01 9.704619987213870536e-01
8.662367364865752872e-01 1.528451534250921395e-01 9.709068598363438385e-01
8.662576640617619672e-01 1.524426375474030593e-01 9.697684509319062229e-01
8.662576640617619672e-01 1.524426375474030593e-01 9.697684509319062229e-01
8.663100237156619032e-01 1.526608673620214462e-01 9.704653019183093754e-01
8.664591624402800951e-01 1.521915149828084735e-01 9.699783990111034981e-01
8.664591624402800951e-01 1.521915149828084735e-01 9.699783990111034981e-01
8.663253710500180560e-01 1.525549385811142411e-01 9.701071506996137295e-01
8.662713395639233260e-01 1.536500275846443275e-01 9.707827313701884453e-01
8.664574543838373666e-01 1.523825989596990504e-01 9.710511777580428383e-01
8.661196385147285071e-01 1.537952228879055361e-01 9.705005596712601434e-01
8.663941790928889608e-01 1.530490388304878435e-01 9.706680326212026033e-01
8.662961442865868555e-01 1.526322934966621581e-01 9.702826827307728941e-01
8.662706724159751071e-01 1.536881873470325732e-01 9.705277861277770146e-01
8.664037467577984097e-01 1.534200671430122898e-01 9.703173445367263561e-01
8.662696346351667076e-01 1.528302047546173381e-01 9.710730083712499905e-01
8.660918799260116652e-01 1.531876041716135617e-01 9.703258552090034961e-01
8.660918799260116652e-01 1.531876041716135617e-01 9.703258552090034961e-01
8.661395402123456266e-01 1.535104800509832224e-01 9.706359606798101725e-01
8.661859652463562709e-01 1.532305058760062288e-01 9.706279203248151521e-01
8.661859652463562709e-01 1.532305058760062288e-01 9.706279203248151521e-01
8.662645664236067189e-01 1.534640088963333815e-01 9.726742762162895461e-01
8.662973140939821404e-01 1.528656300981784122e-01 9.758750274295293625e-01
8.660604568220300337e-01 1.534116598792745201e-01 9.774361554089457949e-01
8.660604568220300337e-01 1.534116598792745201e-01 9.774361554089457949e-01
8.659861665934062147e-01 1.536570508853023764e-01 9.814077547004467217e-01
8.659861665934062147e-01 1.536570508853023764e-01 9.814077547004467217e-01
8.657088287205935151e-01 1.529551212955392592e-01 9.901530228328720984e-01
8.657088287205935151e-01 1.529551212955392592e-01 9.901530228328720984e-01
8.655968369258605355e-01 1.525298009093092877e-01 9.962523148461258637e-01
8.652098155152059267e-01 1.521076474870217410e-01 1.001594229389804358e+00
8.652098155152059267e-01 1.521076474870217410e-01 1.001594229389804358e+00
8.646259123226264220e-01 1.526758757965159530e-01 1.007310572630693235e+00
8.643757657417008300e-01 1.519010130920583346e-01 1.012141636422318136e+00
8.637271720629345895e-01 1.525396184226317231e-01 1.019294441506899185e+00
8.637271720629345895e-01 1.525396184226317231e-01 1.019294441506899185e+00
8.633308493008398088e-01 1.519956085802538215e-01 1.026443461607028595e+00
8.626002660794206411e-01 1.523988094675396421e-01 1.030822828425255633e+00
8.620925345519060423e-01 1.515366862277230942e-01 1.038644561186297555e+00
8.613795418865929365e-01 1.510670873548275173e-01 1.043081478466395540e+00
8.610762097191390074e-01 1.507307458591452543e-01 1.047543958707720879e+00
8.610762097191390074e-01 1.507307458591452543e-01 1.047543958707720879e+00
8.597794450162363766e-01 1.515257999649738674e-01 1.056018218699588118e+00
8.590951803818990262e-01 1.502605018776019263e-01 1.062493352803978164e+00
8.590951803818990262e-01 1.502605018776019263e-01 1.062493352803978164e+00
8.577191596357357506e-01 1.497504595825544516e-01 1.071357142484123059e+00
8.564264677780999424e-01 1.507230018962720519e-01 1.078995741823969290e+00
8.551823117295691556e-01 1.487222098251568536e-01 1.088177654451155218e+00
8.537065955930126515e-01 1.489125664387019321e-01 1.095633100212092259e+00
8.537065955930126515e-01 1.489125664387019321e-01 1.095633100212092259e+00
8.520233702943127430e-01 1.480041559712825805e-01 1.104712801694524682e+00
8.502876495189771733e-01 1.471411758884648147e-01 1.113278718142847845e+00
8.491357277293906103e-01 1.474420945929544591e-01 1.118429073135403851e+00
8.478138455381208916e-01 1.468144706380249409e-01 1.124000423389255099e+00
8.478138455381208916e-01 1.468144706380249409e-01 1.124000423389255099e+00
8.458265294725432204e-01 1.452329132072176232e-01 1.132840970258470081e+00
8.437248782228904398e-01 1.449167424809269522e-01 1.141284246858380147e+00
8.422794529496065996e-01 1.440089568456182911e-01 1.147282435135609679e+00
8.422794529496065996e-01 1.440089568456182911e-01 1.147282435135609679e+00
8.396151388422485873e-01 1.447492403765504032e-01 1.156535154697057921e+00
8.373943953416344010e-01 1.425364351839409904e-01 1.164908577540614054e+00
8.373943953416344010e-01 1.425364351839409904e-01 1.164908577540614054e+00
8.350382253936995403e-01 1.427328164732757088e-01 1.172742328971392967e+00
8.329069129367291380e-01 1.422007043812816840e-01 1.179790999390153861e+00
8.302884566596829830e-01 1.409536916167376808e-01 1.187852020602544245e+00
8.279962535989527916e-01 1.404860164415186463e-01 1.194619506253566499e+00
8.279962535989527916e-01 1.404860164415186463e-01 1.194619506253566499e+00
8.256496707792322365e-01 1.385673305635774233e-01 1.202455623389732775e+00
8.235016260766581109e-01 1.381226143853557242e-01 1.208675220100773995e+00
8.206639403143400902e-01 1.370262874381986962e-01 1.216015219633066691e+00
8.184950105988915148e-01 1.361566511752254349e-01 1.222337033580283672e+00
8.154186953044808561e-01 1.349908375805071725e-01 1.230177097916739681e+00
8.125462903321368779e-01 1.335879918551263479e-01 1.237585101592663550e+00
8.100083389080878771e-01 1.341889676328582581e-01 1.243655202987535624e+00
8.100083389080878771e-01 1.341889676328582581e-01 1.243655202987535624e+00
8.071701388184672199e-01 1.313597777075060369e-01 1.250810971665379689e+00
8.049665478214294012e-01 1.318883825904100526e-01 1.255949245804539594e+00
8.030096643399268208e-01 1.305491607480277205e-01 1.260169470406827141e+00
7.996884308999876456e-01 1.293953777687945339e-01 1.266830470701034939e+00
7.996884308999876456e-01 1.293953777687945339e-01 1.266830470701034939e+00
7.963578488717434345e-01 1.294831207387371341e-01 1.272641252359829833e+00
7.942574409325258156e-01 1.283651575623733498e-01 1.276533555037737244e+00
7.922538226081183854e-01 1.274207768002611207e-01 1.279987866366929516e+00
7.891233858281309077e-01 1.276563249336513939e-01 1.284368333055985634e+00
7.873445754497160332e-01 1.268793243295030793e-01 1.286755201893214018e+00
7.849034072526681616e-01 1.268473932721088659e-01 1.290357081375480996e+00
7.849034072526681616e-01 1.268473932721088659e-01 1.290357081375480996e+00
7.822402013557494538e-01 1.263847881479989999e-01 1.293199081117436311e+00
7.805559192362055976e-01 1.246332653866599333e-01 1.295309221420859913e+00
7.784680963095408357e-01 1.257783432974608762e-01 1.296996070764174558e+00
7.784680963095408357e-01 1.257783432974608762e-01 1.296996070764174558e+00
7.760142980309370220e-01 1.254875369540706109e-01 1.299494162678244136e+00
7.760142980309370220e-01 1.254875369540706109e-01 1.299494162678244136e+00
7.715218910519554552e-01 1.251491088568942589e-01 1.303590775913327615e+00
7.715218910519554552e-01 1.251491088568942589e-01 1.303590775913327615e+00
7.676222516636274085e-01 1.255536575805179245e-01 1.306366409791960059e+00
7.676222516636274085e-01 1.255536575805179245e-01 1.306366409791960059e+00
7.649951028820866084e-01 1.253923445176373108e-01 1.306448967101143888e+00
7.635078892272390005e-01 1.251630608302365666e-01 1.307575004773816163e+00
7.619447735832394208e-01 1.249985896606550240e-01 1.307313749328446573e+00
7.595641494223658308e-01 1.260775825416728113e-01 1.308892406184642310e+00
7.583144027970377676e-01 1.262550929422755486e-01 1.308701554397096789e+00
7.566742057689396228e-01 1.267450066001316600e-01 1.308126524867397666e+00
7.562132069370867127e-01 1.257198012855598734e-01 1.306896609682599575e+00
7.546184528051582685e-01 1.260588745111836384e-01 1.307915553218762295e+00
7.546184528051582685e-01 1.260588745111836384e-01 1.307915553218762295e+00
7.539800553354496504e-01 1.269752166317740516e-01 1.304956959091008617e+00
7.522536440015967774e-01 1.272252698039426366e-01 1.304253527849060124e+00
7.522536440015967774e-01 1.272252698039426366e-01 1.304253527849060124e+00
7.503833193410518465e-01 1.283434463483634769e-01 1.303647681625581756e+00
7.490192196657550205e-01 1.283945820210573019e-01 1.302653818650910900e+00
7.480492818074429007e-01 1.282810088946252092e-01 1.301571693619048897e+00
7.480492818074429007e-01 1.282810088946252092e-01 1.301571693619048897e+00
7.466246541101819734e-01 1.291163510781763168e-01 1.300373103273257058e+00
7.454978150662981973e-01 1.294454624999013814e-01 1.298960439912665077e+00
7.445100464720426636e-01 1.299814894748920757e-01 1.297621739697687238e+00
7.427016548240620297e-01 1.304249837897657749e-01 1.296434399440667073e+00
7.427016548240620297e-01 1.304249837897657749e-01 1.296434399440667073e+00
7.398633512363584908e-01 1.317303718012174107e-01 1.293079036421179273e+00
7.398633512363584908e-01 1.317303718012174107e-01 1.293079036421179273e+00
7.369985313967112317e-01 1.325678708253907601e-01 1.290308290869249142e+00
7.369985313967112317e-01 1.325678708253907601e-01 1.290308290869249142e+00
7.349525827294576263e-01 1.333463441377804037e-01 1.289000016295781759e+00
7.329113306145118578e-01 1.336403916627793564e-01 1.288221524618441194e+00
7.317438954106970650e-01 1.337830586115101583e-01 1.286819412585258338e+00
7.317438954106970650e-01 1.337830586115101583e-01 1.286819412585258338e+00
7.298477583525280199e-01 1.333253334547867264e-01 1.285371818369001939e+00
7.276964103391497796e-01 1.343175602156924664e-01 1.283436135842157100e+00
7.263882155959623388e-01 1.344535675323339230e-01 1.282880641935328248e+00
7.245433631571057687e-01 1.352900829774967839e-01 1.281142284881066296e+00
7.228139066125754963e-01 1.345884385632818425e-01 1.279496627296667910e+00
7.214111976766246492e-01 1.360505640947814454e-01 1.278225513321534557e+00
7.214111976766246492e-01 1.360505640947814454e-01 1.278225513321534557e+00
7.195321457105773311e-01 1.359659722077706800e-01 1.276391897017886690e+00
7.181577948740739403e-01 1.362746792379588567e-01 1.275720670457662687e+00
7.161896678807152528e-01 1.368876938693158740e-01 1.274167070712579175e+00
7.149486540785048305e-01 1.370956008610443588e-01 1.272554199344575920e+00
7.149486540785048305e-01 1.370956008610443588e-01 1.272554199344575920e+00
7.126327797597407088e-01 1.374409135167605489e-01 1.271692347814495694e+00
7.105213687121593180e-01 1.380911771531020127e-01 1.269432532135256420e+00
7.105213687121593180e-01 1.380911771531020127e-01 1.269432532135256420e+00
7.083818678240753064e-01 1.377312183868566464e-01 1.268215652794372206e+00
7.073595853880169093e-01 1.385695322976666366e-01 1.266674149356421308e+00
7.073595853880169093e-01 1.385695322976666366e-01 1.266674149356421308e+00
7.050717986802975679e-01 1.384658386109294259e-01 1.265364569533607764e+00
7.050717986802975679e-01 1.384658386109294259e-01 1.265364569533607764e+00
7.003802440999359336e-01 1.398437239575724966e-01 1.262875533941376638e+00
7.003802440999359336e-01 1.398437239575724966e-01 1.262875533941376638e+00
6.969405733981958173e-01 1.402271072198748025e-01 1.260782388634705153e+00
6.949449722683014308e-01 1.399456389309579329e-01 1.259422065629555609e+00
6.949449722683014308e-01 1.399456389309579329e-01 1.259422065629555609e+00
6.926394365976080714e-01 1.396824287375439122e-01 1.258005523346183097e+00
6.909485873980976134e-01 1.405031140843328585e-01 1.257427848228724887e+00
6.909485873980976134e-01 1.405031140843328585e-01 1.257427848228724887e+00
6.895462693998659631e-01 1.409437954647805580e-01 1.256436671768265345e+00
6.895462693998659631e-01 1.409437954647805580e-01 1.256436671768265345e+00
6.852817768228750550e-01 1.404733591254324065e-01 1.254009061377671985e+00
6.852817768228750550e-01 1.404733591254324065e-01 1.254009061377671985e+00
6.813781519291755018e-01 1.404292018118787899e-01 1.252794361614931518e+00
6.813781519291755018e-01 1.404292018118787899e-01 1.252794361614931518e+00
6.769031973278497594e-01 1.410319955258484970e-01 1.251056374953379624e+00
6.754532523733882687e-01 1.412795518272171313e-01 1.250464851646397424e+00
6.754532523733882687e-01 1.412795518272171313e-01 1.250464851646397424e+00
6.733610627912378632e-01 1.413559912293277931e-01 1.249502614445247461e+00
6.698527603947055375e-01 1.411468151423795891e-01 1.248368800875646167e+00
6.663614588383774961e-01 1.417856203109869040e-01 1.248215725154946165e+00
6.663614588383774961e-01 1.417856203109869040e-01 1.248215725154946165e+00
6.631000735980960847e-01 1.415701140738525876e-01 1.245959340451045838e+00
6.631000735980960847e-01 1.415701140738525876e-01 1.245959340451045838e+00
6.590997898646968611e-01 1.411604382853213213e-01 1.245713092866820748e+00
6.578416821646373425e-01 1.416825645170857184e-01 1.244924816271151036e+00
6.554150803082984256e-01 1.412846009148061022e-01 1.244673175964415845e+00
6.530889890111684082e-01 1.413355249455695295e-01 1.243924543559230766e+00
6.514329154636554486e-01 1.419073405850605485e-01 1.243866682726891382e+00
6.500286491679986289e-01 1.418163538231412280e-01 1.243499242273937933e+00
6.476691014773414690e-01 1.417808902267488902e-01 1.242962716221393205e+00
6.458724969047074937e-01 1.400212022626969310e-01 1.242724596586923136e+00
6.441702997889646731e-01 1.412947030498469814e-01 1.242442582541931184e+00
6.418508052663541852e-01 1.411714281290549211e-01 1.241833033424920130e+00
6.404964523869597359e-01 1.407963097301417332e-01 1.242040361763407708e+00
6.384412407867848804e-01 1.406373960530748479e-01 1.241530487525709159e+00
6.384412407867848804e-01 1.406373960530748479e-01 1.241530487525709159e+00
6.362555096642327213e-01 1.406933846761783680e-01 1.241566194365915754e+00
6.349321156871176042e-01 1.399255133900477455e-01 1.241513816768058609e+00
6.335856609646710602e-01 1.402922236812643997e-01 1.241480946602961266e+00
6.316553692813541288e-01 1.396587945442630541e-01 1.240963875259657900e+00
6.301544200978758115e-01 1.395155095246211896e-01 1.241422973672458685e+00
6.290644497879493979e-01 1.394634466383358196e-01 1.241424034575408619e+00
6.290644497879493979e-01 1.394634466383358196e-01 1.241424034575408619e+00
6.270773257786012023e-01 1.402713829922800359e-01 1.241380854690098845e+00
6.270773257786012023e-01 1.402713829922800359e-01 1.241380854690098845e+00
6.243141278076878020e-01 1.396180111368797716e-01 1.241204530201973633e+00
6.243141278076878020e-01 1.396180111368797716e-01 1.241204530201973633e+00
6.219938178110908655e-01 1.394029368249252721e-01 1.241152766244019379e+00
6.209176025865675852e-01 1.391854536836669154e-01 1.241117827127044437e+00
6.198163028619306791e-01 1.403760449057558368e-01 1.240626149614195484e+00
6.198163028619306791e-01 1.403760449057558368e-01 1.240626149614195484e+00
6.191409048815640359e-01 1.388485441472703530e-01 1.240392585052960017e+00
6.188584486442849641e-01 1.391065823305385196e-01 1.238481955904714660e+00
6.185955114648875597e-01 1.395735129743859160e-01 1.237963880666764549e+00
6.183820653739154904e-01 1.395443930039074187e-01 1.237362858694510681e+00
6.183820653739154904e-01 1.395443930039074187e-01 1.237362858694510681e+00
6.190440660582628984e-01 1.408902419563004271e-01 1.234355471064774834e+00
6.192566249067978923e-01 1.398633517992934339e-01 1.233255396598780917e+00
6.200107425198506661e-01 1.402280380844699303e-01 1.230298287194008466e+00
6.209458700469582260e-01 1.406525779230840267e-01 1.227762697281294724e+00
6.218259940968714483e-01 1.418976762984222872e-01 1.225358632528662728e+00
6.218259940968714483e-01 1.418976762984222872e-01 1.225358632528662728e+00
6.251110646457651576e-01 1.427698483606863189e-01 1.217614441547704374e+00
6.251110646457651576e-01 1.427698483606863189e-01 1.217614441547704374e+00
6.288105495949268819e-01 1.446644039605210486e-01 1.209277912499307384e+00
6.303785401238937158e-01 1.448735923644978996e-01 1.206225420367565082e+00
6.328303602521239135e-01 1.455478831509960935e-01 1.200789803748507412e+00
6.342974681873704279e-01 1.459387980502289683e-01 1.197971593025348058e+00
6.342974681873704279e-01 1.459387980502289683e-01 1.197971593025348058e+00
6.370262563161270819e-01 1.466904463386649593e-01 1.192151388383278610e+00
6.390588222776004690e-01 1.471280320870103908e-01 1.187544102948576707e+00
6.400649402633318275e-01 1.485469130788898973e-01 1.184627239390179998e+00
6.400649402633318275e-01 1.485469130788898973e-01 1.184627239390179998e+00
6.425797096615943893e-01 1.492554823015168342e-01 1.179023449691151804e+00
6.443294126054637250e-01 1.499005339432628592e-01 1.174219278673242162e+00
6.443294126054637250e-01 1.499005339432628592e-01 1.174219278673242162e+00
6.466363082177283284e-01 1.499094102019986330e-01 1.168836011305607769e+00
6.485503826046294940e-01 1.511524079484759531e-01 1.164146436471393375e+00
6.506130470604076788e-01 1.512304114737556548e-01 1.158884266214740277e+00
6.518039432198566852e-01 1.515512763164984233e-01 1.155200745194252088e+00
6.536558844142936753e-01 1.534927229863428388e-01 1.149510654501957774e+00
6.546259936332211593e-01 1.527623457215106506e-01 1.147070622137460250e+00
6.546259936332211593e-01 1.527623457215106506e-01 1.147070622137460250e+00
6.560985982170809416e-01 1.536122412704545304e-01 1.142372748440670049e+00
6.571715834523077504e-01 1.541941609281964054e-01 1.139563570143504734e+00
6.587961889717799391e-01 1.547161045250007028e-01 1.134759613894501751e+00
6.597816406277806633e-01 1.548542419141452631e-01 1.131514342538794571e+00
6.597816406277806633e-01 1.548542419141452631e-01 1.131514342538794571e+00
6.613309354204626178e-01 1.564519899941568259e-01 1.125935369651946072e+00
6.623878759098937863e-01 1.558187749822040613e-01 1.122541994151056599e+00
6.636158748285497788e-01 1.565041518072959881e-01 1.118181141060076378e+00
6.649874596294998996e-01 1.572920892406375892e-01 1.113593870833256894e+00
6.658914672408174917e-01 1.577765233868362038e-01 1.110132146609917214e+00
6.666546822686253426e-01 1.579335843839010933e-01 1.107275701703542392e+00
6.679537039263339082e-01 1.576892384000920799e-01 1.102928375540434880e+00
6.679537039263339082e-01 1.576892384000920799e-01 1.102928375540434880e+00
6.689911749546975095e-01 1.587398099902573301e-01 1.098894244796557951e+00
6.701857644080704279e-01 1.582793526936877027e-01 1.094764147134305476e+00
6.701857644080704279e-01 1.582793526936877027e-01 1.094764147134305476e+00
6.711229578155121223e-01 1.587122118539854021e-01 1.090295214778441490e+00
6.723561896943658356e-01 1.597440479774537292e-01 1.086477420558324969e+00
6.734724011388530940e-01 1.592149870920163690e-01 1.083000091012016330e+00
6.734724011388530940e-01 1.592149870920163690e-01 1.083000091012016330e+00
6.751566371294368540e-01 1.603310848112638465e-01 1.079517286535077947e+00
6.761154409189743530e-01 1.607949832878315388e-01 1.077401292442951020e+00
6.780126141516564786e-01 1.606141441436168549e-01 1.073252484546739938e+00
6.780126141516564786e-01 1.606141441436168549e-01 1.073252484546739938e+00
6.797559097236497427e-01 1.607284922941770722e-01 1.070293905789758915e+00
6.807243279775331279e-01 1.616210686099962546e-01 1.067975437870572808e+00
6.807243279775331279e-01 1.616210686099962546e-01 1.067975437870572808e+00
6.826260591393763510e-01 1.614360913531228958e-01 1.064850364995757470e+00
6.843480984504193287e-01 1.622145532792402256e-01 1.061260978809563715e+00
6.865801761809342540e-01 1.629421013371833149e-01 1.058575162786996149e+00
6.865801761809342540e-01 1.629421013371833149e-01 1.058575162786996149e+00
6.897670088968614888e-01 1.626612400073589593e-01 1.054745781676698524e+00
6.908500966281219124e-01 1.626948638174505468e-01 1.053144387145007688e+00
6.908500966281219124e-01 1.626948638174505468e-01 1.053144387145007688e+00
6.920505892723933794e-01 1.625643143072922903e-01 1.052254744171023271e+00
6.931199829851869554e-01 1.632043827016601001e-01 1.052016723404036291e+00
6.931199829851869554e-01 1.632043827016601001e-01 1.052016723404036291e+00
6.938791900550783653e-01 1.638524972855086859e-01 1.050907824141507962e+00
6.945774602492669203e-01 1.628124241749063228e-01 1.050402496874460745e+00
6.952507700299190851e-01 1.630652805001010786e-01 1.049806812690792679e+00
6.958766691550124506e-01 1.632333873127274626e-01 1.049982024240676104e+00
6.967190222644886743e-01 1.628343900696481994e-01 1.048864288448304594e+00
6.967721191444282702e-01 1.639336300810896041e-01 1.049705763057825481e+00
6.967721191444282702e-01 1.639336300810896041e-01 1.049705763057825481e+00
6.974167133995478052e-01 1.636679394188241821e-01 1.049629106236075859e+00
6.977533698650976168e-01 1.639128453341148206e-01 1.048739753018648191e+00
6.982396485331102687e-01 1.628448939311112897e-01 1.049222550243639196e+00
6.982396485331102687e-01 1.628448939311112897e-01 1.049222550243639196e+00
6.984837686219733666e-01 1.633435803074181347e-01 1.048972322428429971e+00
6.983678602320260165e-01 1.637679772677339829e-01 1.049481216888723090e+00
6.983372074436028365e-01 1.636917967478629665e-01 1.049065949213159765e+00
6.983372074436028365e-01 1.636917967478629665e-01 1.049065949213159765e+00
6.982638807951588866e-01 1.637020908852662160e-01 1.048804897788422785e+00
6.984029909375097933e-01 1.638387281765522063e-01 1.049064151202203865e+00
6.982549406741956899e-01 1.633055256091296981e-01 1.049242634606878166e+00
6.982549406741956899e-01 1.633055256091296981e-01 1.049242634606878166e+00
6.981226446403935304e-01 1.635773936059539413e-01 1.049117791923414256e+00
6.984873252792329623e-01 1.631934419438179629e-01 1.048961834903258783e+00
6.984873252792329623e-01 1.631934419438179629e-01 1.048961834903258783e+00
6.986312903231661764e-01 1.633744128762840975e-01 1.048597260687846422e+00
6.983543117280696100e-01 1.639174543099814474e-01 1.049159400814311027e+00
6.982617965355202294e-01 1.638627700429779455e-01 1.049492522988889176e+00
6.983897990755240093e-01 1.638020952601672020e-01 1.049753940014160447e+00
6.983631569121797611e-01 1.634163740878315507e-01 1.049564164517542419e+00
6.982816537320849504e-01 1.636936445043366273e-01 1.049014689850779503e+00
6.982816537320849504e-01 1.636936445043366273e-01 1.049014689850779503e+00
6.981694743741087006e-01 1.640042059229075422e-01 1.049719043406680763e+00
6.981694743741087006e-01 1.640042059229075422e-01 1.049719043406680763e+00
6.983960640630154648e-01 1.633319212620352734e-01 1.049314832767265893e+00
6.983960640630154648e-01 1.633319212620352734e-01 1.049314832767265893e+00
6.981714805006474789e-01 1.639395024505464760e-01 1.049304589810899913e+00
6.982760532314618018e-01 1.642605872854119020e-01 1.049441178205428038e+00
6.982873677302009474e-01 1.650592452863353932e-01 1.050151314745212616e+00
6.982873677302009474e-01 1.650592452863353932e-01 1.050151314745212616e+00
6.984207332932125256e-01 1.657870021516889836e-01 1.049546442076588981e+00
6.982834816000768052e-01 1.670873910421523389e-01 1.050478465925734461e+00
6.982834816000768052e-01 1.670873910421523389e-01 1.050478465925734461e+00
6.983414086785146857e-01 1.688307617563682417e-01 1.050703565892624702e+00
6.982703737423459067e-01 1.714394474415111558e-01 1.051468325839807649e+00
6.982703737423459067e-01 1.714394474415111558e-01 1.051468325839807649e+00
6.985042639187379887e-01 1.729475465242943655e-01 1.052369326440370845e+00
6.985602453467403272e-01 1.751386761484279575e-01 1.052933192422552455e+00
6.983767949223309568e-01 1.769163081507054425e-01 1.053345829355403884e+00
6.986441832407748187e-01 1.776072440447245271e-01 1.053399073312068612e+00
6.986441832407748187e-01 1.776072440447245271e-01 1.053399073312068612e+00
6.983505188036918110e-01 1.791775056494226415e-01 1.054583598972116176e+00
6.983505188036918110e-01 1.791775056494226415e-01 1.054583598972116176e+00
6.985928167703322478e-01 1.794565365490413122e-01 1.054887537085346549e+00
6.985928167703322478e-01 1.794565365490413122e-01 1.054887537085346549e+00
6.992739306047331960e-01 1.803283889944864993e-01 1.054385940753402640e+00
6.992739306047331960e-01 1.803283889944864993e-01 1.054385940753402640e+00
7.015775167629915154e-01 1.798652656743666978e-01 1.053870348396925616e+00
7.021930635402496845e-01 1.800369954806979589e-01 1.053690395787194145e+00
7.039973033535817937e-01 1.804428925904970338e-01 1.052747434337299115e+00
7.039973033535817937e-01 1.804428925904970338e-01 1.052747434337299115e+00
7.053933305032296097e-01 1.809474254123989434e-01 1.052789614913861804e+00
7.065812789052525744e-01 1.806035048529419929e-01 1.052944987387941733e+00
7.075420276279922316e-01 1.799945431479625102e-01 1.052772989206482990e+00
7.075420276279922316e-01 1.799945431479625102e-01 1.052772989206482990e+00
7.081467160783770920e-01 1.807531837386678331e-01 1.052497789801265737e+00
7.081467160783770920e-01 1.807531837386678331e-01 1.052497789801265737e+00
7.088322422122362854e-01 1.809773622016643269e-01 1.052670278545805083e+00
7.088322422122362854e-01 1.809773622016643269e-01 1.052670278545805083e+00
7.095144630583896106e-01 1.803762555002555446e-01 1.051927859914218111e+00
7.095144630583896106e-01 1.803762555002555446e-01 1.051927859914218111e+00
7.096129579747634253e-01 1.804913361017701778e-01 1.052254467274323479e+00
7.096129579747634253e-01 1.804913361017701778e-01 1.052254467274323479e+00
7.092044952576274097e-01 1.812021139767491518e-01 1.051802859301570692e+00
7.094969123753293028e-01 1.811795876587302678e-01 1.051660804997855969e+00
7.092930651811123477e-01 1.816046898107316343e-01 1.052072616111276337e+00
7.092930651811123477e-01 1.816046898107316343e-01 1.052072616111276337e+00
7.093956260375824385e-01 1.810177247435297843e-01 1.052417074896168980e+00
7.091898766931732379e-01 1.812082217909342097e-01 1.052335167979847608e+00
7.091898766931732379e-01 1.812082217909342097e-01 1.052335167979847608e+00
7.094195092105811673e-01 1.806386703031618302e-01 1.052673468945897195e+00
7.092970473983044588e-01 1.811869181472977874e-01 1.052296266054187246e+00
7.096119534503120274e-01 1.802264227323734924e-01 1.051879602398289482e+00
7.096119534503120274e-01 1.802264227323734924e-01 1.051879602398289482e+00
7.094449456239049212e-01 1.808345361871894763e-01 1.052168939596872965e+00
7.092078631804553668e-01 1.811054089023656499e-01 1.052509754100334982e+00
7.092078631804553668e-01 1.811054089023656499e-01 1.052509754100334982e+00
7.091987377001357507e-01 1.810718997731929070e-01 1.051985065892091509e+00
7.092191987028247935e-01 1.813277226314293500e-01 1.052245339175615246e+00
7.093139970135264871e-01 1.811599200876618243e-01 1.051841040991763787e+00
7.094211638587178959e-01 1.807887568872880713e-01 1.051908667454543256e+00
7.094211638587178959e-01 1.807887568872880713e-01 1.051908667454543256e+00
7.092195221278754236e-01 1.811000452695120944e-01 1.052851322763499908e+00
7.094446758671720810e-01 1.806267196720814372e-01 1.051779577971339474e+00
7.097222578418523886e-01 1.806389715268866825e-01 1.052126935625665283e+00
7.092563120621713235e-01 1.812536617310108733e-01 1.051827730190804111e+00
7.090968538159057033e-01 1.817905205511194111e-01 1.052651938094951500e+00
7.090968538159057033e-01 1.817905205511194111e-01 1.052651938094951500e+00
7.095275822649274033e-01 1.806724817165620278e-01 1.051756609478109006e+00
7.094394642173897925e-01 1.807425735487289964e-01 1.052250879727426813e+00
7.094394642173897925e-01 1.807425735487289964e-01 1.052250879727426813e+00
7.094564447551161557e-01 1.804222201825623206e-01 1.052100388499405792e+00
7.092737308058674195e-01 1.813202410828107514e-01 1.052461358691126003e+00
7.093287794512727062e-01 1.812381777701474461e-01 1.052226180210422024e+00
7.093287794512727062e-01 1.812381777701474461e-01 1.052226180210422024e+00
7.093080677815302160e-01 1.811431298336532436e-01 1.052715596808720067e+00
7.092659782914662037e-01 1.811634632231847453e-01 1.052539732937703310e+00
7.092659782914662037e-01 1.811634632231847453e-01 1.052539732937703310e+00
7.094264991068097714e-01 1.809846914396662509e-01 1.052013930939635689e+00
7.093434792995562121e-01 1.815351147699357792e-01 1.051908914367702286e+00
7.093434792995562121e-01 1.815351147699357792e-01 1.051908914367702286e+00
7.094026435506206596e-01 1.812508994461801970e-01 1.051488588438789229e+00
7.095252895582827568e-01 1.807680696034469903e-01 1.052092408734132345e+00
7.095252895582827568e-01 1.807680696034469903e-01 1.052092408734132345e+00
7.090019104596603228e-01 1.818447297525372375e-01 1.052341594441880357e+00
7.092678933922139661e-01 1.812665541426485283e-01 1.052391469265061774e+00
7.092678933922139661e-01 1.812665541426485283e-01 1.052391469265061774e+00
7.093489073407797108e-01 1.814173994640590482e-01 1.052685896289559553e+00
7.095628645581489868e-01 1.809496451989638655e-01 1.051908602089232314e+00
7.095084390983411593e-01 1.804737568285415816e-01 1.052110030401914642e+00
7.094881957586495203e-01 1.811171678320172007e-01 1.052036283346658330e+00
7.094128494229935411e-01 1.808306236490827557e-01 1.052243170782139137e+00
7.093333816385035684e-01 1.806677622428571883e-01 1.051531152783295120e+00
7.093982602097788082e-01 1.812816826779898305e-01 1.052471974972750912e+00
7.093982602097788082e-01 1.812816826779898305e-01 1.052471974972750912e+00
7.095821559280248714e-01 1.808361584130187549e-01 1.051250389641829930e+00
7.095821559280248714e-01 1.808361584130187549e-01 1.051250389641829930e+00
7.093205730163406608e-01 1.811761015059715763e-01 1.052358292060067368e+00
7.093205730163406608e-01 1.811761015059715763e-01 1.052358292060067368e+00
7.093662237126111547e-01 1.809748229263193897e-01 1.052330884614146811e+00
7.092796481385811314e-01 1.810437184944846400e-01 1.051846211680718346e+00
7.094845734519878988e-01 1.805028069523458290e-01 1.052293367603869934e+00
7.093497144885236860e-01 1.804528812263601623e-01 1.052280012659675634e+00
7.093497144885236860e-01 1.804528812263601623e-01 1.052280012659675634e+00
7.094277021030133135e-01 1.804545899457555003e-01 1.052198969548909346e+00
7.093577087618704313e-01 1.805059144067324151e-01 1.052015004714050850e+00
7.094608053155307958e-01 1.808929894061168109e-01 1.051588715801572871e+00
7.094139447436212942e-01 1.809440516484671913e-01 1.052381010581173504e+00
7.094139447436212942e-01 1.809440516484671913e-01 1.052381010581173504e+00
7.094390109692904067e-01 1.808373050749683131e-01 1.052304791655768845e+00
7.093158730817387125e-01 1.809788230871950954e-01 1.051540740330394907e+00
7.091521561171953980e-01 1.812160499914022282e-01 1.052065222491480379e+00
7.093800991317693594e-01 1.810815075163262067e-01 1.052074674486599859e+00
7.092705361681506115e-01 1.808208189723995440e-01 1.051821366765921750e+00
7.092705361681506115e-01 1.808208189723995440e-01 1.051821366765921750e+00
7.094031559118999519e-01 1.813931842593081989e-01 1.051628407179486580e+00
7.094031559118999519e-01 1.813931842593081989e-01 1.051628407179486580e+00
7.091705646400643381e-01 1.809998660742937748e-01 1.052161169072081792e+00
7.093111653404886585e-01 1.799971605575941824e-01 1.052281838150562754e+00
7.093111653404886585e-01 1.799971605575941824e-01 1.052281838150562754e+00
7.085737152417381779e-01 1.800177921178129081e-01 1.051937346623413649e+00
7.074780968229043010e-01 1.802895206014924756e-01 1.052500923109381148e+00
7.063567705129304430e-01 1.810369427677644139e-01 1.052502762357677257e+00
7.063567705129304430e-01 1.810369427677644139e-01 1.052502762357677257e+00
7.050426926095439972e-01 1.810111036101587634e-01 1.052744409794212910e+00
7.044522564468035375e-01 1.807714048994986111e-01 1.052586009418354340e+00
7.035175972579122972e-01 1.804480185213364063e-01 1.053368566296090325e+00
7.029211102845951409e-01 1.799459568072005189e-01 1.053317070300662683e+00
7.022101559913512814e-01 1.806125275674173025e-01 1.053785310397754582e+00
7.022101559913512814e-01 1.806125275674173025e-01 1.053785310397754582e+00
7.019731067175122297e-01 1.801359135551138246e-01 1.052869492985365252e+00
7.019731067175122297e-01 1.801359135551138246e-01 1.052869492985365252e+00
7.015816171586702898e-01 1.795874645763576305e-01 1.053473001087213090e+00
7.015816171586702898e-01 1.795874645763576305e-01 1.053473001087213090e+00
7.014408203448746493e-01 1.800786388895386225e-01 1.053367870710521181e+00
7.015772155354768058e-01 1.800131570881912113e-01 1.053777525582952457e+00
7.017160421199477582e-01 1.798815154904175317e-01 1.053552981052988002e+00
7.017160421199477582e-01 1.798815154904175317e-01 1.053552981052988002e+00
7.015042691692701116e-01 1.803546434557945499e-01 1.053982606583451442e+00
7.016673150074484999e-01 1.794562237436840291e-01 1.053649776895441370e+00
7.014869238336742807e-01 1.801331992799795056e-01 1.053200551165349275e+00
7.014869238336742807e-01 1.801331992799795056e-01 1.053200551165349275e+00
7.014315456810926719e-01 1.802185903565555747e-01 1.053881261312771489e+00
7.013195866254638977e-01 1.805690164158532673e-01 1.053621828950037420e+00
7.014863393054091567e-01 1.809650657457021194e-01 1.053945792916608060e+00
7.014863393054091567e-01 1.809650657457021194e-01 1.053945792916608060e+00
7.017151021086240892e-01 1.801852923137777784e-01 1.053138733856846088e+00
7.014697550645103696e-01 1.795703655998930892e-01 1.053762027679412627e+00
7.019959520561265265e-01 1.791546606238814676e-01 1.053616664898856081e+00
7.019959520561265265e-01 1.791546606238814676e-01 1.053616664898856081e+00
7.015294618403952187e-01 1.802112542821306951e-01 1.053263391216268996e+00
7.013418241866415936e-01 1.805604313637527158e-01 1.053686390518474791e+00
7.013728238700497331e-01 1.804159613043217480e-01 1.054042708979568754e+00
7.014831121382733015e-01 1.805984763939523230e-01 1.053451744993242567e+00
7.016962399242442361e-01 1.804117424920043122e-01 1.053977540982791616e+00
7.013321268207858283e-01 1.809422461941720128e-01 1.053828960954565463e+00
7.013321268207858283e-01 1.809422461941720128e-01 1.053828960954565463e+00
7.015052963195083091e-01 1.802463962144160714e-01 1.053991395489158878e+00
7.015052963195083091e-01 1.802463962144160714e-01 1.053991395489158878e+00
7.015986864648635635e-01 1.799082462927578674e-01 1.053221483888827859e+00
7.015986864648635635e-01 1.799082462927578674e-01 1.053221483888827859e+00
7.013065987456050809e-01 1.806476921043287942e-01 1.054113843649968629e+00
7.013504769134418781e-01 1.802921020243761219e-01 1.053985695009630019e+00
7.018047185803543142e-01 1.799688803032905293e-01 1.053133147999177455e+00
7.017933727798522092e-01 1.798463468816069166e-01 1.053588571136453433e+00
7.017794017706667775e-01 1.792078263030291163e-01 1.053450464344011683e+00
7.014799445222759111e-01 1.800887538834463064e-01 1.054445691477080782e+00
7.015991616885611792e-01 1.799150591883916239e-01 1.053406376562892710e+00
7.015991616885611792e-01 1.799150591883916239e-01 1.053406376562892710e+00
7.016018401783165048e-01 1.800727074875523581e-01 1.053989439054708654e+00
7.015249078356147194e-01 1.801693315652855842e-01 1.053954592096101539e+00
7.015838514806033155e-01 1.798500239333567507e-01 1.053485564733284363e+00
7.015838514806033155e-01 1.798500239333567507e-01 1.053485564733284363e+00
7.014290292806216742e-01 1.811500607188998579e-01 1.053564456502894764e+00
7.014290292806216742e-01 1.811500607188998579e-01 1.053564456502894764e+00
7.020830509252000695e-01 1.805682680975843057e-01 1.053229230515005277e+00
7.025028167245825905e-01 1.804357806959666632e-01 1.053157627212643721e+00
7.034655270541271266e-01 1.799987045555855869e-01 1.052527904199401565e+00
7.034655270541271266e-01 1.799987045555855869e-01 1.052527904199401565e+00
7.049164788609488808e-01 1.806736371073157099e-01 1.052990966515425342e+00
7.049164788609488808e-01 1.806736371073157099e-01 1.052990966515425342e+00
7.072907855761269014e-01 1.801280649171559944e-01 1.052762765579324800e+00
7.084586825374589170e-01 1.806097548745991821e-01 1.052191997166455728e+00
7.088634221692978743e-01 1.808106588876602638e-01 1.051927676698699132e+00
7.097311373291965708e-01 1.802654828741240001e-01 1.052256756497718992e+00
7.097311373291965708e-01 1.802654828741240001e-01 1.052256756497718992e+00
7.116207865976590385e-01 1.805828016122442981e-01 1.050974164002007605e+00
7.116207865976590385e-01 1.805828016122442981e-01 1.050974164002007605e+00
7.118953108272476626e-01 1.812126029037229857e-01 1.051256706167150501e+00
7.121423151603414325e-01 1.805930339792233275e-01 1.051762813023115806e+00
7.121423151603414325e-01 1.805930339792233275e-01 1.051762813023115806e+00
7.121398434560660684e-01 1.812105237198196050e-01 1.050902057823827507e+00
7.120676665766109137e-01 1.813024557318463348e-01 1.051619058278906893e+00
7.124154604595722695e-01 1.809392407649937917e-01 1.050997798240625336e+00
7.124154604595722695e-01 1.809392407649937917e-01 1.050997798240625336e+00
7.121977804557954039e-01 1.808986178156355151e-01 1.050983192067108885e+00
7.123286947784381873e-01 1.809132324421128535e-01 1.051043481514752020e+00
7.123286947784381873e-01 1.809132324421128535e-01 1.051043481514752020e+00
7.125059735133061345e-01 1.808935410964633284e-01 1.049755055222226563e+00
7.130508908647078536e-01 1.813023038339093562e-01 1.047721002566528892e+00
7.130508908647078536e-01 1.813023038339093562e-01 1.047721002566528892e+00
7.132425464116146641e-01 1.810363298335035120e-01 1.044851375278326167e+00
7.131117342853073859e-01 1.812693511891480258e-01 1.043075304304084572e+00
7.137678495359659481e-01 1.811507096528473526e-01 1.041058187601070939e+00
7.142148131024761426e-01 1.815294255209714547e-01 1.038163176613219552e+00
7.142608554776530561e-01 1.824513886614589631e-01 1.034621320708184466e+00
7.147905590979248824e-01 1.817452941107137732e-01 1.031663867000577550e+00
7.151174924867149674e-01 1.821815515492752890e-01 1.028747151735583731e+00
7.153379361027727423e-01 1.825284715770957300e-01 1.026792115100894076e+00
7.158036788384031235e-01 1.818866763465352698e-01 1.024578003255487646e+00
7.158036788384031235e-01 1.818866763465352698e-01 1.024578003255487646e+00
7.158141569569557161e-01 1.829556242234660624e-01 1.020841796775576737e+00
7.158141569569557161e-01 1.829556242234660624e-01 1.020841796775576737e+00
7.161760570076979304e-01 1.825311213124045928e-01 1.018291525935718145e+00
7.152776658066518634e-01 1.829847640895350680e-01 1.016677311144950080e+00
7.152776658066518634e-01 1.829847640895350680e-01 1.016677311144950080e+00
7.150479790515068546e-01 1.822580680452753898e-01 1.016153331082113809e+00
7.141435123442826383e-01 1.828369267755369787e-01 1.016856693303124004e+00
7.139324926265352422e-01 1.829521084657284857e-01 1.016240962174861595e+00
7.137424658275437483e-01 1.821946327297747081e-01 1.017021689701028686e+00
7.137424658275437483e-01 1.821946327297747081e-01 1.017021689701028686e+00
7.132168130207886536e-01 1.826534458564482155e-01 1.016954076308035360e+00
7.132169010936693088e-01 1.819470245012393961e-01 1.016674809067160234e+00
7.127620191237670211e-01 1.822081526909885563e-01 1.016729920415180510e+00
7.127620191237670211e-01 1.822081526909885563e-01 1.016729920415180510e+00
7.126002155990043274e-01 1.823006997693865094e-01 1.017336506734110246e+00
7.125340970170728205e-01 1.820720508468294807e-01 1.016876031920283641e+00
7.123717284712011155e-01 1.818667801790981864e-01 1.017460928779800433e+00
7.123923343517793993e-01 1.820837302113426093e-01 1.016479136448137366e+00
7.123923343517793993e-01 1.820837302113426093e-01 1.016479136448137366e+00
7.122982772474110158e-01 1.825603475041538692e-01 1.016571655494072690e+00
7.124717441678639629e-01 1.817694785009532354e-01 1.017054544378149572e+00
7.124717441678639629e-01 1.817694785009532354e-01 1.017054544378149572e+00
7.126982968369806049e-01 1.814368378354755396e-01 1.017249975603007783e+00
7.126982968369806049e-01 1.814368378354755396e-01 1.017249975603007783e+00
7.124710567566152619e-01 1.824672420518881066e-01 1.017188014097528015e+00
7.124710567566152619e-01 1.824672420518881066e-01 1.017188014097528015e+00
7.125990427844415276e-01 1.814254753522968611e-01 1.017499674351590944e+00
7.124295445170938379e-01 1.827125308677247095e-01 1.017504646851094874e+00
7.124004601488586053e-01 1.822658627924047536e-01 1.016779214796147190e+00
7.124004601488586053e-01 1.822658627924047536e-01 1.016779214796147190e+00
7.123034581514484653e-01 1.826011050898482813e-01 1.017726028990588283e+00
7.123675906081540221e-01 1.823741073209320940e-01 1.017528967195080902e+00
7.122990078640945022e-01 1.823347899348893020e-01 1.017653322340308586e+00
7.123457812800922939e-01 1.823458860209696830e-01 1.016542170450611460e+00
7.123457812800922939e-01 1.823458860209696830e-01 1.016542170450611460e+00
7.124701261360368854e-01 1.824555430203352313e-01 1.017278442035929764e+00
7.125957037642286496e-01 1.816839835651324064e-01 1.017062167259206618e+00
7.125957037642286496e-01 1.816839835651324064e-01 1.017062167259206618e+00
7.125162235437578762e-01 1.818968145384741719e-01 1.016722192755047161e+00
7.125162235437578762e-01 1.818968145384741719e-01 1.016722192755047161e+00
7.124575129435608556e-01 1.821350200619321069e-01 1.017221510075281055e+00
7.127441727198463584e-01 1.817132335501756846e-01 1.016723229839674669e+00
7.127441727198463584e-01 1.817132335501756846e-01 1.016723229839674669e+00
7.122426208289935889e-01 1.828700464146834348e-01 1.016803040259031121e+00
7.126122264155578812e-01 1.821591646087412641e-01 1.017038076267914537e+00
7.126083732076371469e-01 1.819762496688305808e-01 1.017183968401337513e+00
7.124399723708638721e-01 1.816953183493533741e-01 1.015973677033298772e+00
7.122540632506996205e-01 1.821843374886805977e-01 1.016406731960089127e+00
7.122540632506996205e-01 1.821843374886805977e-01 1.016406731960089127e+00
7.125666904920493483e-01 1.824974220554854698e-01 1.017085430374525590e+00
7.123994507822640765e-01 1.820248166422426539e-01 1.016903540363425673e+00
7.126768132116502175e-01 1.815664221753954810e-01 1.017377991559984984e+00
7.124144244754584410e-01 1.818347370415889230e-01 1.017002232620044522e+00
7.124651818547940163e-01 1.826381024261172770e-01 1.016848717289621673e+00
7.124651818547940163e-01 1.826381024261172770e-01 1.016848717289621673e+00
7.123347478831816293e-01 1.823604127142648135e-01 1.017264871454786057e+00
7.122226958376921546e-01 1.828201836693974514e-01 1.017144764056876260e+00
7.123788838906176535e-01 1.818091501474775884e-01 1.017375419611700416e+00
7.123788838906176535e-01 1.818091501474775884e-01 1.017375419611700416e+00
7.123877032969482270e-01 1.823597834666556006e-01 1.017044162179665534e+00
7.125235304461091657e-01 1.821342326245442289e-01 1.017655009314330172e+00
7.125235304461091657e-01 1.821342326245442289e-01 1.017655009314330172e+00
7.126945590778284156e-01 1.820816783083312740e-01 1.017206381613353861e+00
7.126413618073509371e-01 1.820540561501182986e-01 1.017499603986662393e+00
7.123779582765784602e-01 1.823476903000477156e-01 1.016888958093879136e+00
7.123779582765784602e-01 1.823476903000477156e-01 1.016888958093879136e+00
7.124351515968393445e-01 1.821811057095033548e-01 1.017176789872430875e+00
7.121867708863639512e-01 1.831678516236424081e-01 1.016668390167215996e+00
7.125482707903791901e-01 1.819344911456487468e-01 1.017230878823196738e+00
7.125482707903791901e-01 1.819344911456487468e-01 1.017230878823196738e+00
7.123934630369771481e-01 1.829408997403599857e-01 1.016723703093957099e+00
7.123934630369771481e-01 1.829408997403599857e-01 1.016723703093957099e+00
7.126748333205844554e-01 1.818559430026720214e-01 1.016856346684152923e+00
7.126748333205844554e-01 1.818559430026720214e-01 1.016856346684152923e+00
7.126714635554375343e-01 1.818028377904427340e-01 1.016694719159705995e+00
7.123860131922311600e-01 1.823645582416489053e-01 1.017305084375744073e+00
7.125807008330221626e-01 1.819661480940486520e-01 1.017033516167415552e+00
7.125807008330221626e-01 1.819661480940486520e-01 1.017033516167415552e+00
7.124393548102755380e-01 1.827683442282235504e-01 1.016584232270481003e+00
7.124783841317604560e-01 1.820952111274606322e-01 1.016925716845990202e+00
7.126240661307309265e-01 1.820175544414457947e-01 1.016739472465262306e+00
7.123792495365450783e-01 1.827200520496834735e-01 1.017389231383933890e+00
7.124149164269413248e-01 1.825895177729632279e-01 1.016772603791159302e+00
7.123768824765223107e-01 1.821986842065654866e-01 1.017128771276673671e+00
7.123768824765223107e-01 1.821986842065654866e-01 1.017128771276673671e+00
7.124409075280849768e-01 1.821742725051619660e-01 1.016453309721036202e+00
7.126269440539770850e-01 1.822541992616305562e-01 1.016355292850370295e+00
7.126269440539770850e-01 1.822541992616305562e-01 1.016355292850370295e+00
7.126298867747217214e-01 1.818466431866478383e-01 1.017032966514906711e+00
7.126298867747217214e-01 1.818466431866478383e-01 1.017032966514906711e+00
7.124870714945763517e-01 1.820954766206745457e-01 1.017308412117554628e+00
7.125064046448685851e-01 1.822710807999492200e-01 1.016961158018412803e+00
7.125392152133969148e-01 1.821841473459070437e-01 1.016927207263177646e+00
7.124227873571034042e-01 1.819902990098727358e-01 1.016789330867112984e+00
7.124136408356653849e-01 1.822747655502265918e-01 1.017165678781648985e+00
7.122260359082634995e-01 1.831119730065923767e-01 1.016959943396485100e+00
7.123231446892009933e-01 1.821891100361149318e-01 1.016975757753320941e+00
7.125615271571346110e-01 1.821011783715418553e-01 1.017312480048522261e+00
7.125615271571346110e-01 1.821011783715418553e-01 1.017312480048522261e+00
7.120285340692159570e-01 1.826860788973080074e-01 1.017144003652989737e+00
7.121828078387092420e-01 1.831618063577793998e-01 1.016995567661744371e+00
7.121828078387092420e-01 1.831618063577793998e-01 1.016995567661744371e+00
7.126846969672927523e-01 1.820052574781970411e-01 1.016930563385929354e+00
7.124175087539236229e-01 1.825949686671779482e-01 1.016939074511951535e+00
7.124515006165322850e-01 1.826844425355280133e-01 1.017118360553187273e+00
7.124515006165322850e-01 1.826844425355280133e-01 1.017118360553187273e+00
7.124916420364509895e-01 1.823619085188384337e-01 1.017312480048522261e+00
7.126034628789837955e-01 1.821588226196939608e-01 1.016738961883019599e+00
7.125553434947519138e-01 1.818769296460299445e-01 1.017168131182375701e+00
7.123513825503834385e-01 1.826520980165413643e-01 1.016383626839631127e+00
7.123513825503834385e-01 1.826520980165413643e-01 1.016383626839631127e+00
7.123268325179945570e-01 1.824449163565653176e-01 1.016666753114016775e+00
7.123268325179945570e-01 1.824449163565653176e-01 1.016666753114016775e+00
7.123458340128246968e-01 1.827828196699192720e-01 1.018070972989151945e+00
7.123458340128246968e-01 1.827828196699192720e-01 1.018070972989151945e+00
7.123178954708759836e-01 1.836409564358005009e-01 1.017481210419277415e+00
7.124295047871218589e-01 1.840591031903359709e-01 1.018024428616769672e+00
7.123640730908618046e-01 1.835876330102969023e-01 1.018954032249780095e+00
7.123640730908618046e-01 1.835876330102969023e-01 1.018954032249780095e+00
7.122054238557132821e-01 1.861345538587147463e-01 1.018537763738537771e+00
7.122054238557132821e-01 1.861345538587147463e-01 1.018537763738537771e+00
7.124780993763203396e-01 1.870201934203556959e-01 1.019900841215490184e+00
7.124780993763203396e-01 1.870201934203556959e-01 1.019900841215490184e+00
7.123559607948602990e-01 1.889637492906419136e-01 1.020592608313544813e+00
7.123559607948602990e-01 1.889637492906419136e-01 1.020592608313544813e+00
7.121206532490447216e-01 1.901250906469627577e-01 1.021118775283679003e+00
7.118435120810278072e-01 1.906334430786807976e-01 1.021308255708106572e+00
7.118586309642772614e-01 1.901538624949215550e-01 1.021213705037368635e+00
7.118586309642772614e-01 1.901538624949215550e-01 1.021213705037368635e+00
7.110689247965842341e-01 1.914916443436358584e-01 1.022087907277482888e+00
7.110689247965842341e-01 1.914916443436358584e-01 1.022087907277482888e+00
7.106558671878689948e-01 1.910279975846762568e-01 1.022774872214768038e+00
7.106558671878689948e-01 1.910279975846762568e-01 1.022774872214768038e+00
7.099728655526821308e-01 1.922214348416974583e-01 1.023982673948316657e+00
7.096256935932493404e-01 1.914391018924699872e-01 1.024560627779983690e+00
7.096563260437779297e-01 1.917172454340173027e-01 1.025130411857405166e+00
7.096563260437779297e-01 1.917172454340173027e-01 1.025130411857405166e+00
7.098137261738821646e-01 1.916711846088519910e-01 1.024851672545256998e+00
7.098137261738821646e-01 1.916711846088519910e-01 1.024851672545256998e+00
7.101025079767373516e-01 1.903978742907394550e-01 1.025169065733497753e+00
7.101025079767373516e-01 1.903978742907394550e-01 1.025169065733497753e+00
7.097909332033750518e-01 1.917787115573906243e-01 1.024823598744175168e+00
7.095915566783300710e-01 1.920603893684749708e-01 1.024968641604572017e+00
7.097574610820875929e-01 1.917952870190957615e-01 1.024383640751677094e+00
7.098682461895088336e-01 1.917688419908099018e-01 1.025169500767449726e+00
7.096839661810305788e-01 1.917689800912050768e-01 1.025056577558138393e+00
7.099321534064663153e-01 1.910543403274560792e-01 1.024865349428698558e+00
7.099600248222401877e-01 1.911426169107108552e-01 1.025135549837242532e+00
7.098342370268069246e-01 1.913052780917765539e-01 1.025089660111200063e+00
