7.191043626939404021e-01 2.008646987480796342e-01 1.023239536363469426e+00
7.192604822852329827e-01 2.001097498281795839e-01 1.023810125754371469e+00
7.192885146216702053e-01 2.002737929735271261e-01 1.023558925234770101e+00
7.191294236148167984e-01 2.003902427101204031e-01 1.023429091578863748e+00
7.191294236148167984e-01 2.003902427101204031e-01 1.023429091578863748e+00
7.191307192275196991e-01 2.000641018005041571e-01 1.023490508758757134e+00
7.194140757403773012e-01 2.005732394158356857e-01 1.023222585208728219e+00
7.194140757403773012e-01 2.005732394158356857e-01 1.023222585208728219e+00
7.192089112841802967e-01 2.008920552107751889e-01 1.023718361331334759e+00
7.191527437893852071e-01 2.005741857449926946e-01 1.023203874998566576e+00
7.191527437893852071e-01 2.005741857449926946e-01 1.023203874998566576e+00
7.192120393487784202e-01 2.006419708716730699e-01 1.023622401876854493e+00
7.192590810626547926e-01 2.009084062407959781e-01 1.023429942249231228e+00
7.192590810626547926e-01 2.009084062407959781e-01 1.023429942249231228e+00
7.193590044853922505e-01 2.000560033057354747e-01 1.023492129130232131e+00
7.193590044853922505e-01 2.000560033057354747e-01 1.023492129130232131e+00
7.193882634200904347e-01 2.000479009942765507e-01 1.023573990093753938e+00
7.193357639988570140e-01 2.002459145895290338e-01 1.023091028460597407e+00
7.193357954855937875e-01 2.006205261046189459e-01 1.023353234651796173e+00
7.193357954855937875e-01 2.006205261046189459e-01 1.023353234651796173e+00
7.192495687042456121e-01 2.010834756470429030e-01 1.022438386772635655e+00
7.192397881680238081e-01 2.001791457929952833e-01 1.023486962172100778e+00
7.195114624192833208e-01 1.998659648016288537e-01 1.023275809631850830e+00
7.192043472283865535e-01 2.004845868831892919e-01 1.023005894387878811e+00
7.192043472283865535e-01 2.004845868831892919e-01 1.023005894387878811e+00
7.187211116565154212e-01 2.021648082111100753e-01 1.023373296347219963e+00
7.187211116565154212e-01 2.021648082111100753e-01 1.023373296347219963e+00
7.190084610236487928e-01 2.012384046363628609e-01 1.023686086217429736e+00
7.189511665565655463e-01 2.010868245497333950e-01 1.023983213995374175e+00
7.189511665565655463e-01 2.010868245497333950e-01 1.023983213995374175e+00
7.190008435024085598e-01 2.001725745948810253e-01 1.023465514154206613e+00
7.190008435024085598e-01 2.001725745948810253e-01 1.023465514154206613e+00
7.192851678294831519e-01 2.004049560615238090e-01 1.023367854834516866e+00
7.192851678294831519e-01 2.004049560615238090e-01 1.023367854834516866e+00
7.193597052210074505e-01 2.003813535227172982e-01 1.023569267637445712e+00
7.193597052210074505e-01 2.003813535227172982e-01 1.023569267637445712e+00
7.191304872367283441e-01 2.011068141689444921e-01 1.023394445074079062e+00
7.191838405604548123e-01 2.007195888128179839e-01 1.023657682194900831e+00
7.189239853485505094e-01 2.010580047597139708e-01 1.023229703181402606e+00
7.189239853485505094e-01 2.010580047597139708e-01 1.023229703181402606e+00
7.193096520018250617e-01 1.999577264484292127e-01 1.023106329060206487e+00
7.193096520018250617e-01 1.999577264484292127e-01 1.023106329060206487e+00
7.191845952672766273e-01 2.010263452776996917e-01 1.023431323900342083e+00
7.191845952672766273e-01 2.010263452776996917e-01 1.023431323900342083e+00
7.192326762448130184e-01 2.002949790883739867e-01 1.023367938612198547e+00
7.192326762448130184e-01 2.002949790883739867e-01 1.023367938612198547e+00
7.188759680798006979e-01 2.012718076634673059e-01 1.023584515928276817e+00
7.192064023373230253e-01 2.008999743148467687e-01 1.023133911535431206e+00
7.194406933521446668e-01 2.006674282902319861e-01 1.022915221664907559e+00
7.194406933521446668e-01 2.006674282902319861e-01 1.022915221664907559e+00
7.194848347061129079e-01 1.998792544948979066e-01 1.023128825425203781e+00
7.192088224198963653e-01 2.006991782675306979e-01 1.023207864543530743e+00
7.192088224198963653e-01 2.006991782675306979e-01 1.023207864543530743e+00
7.189526887169522817e-01 2.006834081262348080e-01 1.023491909282964851e+00
7.192371668950346963e-01 2.001318157669231268e-01 1.023896258051657959e+00
7.191735302504411731e-01 2.002665079835795336e-01 1.021934427300834169e+00
7.192858782363296122e-01 2.006288295065112859e-01 1.023733620120397259e+00
7.191552154561227095e-01 2.001915421771169323e-01 1.023556300154019993e+00
7.191552154561227095e-01 2.001915421771169323e-01 1.023556300154019993e+00
7.192778421376166964e-01 2.002266201744566654e-01 1.022966046875575241e+00
7.191331861927354741e-01 2.004192966652647012e-01 1.023618518882002837e+00
7.191039886457482044e-01 2.009800970380973273e-01 1.023220371273418916e+00
7.191039886457482044e-01 2.009800970380973273e-01 1.023220371273418916e+00
7.191105195617588652e-01 2.010119643056155758e-01 1.023840030315103400e+00
7.191301319417923166e-01 2.007813603647442546e-01 1.023324687407480837e+00
7.188991620523105253e-01 2.015914890357596856e-01 1.023273776024740789e+00
7.188981706019915707e-01 2.009205182454445460e-01 1.023147700186989306e+00
7.192594840523750532e-01 2.001803156312300103e-01 1.023735038971954836e+00
7.191082640144226268e-01 2.003657219925738808e-01 1.023822241825265156e+00
7.191082640144226268e-01 2.003657219925738808e-01 1.023822241825265156e+00
7.191349365673704863e-01 2.006988950299534447e-01 1.023809554972026525e+00
7.189755063347106345e-01 2.013352866996416801e-01 1.022835576291800441e+00
7.190509701035585621e-01 2.008250992945568858e-01 1.023134078017060133e+00
7.193140930898784813e-01 2.005511703242814914e-01 1.023705890343497238e+00
7.193140930898784813e-01 2.005511703242814914e-01 1.023705890343497238e+00
7.191607421545849199e-01 2.006960081098401183e-01 1.023897076269949302e+00
7.191558865844666082e-01 2.005028914325592548e-01 1.023425324732351926e+00
7.191558865844666082e-01 2.005028914325592548e-01 1.023425324732351926e+00
7.192338156545261540e-01 2.004035534209928637e-01 1.023707117200433725e+00
7.192338156545261540e-01 2.004035534209928637e-01 1.023707117200433725e+00
7.192352259470162767e-01 2.004406034204145870e-01 1.023304529558489495e+00
7.193494414456040875e-01 2.001529760328983887e-01 1.021969884961571040e+00
7.193494414456040875e-01 2.001529760328983887e-01 1.021969884961571040e+00
7.191584388488986290e-01 2.003821536370339607e-01 1.023503014286115675e+00
7.192835388120211171e-01 2.004221870877694323e-01 1.022900673619994372e+00
7.186157426026347217e-01 2.018133433466659521e-01 1.023512027883153763e+00
7.191529943228788246e-01 2.004312971320847958e-01 1.023727414285453996e+00
7.191529943228788246e-01 2.004312971320847958e-01 1.023727414285453996e+00
7.189713439484732849e-01 2.007825064175743357e-01 1.023191466885172929e+00
7.189713439484732849e-01 2.007825064175743357e-01 1.023191466885172929e+00
7.191756240543331069e-01 2.008179720863732531e-01 1.023001399600097727e+00
7.191756240543331069e-01 2.008179720863732531e-01 1.023001399600097727e+00
7.191299371580144317e-01 2.005611416887673748e-01 1.023295683898092223e+00
7.191106137530085540e-01 2.004724936615029929e-01 1.023476064029709143e+00
7.188172751790322668e-01 2.013008126857644964e-01 1.022771295905784861e+00
7.188172751790322668e-01 2.013008126857644964e-01 1.022771295905784861e+00
7.194341565638185942e-01 2.001315673354063240e-01 1.022757822268702821e+00
7.191808588856011264e-01 2.006362334142148263e-01 1.023218197478938274e+00
7.191808588856011264e-01 2.006362334142148263e-01 1.023218197478938274e+00
7.191360256660056516e-01 2.001832411668395539e-01 1.023731178510986162e+00
7.192582992741134440e-01 2.000304362766809341e-01 1.023653943855883153e+00
7.191033892847854547e-01 2.002281363666024716e-01 1.023278266677971837e+00
7.191243935796706177e-01 2.009133528397687996e-01 1.022979864655372051e+00
7.191243935796706177e-01 2.009133528397687996e-01 1.022979864655372051e+00
7.188464538268235504e-01 2.014196032072123055e-01 1.023552391028079711e+00
7.191287075902018655e-01 2.002022934243004593e-01 1.023935124100872285e+00
7.191287075902018655e-01 2.002022934243004593e-01 1.023935124100872285e+00
7.192082094048904972e-01 2.006267573984156782e-01 1.023686813641495164e+00
7.189020391251286224e-01 2.008944513237918561e-01 1.023386657619700824e+00
7.190836168975204279e-01 2.005186208908796563e-01 1.023839018741474538e+00
7.190529595889031400e-01 2.010307645612212091e-01 1.023116559151290739e+00
7.193576788402626931e-01 1.996776800732318891e-01 1.022938911271072504e+00
7.191811832355219369e-01 2.005210336964797224e-01 1.023252444438608189e+00
7.191811832355219369e-01 2.005210336964797224e-01 1.023252444438608189e+00
7.192883249699781878e-01 2.005955589564262231e-01 1.023352843452000061e+00
7.191091516341359124e-01 2.007432074024919633e-01 1.023486543069366483e+00
7.191091516341359124e-01 2.007432074024919633e-01 1.023486543069366483e+00
7.189278482551922922e-01 2.013709958935593625e-01 1.023761862020529989e+00
7.193148235199001705e-01 2.008165290792507662e-01 1.023752760979264931e+00
7.190059362191681958e-01 2.009571083425822358e-01 1.023827391445704338e+00
7.191332479197979355e-01 2.005842575953339368e-01 1.023689645269238113e+00
7.191332479197979355e-01 2.005842575953339368e-01 1.023689645269238113e+00
7.192903708389356554e-01 2.007689285903810350e-01 1.023674121268228321e+00
7.192903708389356554e-01 2.007689285903810350e-01 1.023674121268228321e+00
7.189529707514130674e-01 2.008021433797692046e-01 1.023748599942859938e+00
7.188677356031923926e-01 2.003381734028514549e-01 1.022934938519707737e+00
7.191633452176451335e-01 2.002394591598817830e-01 1.023964884589722457e+00
7.191633452176451335e-01 2.002394591598817830e-01 1.023964884589722457e+00
7.191031127405739243e-01 2.018334991140905144e-01 1.022873524484839702e+00
7.190281336038593096e-01 2.005920382394114632e-01 1.023174202229275132e+00
7.192884827468872810e-01 2.009101655144965304e-01 1.023569552452677556e+00
7.192884827468872810e-01 2.009101655144965304e-01 1.023569552452677556e+00
7.192056166220037738e-01 2.003023312736557926e-01 1.023417470228072279e+00
7.190837769346353214e-01 2.011655563600598939e-01 1.023686982632607823e+00
7.190067891199527494e-01 2.006276532092013953e-01 1.023605501307533583e+00
7.190067891199527494e-01 2.006276532092013953e-01 1.023605501307533583e+00
7.191354931953481966e-01 2.006910860797062046e-01 1.023366036186293737e+00
7.191354931953481966e-01 2.006910860797062046e-01 1.023366036186293737e+00
7.191532492411174537e-01 2.004507515200271983e-01 1.022787516289932697e+00
7.193133956391345452e-01 2.001843350148964085e-01 1.023886850847382401e+00
7.192311806733088231e-01 2.007575646044704176e-01 1.022993061214124477e+00
7.187220291669381700e-01 2.012698226434212478e-01 1.023977511001211260e+00
7.191848888725101974e-01 2.003300166592006382e-01 1.023405388865290533e+00
7.191848888725101974e-01 2.003300166592006382e-01 1.023405388865290533e+00
7.189536298940240044e-01 2.015576329588410764e-01 1.023997161073288531e+00
7.189536298940240044e-01 2.015576329588410764e-01 1.023997161073288531e+00
7.189304187000752355e-01 2.011836517138954616e-01 1.023170706658719453e+00
7.193619133445112723e-01 2.002595778088679945e-01 1.022781315139194458e+00
7.191868352465060621e-01 2.005248976610319589e-01 1.023504300306235848e+00
7.188521728101521235e-01 2.012031086622211862e-01 1.023767726621044094e+00
7.188521728101521235e-01 2.012031086622211862e-01 1.023767726621044094e+00
7.190574326868174326e-01 2.004580633267151746e-01 1.023429791036130965e+00
7.191819749045420540e-01 2.007725385160039899e-01 1.023098657855128657e+00
7.191797520735714322e-01 2.007732819015074499e-01 1.022952242586409710e+00
7.191095244125932373e-01 2.006832380501133162e-01 1.023456167832741848e+00
7.191287280171867469e-01 2.004111832087011880e-01 1.023199396083763979e+00
7.189514827406159325e-01 2.011803645103237836e-01 1.023281796399523547e+00
7.191309095713420696e-01 2.009913913293550625e-01 1.023428788399502798e+00
7.191309095713420696e-01 2.009913913293550625e-01 1.023428788399502798e+00
7.193868026652737724e-01 1.999253905159125433e-01 1.022995791169083901e+00
7.193868026652737724e-01 1.999253905159125433e-01 1.022995791169083901e+00
7.190272473922902918e-01 2.011004537379353918e-01 1.023736262003298814e+00
7.190272473922902918e-01 2.011004537379353918e-01 1.023736262003298814e+00
7.192569833218458442e-01 2.005344688820718813e-01 1.023020969037886196e+00
7.192569833218458442e-01 2.005344688820718813e-01 1.023020969037886196e+00
7.190306386203132449e-01 2.005839795079616128e-01 1.023796848463629061e+00
7.192590272933707674e-01 2.005620351193970197e-01 1.023559383348300766e+00
7.192590272933707674e-01 2.005620351193970197e-01 1.023559383348300766e+00
7.190811645910375471e-01 2.007468559728926016e-01 1.023260310985699251e+00
7.193090741747097949e-01 2.004979918255204163e-01 1.023276639239460772e+00
7.193090741747097949e-01 2.004979918255204163e-01 1.023276639239460772e+00
7.191025066243923458e-01 2.002960205445523667e-01 1.023744004953502262e+00
7.193158037156204276e-01 2.006518093176183626e-01 1.023617322667807583e+00
7.193885788712700569e-01 2.004260773041570687e-01 1.024112286639939473e+00
7.190856399919433040e-01 2.008071285414377571e-01 1.023244351593550983e+00
7.190856399919433040e-01 2.008071285414377571e-01 1.023244351593550983e+00
7.194836362758215698e-01 2.001314939898370393e-01 1.022827834596454544e+00
7.194146609764925371e-01 2.003703615391698722e-01 1.023715851925569131e+00
7.190833278173004439e-01 2.009248503854615397e-01 1.023694175949579899e+00
7.190783740785783307e-01 2.003005070853128289e-01 1.023330810181546591e+00
7.190783740785783307e-01 2.003005070853128289e-01 1.023330810181546591e+00
7.193067944641459155e-01 2.006947044079385734e-01 1.023074778278663555e+00
7.192103405840470920e-01 2.007617414650763321e-01 1.023724773817638045e+00
7.192103405840470920e-01 2.007617414650763321e-01 1.023724773817638045e+00
7.191309820811021547e-01 2.006305263327218258e-01 1.023405301185068783e+00
7.191342314559026061e-01 2.008741413094813910e-01 1.023828524019419373e+00
7.192061145633964481e-01 2.006690616911139258e-01 1.023251986308806316e+00
7.192061145633964481e-01 2.006690616911139258e-01 1.023251986308806316e+00
7.188293815668623798e-01 2.012180182726592270e-01 1.023347748596811879e+00
7.193914322721024490e-01 2.002912663800045234e-01 1.023989519115821256e+00
7.193914322721024490e-01 2.002912663800045234e-01 1.023989519115821256e+00
7.192602820462130619e-01 2.001238559657245175e-01 1.024011050991815885e+00
7.194423291500661177e-01 2.005095495648509529e-01 1.023426250617387012e+00
7.192068011286829599e-01 2.002978644417436338e-01 1.023303313292623251e+00
7.192068011286829599e-01 2.002978644417436338e-01 1.023303313292623251e+00
7.191327065073004343e-01 2.006581876235132844e-01 1.023943898694031907e+00
7.190808043515241055e-01 2.010684881279768965e-01 1.023038909276191788e+00
7.191508967554437470e-01 2.000573824050270455e-01 1.023318738218112811e+00
7.191297427922718200e-01 2.011420928781088302e-01 1.023371093087603878e+00
7.190761869869848333e-01 2.007878601574842325e-01 1.023003340126587668e+00
7.191872342712684052e-01 2.005036999351767490e-01 1.023734311111718753e+00
7.192611779312594322e-01 2.006167139746626027e-01 1.023648727667268776e+00
7.190829308137972609e-01 2.013409549787744113e-01 1.023705890343497238e+00
7.190829308137972609e-01 2.013409549787744113e-01 1.023705890343497238e+00
7.189525660120960060e-01 2.005046926591364520e-01 1.023174742004955728e+00
7.189525660120960060e-01 2.005046926591364520e-01 1.023174742004955728e+00
7.191552154561227095e-01 2.001915421771169323e-01 1.023548670759488743e+00
7.191050987283552631e-01 2.006892778041349246e-01 1.023236008558447541e+00
7.192326292483693928e-01 2.007817852527507274e-01 1.023225243599593881e+00
7.192359313246998731e-01 2.004827749038853302e-01 1.023848162377238413e+00
7.192359313246998731e-01 2.004827749038853302e-01 1.023848162377238413e+00
7.190787007998443725e-01 1.998975000962686099e-01 1.022862885639137964e+00
7.190787007998443725e-01 1.998975000962686099e-01 1.022862885639137964e+00
7.189202633577032042e-01 2.013539608666413405e-01 1.023139969278461070e+00
7.190036912915286349e-01 2.008528695473218995e-01 1.023624759490637359e+00
7.191018074759880641e-01 2.000966608484653353e-01 1.023500645505801332e+00
7.192102603278461848e-01 2.011884118794695364e-01 1.023589772041125556e+00
7.190285589442929615e-01 2.006969307994457552e-01 1.023245195582244138e+00
7.190285589442929615e-01 2.006969307994457552e-01 1.023245195582244138e+00
7.188995030577091105e-01 2.011233975349209502e-01 1.023681910322951527e+00
7.191303817771876883e-01 2.009393122012478050e-01 1.023848962698921561e+00
7.189805072914571271e-01 2.007212832797177215e-01 1.023429791036130965e+00
7.189805072914571271e-01 2.007212832797177215e-01 1.023429791036130965e+00
7.191553190113432192e-01 2.008985710567772753e-01 1.023450293634314168e+00
7.191553190113432192e-01 2.008985710567772753e-01 1.023450293634314168e+00
7.191548315840599059e-01 2.008349403594094085e-01 1.023105918396452374e+00
7.190056658847898685e-01 2.012789079870549724e-01 1.023605769405267818e+00
7.191033415358671910e-01 2.011140423692807100e-01 1.023474279259782183e+00
7.189774118668023073e-01 2.005306478796231029e-01 1.023452526049819955e+00
7.190749290102654845e-01 2.001983296007614210e-01 1.023783409302294167e+00
7.190749290102654845e-01 2.001983296007614210e-01 1.023783409302294167e+00
7.190514122809376074e-01 2.005693357952838263e-01 1.023159018044092594e+00
7.190514122809376074e-01 2.005693357952838263e-01 1.023159018044092594e+00
7.191846295292410041e-01 2.006517225926437997e-01 1.023199300273759604e+00
7.191846295292410041e-01 2.006517225926437997e-01 1.023199300273759604e+00
7.193119825590268412e-01 2.006365554257946715e-01 1.023666500981601057e+00
7.190778473418394379e-01 2.008039686551094105e-01 1.022845871684202823e+00
7.192314975566587165e-01 2.006318543956407963e-01 1.023174647427865125e+00
7.192314975566587165e-01 2.006318543956407963e-01 1.023174647427865125e+00
7.192056958860743032e-01 2.000740603082302171e-01 1.022945381140361709e+00
7.192056958860743032e-01 2.000740603082302171e-01 1.022945381140361709e+00
7.191356487100072359e-01 2.007438596906432060e-01 1.023842563026105879e+00
7.191356487100072359e-01 2.007438596906432060e-01 1.023842563026105879e+00
7.189507777328435489e-01 2.007502060743606431e-01 1.023141398977146288e+00
7.189507777328435489e-01 2.007502060743606431e-01 1.023141398977146288e+00
7.195119672684544554e-01 2.000264451223889017e-01 1.023304949730661217e+00
7.191314476342363093e-01 2.008575615764393862e-01 1.023152042834486686e+00
7.191816884902501039e-01 2.005415231570001622e-01 1.023216775717366689e+00
7.191816884902501039e-01 2.005415231570001622e-01 1.023216775717366689e+00
7.191394184912374143e-01 2.009794574287951385e-01 1.023845474160711921e+00
7.190505132489316553e-01 2.011574292739472802e-01 1.022788417770573055e+00
7.192014401418316272e-01 2.005948758839191937e-01 1.023036973376426628e+00
7.190791410477473944e-01 2.013532235021031624e-01 1.023250603869658937e+00
7.190791410477473944e-01 2.013532235021031624e-01 1.023250603869658937e+00
7.191802830057892892e-01 2.006304412496565659e-01 1.023460520682443420e+00
7.189034443589303880e-01 2.009428331163258807e-01 1.023710749828137700e+00
7.191819802147469964e-01 2.006190098453125570e-01 1.023761604348193188e+00
7.189533537793421081e-01 2.012103259214585160e-01 1.023309888271039636e+00
7.189533537793421081e-01 2.012103259214585160e-01 1.023309888271039636e+00
7.190569719997462750e-01 2.008924589323905496e-01 1.023722656235605877e+00
7.190569719997462750e-01 2.008924589323905496e-01 1.023722656235605877e+00
7.194662785950683981e-01 1.999759740130332974e-01 1.023381937970287980e+00
7.193367828199549452e-01 2.002308183458935686e-01 1.023093411301644551e+00
7.189510102142596670e-01 2.012297743591813237e-01 1.023444224043686068e+00
7.191068353354204135e-01 2.006497529721524009e-01 1.023122025607168251e+00
7.193578486734755195e-01 1.999500527918874060e-01 1.022570513985953777e+00
7.193578486734755195e-01 1.999500527918874060e-01 1.022570513985953777e+00
7.191059864553208669e-01 2.010320814984079274e-01 1.023835105419451885e+00
7.191059864553208669e-01 2.010320814984079274e-01 1.023835105419451885e+00
7.189759895362192177e-01 2.008672159868899187e-01 1.023274320033097595e+00
7.191352766853977840e-01 2.013661338080511287e-01 1.023621751995924090e+00
7.191352766853977840e-01 2.013661338080511287e-01 1.023621751995924090e+00
7.191342314559026061e-01 2.008741413094813910e-01 1.023820894624888123e+00
7.191342314559026061e-01 2.008741413094813910e-01 1.023820894624888123e+00
7.190016328729296191e-01 2.003962578132504613e-01 1.023770278727289540e+00
7.190016328729296191e-01 2.003962578132504613e-01 1.023770278727289540e+00
7.192027837538067514e-01 2.002167508338171253e-01 1.023549371701407251e+00
7.189289782948095064e-01 2.008627312424370315e-01 1.023207606055973606e+00
7.190265649625626754e-01 2.010554358993659196e-01 1.023718550555484885e+00
7.190265649625626754e-01 2.010554358993659196e-01 1.023718550555484885e+00
7.191067234325277946e-01 2.005836828064395672e-01 1.023326596193374183e+00
7.191067234325277946e-01 2.005836828064395672e-01 1.023326596193374183e+00
7.190248450869640706e-01 2.010896359900026797e-01 1.022825389148728004e+00
7.191063713098111432e-01 2.006575982921439127e-01 1.023588142740387008e+00
7.192799442117746578e-01 2.002257768190875975e-01 1.023135339925232312e+00
7.192799442117746578e-01 2.002257768190875975e-01 1.023135339925232312e+00
7.191357362139678688e-01 2.009502406636912986e-01 1.023647800520141704e+00
7.190836168975204279e-01 2.005186208908796563e-01 1.023839018741474538e+00
7.194611705255259393e-01 2.000584301726810732e-01 1.022889668844996880e+00
7.192880134213054388e-01 2.001687155315264310e-01 1.023510514135572480e+00
7.190245488030123644e-01 2.002549548745181651e-01 1.023452615057530934e+00
7.192341538846130922e-01 2.004694637767835408e-01 1.023525645774038484e+00
7.192341538846130922e-01 2.004694637767835408e-01 1.023525645774038484e+00
7.193602162307245473e-01 1.997387379554494968e-01 1.022776326361215737e+00
7.193602162307245473e-01 1.997387379554494968e-01 1.022776326361215737e+00
7.191575062184006883e-01 2.004524735719095951e-01 1.023435684233397369e+00
7.190336972246029745e-01 2.009006363206127244e-01 1.023577419335148342e+00
7.191580169961289126e-01 2.006518663403786540e-01 1.023709747572071560e+00
7.192002666097062624e-01 1.999686743949783685e-01 1.022967104008214223e+00
7.192002666097062624e-01 1.999686743949783685e-01 1.022967104008214223e+00
7.190250316027251287e-01 2.010482517721087214e-01 1.023106082786508386e+00
7.191813518211592759e-01 2.008218151006714303e-01 1.023260849888597557e+00
7.191813518211592759e-01 2.008218151006714303e-01 1.023260849888597557e+00
7.192851678294831519e-01 2.004049560615238090e-01 1.023406001807173116e+00
7.190539289693979041e-01 2.014670147423808788e-01 1.023014565863237246e+00
7.190320025176131224e-01 2.010591184983780977e-01 1.023970682227536511e+00
7.190320025176131224e-01 2.010591184983780977e-01 1.023970682227536511e+00
7.190270057380085955e-01 2.008165214364007189e-01 1.023362921495052591e+00
7.192803999161002659e-01 2.001762424890866643e-01 1.022980583653412712e+00
7.192865944748582097e-01 2.006738356466660211e-01 1.023759000150829213e+00
7.192067188127417854e-01 2.003393078108585135e-01 1.023030235425491430e+00
7.192067188127417854e-01 2.003393078108585135e-01 1.023030235425491430e+00
7.190562168273134658e-01 2.003081780931650346e-01 1.023356300684285625e+00
7.189526887169522817e-01 2.006834081262348080e-01 1.023469021099371101e+00
7.189526887169522817e-01 2.006834081262348080e-01 1.023469021099371101e+00
7.189521959684050945e-01 2.012253317524972385e-01 1.023299531377345417e+00
7.189521959684050945e-01 2.012253317524972385e-01 1.023299531377345417e+00
7.192067888835513845e-01 2.005782678052109302e-01 1.023347668574784208e+00
7.192067888835513845e-01 2.005782678052109302e-01 1.023347668574784208e+00
7.191543235745542217e-01 2.005754943558825665e-01 1.022824799698211384e+00
7.191358957114259987e-01 2.010690341681315996e-01 1.023919831729188656e+00
7.191358957114259987e-01 2.010690341681315996e-01 1.023919831729188656e+00
7.192527483052123527e-01 2.002744541271880285e-01 1.022964948029150500e+00
7.192142550633799924e-01 2.003535618298173393e-01 1.024170487343010416e+00
7.190744084690301463e-01 2.010479805395719299e-01 1.023168865947706951e+00
7.191819143091663369e-01 2.002197827830617394e-01 1.023415241268107456e+00
7.191819143091663369e-01 2.002197827830617394e-01 1.023415241268107456e+00
7.192791917319719674e-01 2.005555780745509054e-01 1.023394997237925264e+00
7.190296849827388925e-01 2.010396200571002989e-01 1.023852586152875777e+00
7.190059166912132760e-01 2.013838252429475395e-01 1.023669225779870962e+00
7.195403535963529329e-01 1.998473177702822789e-01 1.023489442408786365e+00
7.195403535963529329e-01 1.998473177702822789e-01 1.023489442408786365e+00
7.190011306585191164e-01 2.008193818437338518e-01 1.023298305071684844e+00
7.190011306585191164e-01 2.008193818437338518e-01 1.023298305071684844e+00
7.192344413786385671e-01 2.006273974249038750e-01 1.024042621370177875e+00
7.192344413786385671e-01 2.006273974249038750e-01 1.024042621370177875e+00
7.191607421545849199e-01 2.006960081098401183e-01 1.023897076269949302e+00
7.191607421545849199e-01 2.006960081098401183e-01 1.023897076269949302e+00
7.192103405840470920e-01 2.007617414650763321e-01 1.023747662001231795e+00
7.192103405840470920e-01 2.007617414650763321e-01 1.023747662001231795e+00
7.192619836843852088e-01 2.003398747240326960e-01 1.023910950485384497e+00
7.192619836843852088e-01 2.003398747240326960e-01 1.023910950485384497e+00
7.192829757389896939e-01 2.003643215434121883e-01 1.023517465409637506e+00
7.191104515757442694e-01 2.006128368632007497e-01 1.023500738217670403e+00
7.192805280829560610e-01 2.003120658948767119e-01 1.022902573808397220e+00
7.191773176095377362e-01 2.002115260445266887e-01 1.023018822359416768e+00
7.191773176095377362e-01 2.002115260445266887e-01 1.023018822359416768e+00
7.192858782363296122e-01 2.006288295065112859e-01 1.023718361331334759e+00
7.195679992643715384e-01 1.997166720281896568e-01 1.023023582157563727e+00
7.191279524578270133e-01 2.004791078560956286e-01 1.023703440458005431e+00
7.190055705741478231e-01 2.004531454858808903e-01 1.023440062572897213e+00
7.193297921287800101e-01 2.006907915831908085e-01 1.023355616683458091e+00
7.189532547945164387e-01 2.008681603582895270e-01 1.023590243505036357e+00
7.189532547945164387e-01 2.008681603582895270e-01 1.023590243505036357e+00
7.190514642232327391e-01 2.009830409731899747e-01 1.023650575290794507e+00
7.190514642232327391e-01 2.009830409731899747e-01 1.023650575290794507e+00
7.191561852779291275e-01 2.007161819929550450e-01 1.023907397516044870e+00
7.191561852779291275e-01 2.007161819929550450e-01 1.023907397516044870e+00
7.191733886277705823e-01 2.007365665284121525e-01 1.022188071531784370e+00
7.190295703515718895e-01 2.009866743604278305e-01 1.023376089410231282e+00
7.191369090484133197e-01 2.002390558706385049e-01 1.023609427984364828e+00
7.191369090484133197e-01 2.002390558706385049e-01 1.023609427984364828e+00
7.192820872799601251e-01 2.000989362001637795e-01 1.023478369071850302e+00
7.191561979815651595e-01 2.004430114542380403e-01 1.023394885436056168e+00
7.190296525631283409e-01 2.006932800889577873e-01 1.023982000013611060e+00
7.188795963790000076e-01 2.002267564562338342e-01 1.025050119683532213e+00
7.188795963790000076e-01 2.002267564562338342e-01 1.025050119683532213e+00
7.178990761937905640e-01 2.001986447554992277e-01 1.026502828408855983e+00
7.167108823548872243e-01 2.005270092972951113e-01 1.029809419604500231e+00
7.167108823548872243e-01 2.005270092972951113e-01 1.029809419604500231e+00
7.151665685542356599e-01 1.998342464035091637e-01 1.033488021765015308e+00
7.151665685542356599e-01 1.998342464035091637e-01 1.033488021765015308e+00
7.135395547599792110e-01 2.002267271623322520e-01 1.038190149122009576e+00
7.120655711057545245e-01 1.989231015712155382e-01 1.043329676733401712e+00
7.108564634410535765e-01 1.989472286937017387e-01 1.047286619430392030e+00
7.090617977289224161e-01 1.982236258043592603e-01 1.053406245442792599e+00
7.079374846410687594e-01 1.988353676332029196e-01 1.057908763311561806e+00
7.079374846410687594e-01 1.988353676332029196e-01 1.057908763311561806e+00
7.063646916795454089e-01 1.978794098999072104e-01 1.063923436807321155e+00
7.046097552179253487e-01 1.980704684903811241e-01 1.071273876197449404e+00
7.037536616737032347e-01 1.971455543432439061e-01 1.076278826861075011e+00
7.037536616737032347e-01 1.971455543432439061e-01 1.076278826861075011e+00
7.022917222338109777e-01 1.965591216557520671e-01 1.083244127908777887e+00
7.013787643834605845e-01 1.959485740551891175e-01 1.088820866003311849e+00
6.995279168665343716e-01 1.954297684370122357e-01 1.096418499273459579e+00
6.982108092847877368e-01 1.953955287200635493e-01 1.104533606775627064e+00
6.976264741072961684e-01 1.939260245806777583e-01 1.109377426657077503e+00
6.969270234789814999e-01 1.935172744525928690e-01 1.114170240764934317e+00
6.961551877300014013e-01 1.937549927369544012e-01 1.122651297141127991e+00
6.962704705893322243e-01 1.929533065246527013e-01 1.126060057124526725e+00
6.962704705893322243e-01 1.929533065246527013e-01 1.126060057124526725e+00
6.965368926126542792e-01 1.929216950570603606e-01 1.132881262454518367e+00
6.965368926126542792e-01 1.929216950570603606e-01 1.132881262454518367e+00
6.984031122325502494e-01 1.913952827506539833e-01 1.141886596719640101e+00
6.984031122325502494e-01 1.913952827506539833e-01 1.141886596719640101e+00
7.013781479673547592e-01 1.910583510867007173e-01 1.151851508453521467e+00
7.029104532683762008e-01 1.904837043989951462e-01 1.153945173229322885e+00
7.029104532683762008e-01 1.904837043989951462e-01 1.153945173229322885e+00
7.050234044135400557e-01 1.906896343699611140e-01 1.157406732011870165e+00
7.050234044135400557e-01 1.906896343699611140e-01 1.157406732011870165e+00
7.080742911204001011e-01 1.905083524683242602e-01 1.160616084811677551e+00
7.111170167157800925e-01 1.902650449604619265e-01 1.162702296594051887e+00
7.143344708015288980e-01 1.895348179324607418e-01 1.165493158026547293e+00
7.180255183275716657e-01 1.896026195180227913e-01 1.166563642328378503e+00
7.200097845140970287e-01 1.907109895893753237e-01 1.168482054159145189e+00
7.240478527537578257e-01 1.897926720916643661e-01 1.170254114532919720e+00
7.269121246367681310e-01 1.893548584075599450e-01 1.170737002247519420e+00
7.269121246367681310e-01 1.893548584075599450e-01 1.170737002247519420e+00
7.305051251037399940e-01 1.898291869095015405e-01 1.171532414037073755e+00
7.335970181210652585e-01 1.890106480515720278e-01 1.172329932516882112e+00
7.360305408260909843e-01 1.879747692378008483e-01 1.173785188358602127e+00
7.360305408260909843e-01 1.879747692378008483e-01 1.173785188358602127e+00
7.396953604020426454e-01 1.882560878297300788e-01 1.175270534847468351e+00
7.443268155121506302e-01 1.868649094575404179e-01 1.176018258108457504e+00
7.463374791264856256e-01 1.871262792349673854e-01 1.177225456018726968e+00
7.463374791264856256e-01 1.871262792349673854e-01 1.177225456018726968e+00
7.503143402814372864e-01 1.864414401938915278e-01 1.179304140261758782e+00
7.534958386813827014e-01 1.860454692925617159e-01 1.180731969235859546e+00
7.559971139747853064e-01 1.849315105450450303e-01 1.181521580613953848e+00
7.559971139747853064e-01 1.849315105450450303e-01 1.181521580613953848e+00
7.591473587849683069e-01 1.845432250130103480e-01 1.183067360495321019e+00
7.591473587849683069e-01 1.845432250130103480e-01 1.183067360495321019e+00
7.638649175756752063e-01 1.838122541078182626e-01 1.185865351963460990e+00
7.638649175756752063e-01 1.838122541078182626e-01 1.185865351963460990e+00
7.678154435766267882e-01 1.830242501157444412e-01 1.188439129711566844e+00
7.678154435766267882e-01 1.830242501157444412e-01 1.188439129711566844e+00
7.717754648880262858e-01 1.804390683050835498e-01 1.190422482806125837e+00
7.734780114244662608e-01 1.811952642582031203e-01 1.192002070906970301e+00
7.748238055927241241e-01 1.798603286879077445e-01 1.193265638311714394e+00
7.748238055927241241e-01 1.798603286879077445e-01 1.193265638311714394e+00
7.760627913142620349e-01 1.795328668080953816e-01 1.194321777387849393e+00
7.760627913142620349e-01 1.795328668080953816e-01 1.194321777387849393e+00
7.796187487175353370e-01 1.789794685156441412e-01 1.196168815007103703e+00
7.834765520528959026e-01 1.747442402779456061e-01 1.197308559282689977e+00
7.839763404782720269e-01 1.747653264636670478e-01 1.197764717708678539e+00
7.854206423982514895e-01 1.740690434891270510e-01 1.197181675631122211e+00
7.874563661678425364e-01 1.724858015160740388e-01 1.195246763423252423e+00
7.899322702653704953e-01 1.697178193732269968e-01 1.193538683628327268e+00
7.919059158967628465e-01 1.680381764727005567e-01 1.190626493333517555e+00
7.937038631748245532e-01 1.660809127625903214e-01 1.188618895868288394e+00
7.953118267570939981e-01 1.649932777479000134e-01 1.184999740353674724e+00
7.980726188115394582e-01 1.626967004857804711e-01 1.179341812838619497e+00
7.998997481545474519e-01 1.615393667780456177e-01 1.175224103051841773e+00
7.998997481545474519e-01 1.615393667780456177e-01 1.175224103051841773e+00
8.028927921055429850e-01 1.592370846249527849e-01 1.169907277961177439e+00
8.028927921055429850e-01 1.592370846249527849e-01 1.169907277961177439e+00
8.073986398031000045e-01 1.559002375096369963e-01 1.159650504260086201e+00
8.073986398031000045e-01 1.559002375096369963e-01 1.159650504260086201e+00
8.122412539787272623e-01 1.526631516642457387e-01 1.149845624412294542e+00
8.122412539787272623e-01 1.526631516642457387e-01 1.149845624412294542e+00
8.168757902638179580e-01 1.509904282288255795e-01 1.139567425708666537e+00
8.168757902638179580e-01 1.509904282288255795e-01 1.139567425708666537e+00
8.213167959020987174e-01 1.481503129153858289e-01 1.129312984922793861e+00
8.239017089690877649e-01 1.473416781012108490e-01 1.123139397771492742e+00
8.239017089690877649e-01 1.473416781012108490e-01 1.123139397771492742e+00
8.254604246115337940e-01 1.460696079712241191e-01 1.119620122283806474e+00
8.273654610808486298e-01 1.468418609105995865e-01 1.113020883598090816e+00
8.297235295905655006e-01 1.447884848680602854e-01 1.106542526786100655e+00
8.309773228954554503e-01 1.437039593835768847e-01 1.101613077954489706e+00
8.317719583818450335e-01 1.439028926860311253e-01 1.099008902136987986e+00
8.334399392623137448e-01 1.439390668715783417e-01 1.092841660243042412e+00
8.348150667003830794e-01 1.434279388419939794e-01 1.087045028968217197e+00
8.362792114373879260e-01 1.426814484906529235e-01 1.082477588401098645e+00
8.374536481605118210e-01 1.436635099679885730e-01 1.077186547345799994e+00
8.377939196626431606e-01 1.438007743100028490e-01 1.075615864950432599e+00
8.390072674719011303e-01 1.439708995838144823e-01 1.071635418182957267e+00
8.396897047659799274e-01 1.438125897361277050e-01 1.068714986698663161e+00
8.406713242572153577e-01 1.430369487331274447e-01 1.066000395075582530e+00
8.406713242572153577e-01 1.430369487331274447e-01 1.066000395075582530e+00
8.414859018212614838e-01 1.432804590088436747e-01 1.064854245376425146e+00
8.421070541174927593e-01 1.428461048425601343e-01 1.061912203392155529e+00
8.434399549010438424e-01 1.429096898291613571e-01 1.059587264975343945e+00
8.434399549010438424e-01 1.429096898291613571e-01 1.059587264975343945e+00
8.454860728165277672e-01 1.426978652113428669e-01 1.056583840463462209e+00
8.471392664039287812e-01 1.438464812004351112e-01 1.055116082177911085e+00
8.471392664039287812e-01 1.438464812004351112e-01 1.055116082177911085e+00
8.496034109024822589e-01 1.432622685493837311e-01 1.051481009788077792e+00
8.507170713582776767e-01 1.425309938468741211e-01 1.049708840725621872e+00
8.518496826670582944e-01 1.422920698657522132e-01 1.047082610688268023e+00
8.531149726594010607e-01 1.433841357471355715e-01 1.044525724013655177e+00
8.538417902103097035e-01 1.431230412939090701e-01 1.042841128032780063e+00
8.538417902103097035e-01 1.431230412939090701e-01 1.042841128032780063e+00
8.551754350783681291e-01 1.422558354229507549e-01 1.039984670248239151e+00
8.551754350783681291e-01 1.422558354229507549e-01 1.039984670248239151e+00
8.562399021274288424e-01 1.443888259869563206e-01 1.036070139829281533e+00
8.580545332675514336e-01 1.443264283297886197e-01 1.031339513071249492e+00
8.580545332675514336e-01 1.443264283297886197e-01 1.031339513071249492e+00
8.596925681794622687e-01 1.434560126406513036e-01 1.025371068992865897e+00
8.596925681794622687e-01 1.434560126406513036e-01 1.025371068992865897e+00
8.609521435039252379e-01 1.434887056653733894e-01 1.021239001097395072e+00
8.625424604899905034e-01 1.439674095110561047e-01 1.017021710742305629e+00
8.642793855213675158e-01 1.433456022805840169e-01 1.012778962359208501e+00
8.649212276450005676e-01 1.437179340587266541e-01 1.009160201839464754e+00
8.649212276450005676e-01 1.437179340587266541e-01 1.009160201839464754e+00
8.655284537008089973e-01 1.447429515265622746e-01 1.007528318241858178e+00
8.659986581509268033e-01 1.435317555702173287e-01 1.006777475480487904e+00
8.667602635330968752e-01 1.429031899957258767e-01 1.005605372116100016e+00
8.671366591689354530e-01 1.432815360760352208e-01 1.004321562841109738e+00
8.671366591689354530e-01 1.432815360760352208e-01 1.004321562841109738e+00
8.675066127125393711e-01 1.440745318736775804e-01 1.003944494218234063e+00
8.681395589290820114e-01 1.424160755346806917e-01 1.003686043536187178e+00
8.681395589290820114e-01 1.424160755346806917e-01 1.003686043536187178e+00
8.686107243507052988e-01 1.433342516842427694e-01 1.003067251075254074e+00
8.688961407720521279e-01 1.428836239465482716e-01 1.002068561025470039e+00
8.692117986802313512e-01 1.433953282041678934e-01 1.001493718677239686e+00
8.693468348082009634e-01 1.438516821243940591e-01 1.001710973508263658e+00
8.697736302673325648e-01 1.422754623616774849e-01 1.000846894970953249e+00
8.697736302673325648e-01 1.422754623616774849e-01 1.000846894970953249e+00
8.702284583622944547e-01 1.425832202042250918e-01 9.998484089814647646e-01
8.702714765374510719e-01 1.430608772897689340e-01 9.981185616526043747e-01
8.705009028480273914e-01 1.433525375930886914e-01 9.986991055398501960e-01
8.708658901081723913e-01 1.440375493019424025e-01 9.983550677009522811e-01
8.708658901081723913e-01 1.440375493019424025e-01 9.983550677009522811e-01
8.713064063052448072e-01 1.427146188647000491e-01 9.971037258884745125e-01
8.713064063052448072e-01 1.427146188647000491e-01 9.971037258884745125e-01
8.719208771628763621e-01 1.431529255875149953e-01 9.960994050600330274e-01
8.719837477675674853e-01 1.431423559379565447e-01 9.959806191704316802e-01
8.721921857539610690e-01 1.425393025638364564e-01 9.942915840407713368e-01
8.720957783778906514e-01 1.427115281394596147e-01 9.939768172047178663e-01
8.720957783778906514e-01 1.427115281394596147e-01 9.939768172047178663e-01
8.721080731555349574e-01 1.430188105945825738e-01 9.926738732486626304e-01
8.722539052496330880e-01 1.436557767537500474e-01 9.911972483766990916e-01
8.723444743941213275e-01 1.433378830683433025e-01 9.903021589060260199e-01
8.723444743941213275e-01 1.433378830683433025e-01 9.903021589060260199e-01
8.723946405197836595e-01 1.436890133670075953e-01 9.887762903569561335e-01
8.724581732665328548e-01 1.435682044502545329e-01 9.855831014620681785e-01
8.724581732665328548e-01 1.435682044502545329e-01 9.855831014620681785e-01
8.724298751845297462e-01 1.432219028081665457e-01 9.820966015114612757e-01
8.727131343451826062e-01 1.430490439848406681e-01 9.807321228521213019e-01
8.725003493490834927e-01 1.434102081072706203e-01 9.786412159096696817e-01
8.725003493490834927e-01 1.434102081072706203e-01 9.786412159096696817e-01
8.728527939919430434e-01 1.425810312837084426e-01 9.782518656667904544e-01
8.726336019241937025e-01 1.436311119200039399e-01 9.755252998332744063e-01
8.726336019241937025e-01 1.436311119200039399e-01 9.755252998332744063e-01
8.728544073238809764e-01 1.437717924583553075e-01 9.733925238145074710e-01
8.729355961807242492e-01 1.434990465571681084e-01 9.698526998557500667e-01
8.729035268621491150e-01 1.435205102147358303e-01 9.691923552479033699e-01
8.731999892744871650e-01 1.428151851326855959e-01 9.661263451523935952e-01
8.731999892744871650e-01 1.428151851326855959e-01 9.661263451523935952e-01
8.730176025943446882e-01 1.438361004552291544e-01 9.649586255192272866e-01
8.732316358109883936e-01 1.431719522007872114e-01 9.652255121270562066e-01
8.732316358109883936e-01 1.431719522007872114e-01 9.652255121270562066e-01
8.730312021641586373e-01 1.433485586686262248e-01 9.643164649885985762e-01
8.729756614323286312e-01 1.429945772424820183e-01 9.633911818155171947e-01
8.731101445866376043e-01 1.434380585761168003e-01 9.642137660229228580e-01
8.731101445866376043e-01 1.434380585761168003e-01 9.642137660229228580e-01
8.729595081328168638e-01 1.431866501240246503e-01 9.638859890023372401e-01
8.730648900956025082e-01 1.440641720285797400e-01 9.645144506703546838e-01
8.730648900956025082e-01 1.440641720285797400e-01 9.645144506703546838e-01
8.728942941815223122e-01 1.442056658608436848e-01 9.639351432586424906e-01
8.730263485023016523e-01 1.443392672517824493e-01 9.645713780892717359e-01
8.729609817180726816e-01 1.441589633061055586e-01 9.639482777460801621e-01
8.731634830950762982e-01 1.430110082467922206e-01 9.645257966103959468e-01
8.731634830950762982e-01 1.430110082467922206e-01 9.645257966103959468e-01
8.728709685870963408e-01 1.441840864456918059e-01 9.637630059386201875e-01
8.729397046790828840e-01 1.440649076044554500e-01 9.643021634007076237e-01
8.729397046790828840e-01 1.440649076044554500e-01 9.643021634007076237e-01
8.729988524402275685e-01 1.431836040734738857e-01 9.633792501218854110e-01
8.728400525658976949e-01 1.441974959060506878e-01 9.635259284325554674e-01
8.729470112541660720e-01 1.441253144250055074e-01 9.637449925559563590e-01
8.730976852914854591e-01 1.434492898988329601e-01 9.629432871543353034e-01
8.729801391231674090e-01 1.428114460192591029e-01 9.635634132696540011e-01
8.729801391231674090e-01 1.428114460192591029e-01 9.635634132696540011e-01
8.730956093227463244e-01 1.430121349645099571e-01 9.637731694227659185e-01
8.730073025283756616e-01 1.440099619387658625e-01 9.636584216162160654e-01
8.731992992660924102e-01 1.427728536301968165e-01 9.637877618727086482e-01
8.731992992660924102e-01 1.427728536301968165e-01 9.637877618727086482e-01
8.731596159300302196e-01 1.435340667516794011e-01 9.635016281293432572e-01
8.731596159300302196e-01 1.435340667516794011e-01 9.635016281293432572e-01
8.729384858236147737e-01 1.445048572057604230e-01 9.642608374685547323e-01
8.729384858236147737e-01 1.445048572057604230e-01 9.642608374685547323e-01
8.731941731985265465e-01 1.437553881762652641e-01 9.639780670585162969e-01
8.729460141294708153e-01 1.433219089495650911e-01 9.638214061605165917e-01
8.730291076520318994e-01 1.441909308540533508e-01 9.636281739486086684e-01
8.731027256478609555e-01 1.439424355146053658e-01 9.640787496321669980e-01
8.730407028997799745e-01 1.433344322087422296e-01 9.637655400282346685e-01
8.730407028997799745e-01 1.433344322087422296e-01 9.637655400282346685e-01
8.729951583107862234e-01 1.434753163105690066e-01 9.634219224317793762e-01
8.729068887587364545e-01 1.440153018164780641e-01 9.639297000049218411e-01
8.730681298187278339e-01 1.435119962753132195e-01 9.639334347948451676e-01
8.730681298187278339e-01 1.435119962753132195e-01 9.639334347948451676e-01
8.731716596509915274e-01 1.429908460090865696e-01 9.644143631122414906e-01
8.731716596509915274e-01 1.429908460090865696e-01 9.644143631122414906e-01
8.729886465019408570e-01 1.432751280931306992e-01 9.638122031375924159e-01
8.729886465019408570e-01 1.432751280931306992e-01 9.638122031375924159e-01
8.732034625222154789e-01 1.436266566151668811e-01 9.646468308364470889e-01
8.732034625222154789e-01 1.436266566151668811e-01 9.646468308364470889e-01
8.728171733849446889e-01 1.438728038879529270e-01 9.638826964092251925e-01
8.729946755514574885e-01 1.437264891522673227e-01 9.636035883375271283e-01
8.729914957157853816e-01 1.437237810647659375e-01 9.635508054086376895e-01
8.728917293583683401e-01 1.444850812067787760e-01 9.643661002413788097e-01
8.729179941491754802e-01 1.437115346205963540e-01 9.644015356982407194e-01
8.729179941491754802e-01 1.437115346205963540e-01 9.644015356982407194e-01
8.731417059680234294e-01 1.437541909105865545e-01 9.642913252836818883e-01
8.730734937624089476e-01 1.438157679901496955e-01 9.635088102026705403e-01
8.729405442633013656e-01 1.448816906290857631e-01 9.635066323667113020e-01
8.729831645295228482e-01 1.436342659534789734e-01 9.640977009662619057e-01
8.729831645295228482e-01 1.436342659534789734e-01 9.640977009662619057e-01
8.730419045378668974e-01 1.437018657177277225e-01 9.642426273410907855e-01
8.730419045378668974e-01 1.437018657177277225e-01 9.642426273410907855e-01
8.729421210856443958e-01 1.448154437865644961e-01 9.641850921517934880e-01
8.730393594224838960e-01 1.441009530991659848e-01 9.636373348919441417e-01
8.729098070391702047e-01 1.432598158978235781e-01 9.631501279708258867e-01
8.729098070391702047e-01 1.432598158978235781e-01 9.631501279708258867e-01
8.731321302418508790e-01 1.435976391047728840e-01 9.642070432334510777e-01
8.731321302418508790e-01 1.435976391047728840e-01 9.642070432334510777e-01
8.730064081254446107e-01 1.442823186981295192e-01 9.638159533029615478e-01
8.730064081254446107e-01 1.442823186981295192e-01 9.638159533029615478e-01
8.728246313736423012e-01 1.442134253112609676e-01 9.635173445365504685e-01
8.727810274986184114e-01 1.442971370768453554e-01 9.626064485645520197e-01
8.728902805982579061e-01 1.441376522685687278e-01 9.635581393265147954e-01
8.730760044906009654e-01 1.432492752714879525e-01 9.642746679214382333e-01
8.729300801811531452e-01 1.438314627003977331e-01 9.635877623661519564e-01
8.729300801811531452e-01 1.438314627003977331e-01 9.635877623661519564e-01
8.728629503494308439e-01 1.443357029410397840e-01 9.645465898457407095e-01
8.729419705034778820e-01 1.439702332115892491e-01 9.630910418222387026e-01
8.729419705034778820e-01 1.439702332115892491e-01 9.630910418222387026e-01
8.729191166855719830e-01 1.441886786065534887e-01 9.644274069055940313e-01
8.729191166855719830e-01 1.441886786065534887e-01 9.644274069055940313e-01
8.730820471147128226e-01 1.436788966942880719e-01 9.640895572760198595e-01
8.727334248907182568e-01 1.449588270325232187e-01 9.635207301792514389e-01
8.727334248907182568e-01 1.449588270325232187e-01 9.635207301792514389e-01
8.730155321942842939e-01 1.438568370188908208e-01 9.635868011984765058e-01
8.730155321942842939e-01 1.438568370188908208e-01 9.635868011984765058e-01
8.730398924915242498e-01 1.438861195265702941e-01 9.638232630920744448e-01
8.727857079630974013e-01 1.445704520296133000e-01 9.634584749433036110e-01
8.731227926548007501e-01 1.437428330305914326e-01 9.642293047884953339e-01
8.731227926548007501e-01 1.437428330305914326e-01 9.642293047884953339e-01
8.729815645560292658e-01 1.433463574244444039e-01 9.638946150731231288e-01
8.730811939727369797e-01 1.432814408131261041e-01 9.630418825423157081e-01
8.729229438901443539e-01 1.435299194502530906e-01 9.633023480375224601e-01
8.729345305483650064e-01 1.438793064854196890e-01 9.643111928044809655e-01
8.729345305483650064e-01 1.438793064854196890e-01 9.643111928044809655e-01
8.731698945631097830e-01 1.431752188365401079e-01 9.639111385338192672e-01
8.731698945631097830e-01 1.431752188365401079e-01 9.639111385338192672e-01
8.731290408008932635e-01 1.428107243898555923e-01 9.639641806047248851e-01
8.731290408008932635e-01 1.428107243898555923e-01 9.639641806047248851e-01
8.729010570319811757e-01 1.437213304732694874e-01 9.636777460128361783e-01
8.728840885597668464e-01 1.445761444008926977e-01 9.640947056788552461e-01
8.728840885597668464e-01 1.445761444008926977e-01 9.640947056788552461e-01
8.729196368803622263e-01 1.437049075696286426e-01 9.640829931123482410e-01
8.730232546795372306e-01 1.437659816470820973e-01 9.638964808489897118e-01
8.729393753261471822e-01 1.437843468065119479e-01 9.641025155829741067e-01
8.729834885318763504e-01 1.435981566518484132e-01 9.637909535625925894e-01
8.729040120387036028e-01 1.434135080687349018e-01 9.629599857355299886e-01
8.732474695944973941e-01 1.424031361782386595e-01 9.636487991478259740e-01
8.729014428767978284e-01 1.447514985938948284e-01 9.640529575731038303e-01
8.729014428767978284e-01 1.447514985938948284e-01 9.640529575731038303e-01
8.730026871194089821e-01 1.441568443032938962e-01 9.631569468719514138e-01
8.729922887371539542e-01 1.435579913172201072e-01 9.640413766953036534e-01
8.729922887371539542e-01 1.435579913172201072e-01 9.640413766953036534e-01
8.729373843555319201e-01 1.433272391068355078e-01 9.637150082679475371e-01
8.729092236221267509e-01 1.435683668952582315e-01 9.636289445405639142e-01
8.728031225363024337e-01 1.442228195331728136e-01 9.637234325700912985e-01
8.730981497957059911e-01 1.435447554455184238e-01 9.638846865493770899e-01
8.730981497957059911e-01 1.435447554455184238e-01 9.638846865493770899e-01
8.730515479035920734e-01 1.434986915332074064e-01 9.639680223221581690e-01
8.727733204138548029e-01 1.444707652865157010e-01 9.639413765634069486e-01
8.731527309759056221e-01 1.429794874243797420e-01 9.643447170906138677e-01
8.731527309759056221e-01 1.429794874243797420e-01 9.643447170906138677e-01
8.730577718110865693e-01 1.445220768978300874e-01 9.647122621957253674e-01
8.731075069942554334e-01 1.431203228758944623e-01 9.639777619928056041e-01
8.730021754665570066e-01 1.440081333978369960e-01 9.642283098780450867e-01
8.729798925638454499e-01 1.437010611038493924e-01 9.640415392681754847e-01
8.729998862188982356e-01 1.431029625766079838e-01 9.638018190409369801e-01
8.729998862188982356e-01 1.431029625766079838e-01 9.638018190409369801e-01
8.731230750241343319e-01 1.433818570743581877e-01 9.644910272078766056e-01
8.729413533678184178e-01 1.437475488350344888e-01 9.631967649960850864e-01
8.730520652879329990e-01 1.432738905209463842e-01 9.638164432444565888e-01
8.730520652879329990e-01 1.432738905209463842e-01 9.638164432444565888e-01
8.729353965563249051e-01 1.440545311196776979e-01 9.641920494571178946e-01
8.730501987272134556e-01 1.437943752154023369e-01 9.633751841991871068e-01
8.728011917671318898e-01 1.435756203235174777e-01 9.630403311944009115e-01
8.728011917671318898e-01 1.435756203235174777e-01 9.630403311944009115e-01
8.727670267365280621e-01 1.433079677833668242e-01 9.628885802282584061e-01
8.729075037271347703e-01 1.437899909083024674e-01 9.637849456730664954e-01
8.729353965563249051e-01 1.440545311196776979e-01 9.641996788516491446e-01
8.729353965563249051e-01 1.440545311196776979e-01 9.641996788516491446e-01
8.729092681240061546e-01 1.438846578252178099e-01 9.641348524140609388e-01
8.729444767729133137e-01 1.441244094192118963e-01 9.640373657649913275e-01
8.729444767729133137e-01 1.441244094192118963e-01 9.640373657649913275e-01
8.729091076118773440e-01 1.437530987003100835e-01 9.628338034942702794e-01
8.729903783704756615e-01 1.428801508202664494e-01 9.627945764481347091e-01
8.729165407161277868e-01 1.440649172670227240e-01 9.641139586340619072e-01
8.729165407161277868e-01 1.440649172670227240e-01 9.641139586340619072e-01
8.731526718540075782e-01 1.431255161254934571e-01 9.642155056353561848e-01
8.729303789814791825e-01 1.438692995078597880e-01 9.642014478359307583e-01
8.729303789814791825e-01 1.438692995078597880e-01 9.642014478359307583e-01
8.730901599087835807e-01 1.431084275044370857e-01 9.633085157788583430e-01
8.730000584929703544e-01 1.442137066715393212e-01 9.637315989435845109e-01
8.730000584929703544e-01 1.442137066715393212e-01 9.637315989435845109e-01
8.729110398464041687e-01 1.438201519715111565e-01 9.635103883022612115e-01
8.729718288737331466e-01 1.433224661270627587e-01 9.637551350942181738e-01
8.730558647727730825e-01 1.435091544992016244e-01 9.640246358292332562e-01
8.730279726620896463e-01 1.430670131051933469e-01 9.644015356982407194e-01
8.730279726620896463e-01 1.430670131051933469e-01 9.644015356982407194e-01
8.730172759201251242e-01 1.438660006525913082e-01 9.639737036906443901e-01
8.730861144011210495e-01 1.438565119977709972e-01 9.640311193175192805e-01
8.731326334052569305e-01 1.429505076598773794e-01 9.632692327818036526e-01
8.729699312256817834e-01 1.443731053160675071e-01 9.643458234669983753e-01
8.729699312256817834e-01 1.443731053160675071e-01 9.643458234669983753e-01
8.729318681272378866e-01 1.437079324968690841e-01 9.639687724033820793e-01
8.729318681272378866e-01 1.437079324968690841e-01 9.639687724033820793e-01
8.731828684846293376e-01 1.435831539768897547e-01 9.649406413754368916e-01
8.731828684846293376e-01 1.435831539768897547e-01 9.649406413754368916e-01
8.728784538155442974e-01 1.444050525353180459e-01 9.644945831298163963e-01
8.728784538155442974e-01 1.444050525353180459e-01 9.644945831298163963e-01
8.727170930147738481e-01 1.440272877086707370e-01 9.630751061448896699e-01
8.727170930147738481e-01 1.440272877086707370e-01 9.630751061448896699e-01
8.729964113394783620e-01 1.437355837326767249e-01 9.639676030176937971e-01
8.729491983599232396e-01 1.442214350280106028e-01 9.644092828442631937e-01
8.730607426199881171e-01 1.440540204401561386e-01 9.644428422319690775e-01
8.728175029303243404e-01 1.442846759237327581e-01 9.635917243168885538e-01
8.730240729620000195e-01 1.435523266664259778e-01 9.643437111267053607e-01
8.730240729620000195e-01 1.435523266664259778e-01 9.643437111267053607e-01
8.729994750646760115e-01 1.443087556143012595e-01 9.646351254880315418e-01
8.729994750646760115e-01 1.443087556143012595e-01 9.646351254880315418e-01
8.728394897648127371e-01 1.446148310827778671e-01 9.641973346443254433e-01
8.730459559028125316e-01 1.438794914258388902e-01 9.641612899255964653e-01
8.730711078660503555e-01 1.442626929609340247e-01 9.638018562661803124e-01
8.729695840227755799e-01 1.435280463256589090e-01 9.632358343536078227e-01
8.729253521993587395e-01 1.439555675865381856e-01 9.643900455298727303e-01
8.729253521993587395e-01 1.439555675865381856e-01 9.643900455298727303e-01
8.730366118611768700e-01 1.438196606481743078e-01 9.637229491823041672e-01
8.730523136285645025e-01 1.425894815830829887e-01 9.638290150958956914e-01
8.729641824512681669e-01 1.437775914306597680e-01 9.639794393937873851e-01
8.728806449104860032e-01 1.443407947904236932e-01 9.638857915734402315e-01
8.729842389229749422e-01 1.434221834468815127e-01 9.632877834298686492e-01
8.728345536692905249e-01 1.442012180262238763e-01 9.633198081049374473e-01
8.728345536692905249e-01 1.442012180262238763e-01 9.633198081049374473e-01
8.727610473211653286e-01 1.445775805859191576e-01 9.636044271098441749e-01
8.729342369773623878e-01 1.439514082779008164e-01 9.632392837501180249e-01
8.727236662556044910e-01 1.440741742152915061e-01 9.631988687664947424e-01
8.727236662556044910e-01 1.440741742152915061e-01 9.631988687664947424e-01
8.728412731845247574e-01 1.444088105091770324e-01 9.647086142057206271e-01
8.727674429105907183e-01 1.446461865818589043e-01 9.637193003616036924e-01
8.727674429105907183e-01 1.446461865818589043e-01 9.637193003616036924e-01
8.730286461119008967e-01 1.433834797170168984e-01 9.631695957169414957e-01
8.730286461119008967e-01 1.433834797170168984e-01 9.631695957169414957e-01
8.728901688056269759e-01 1.446823465825785859e-01 9.632281426363903387e-01
8.728901688056269759e-01 1.446823465825785859e-01 9.632281426363903387e-01
8.728617452775506713e-01 1.440044769927932566e-01 9.643913812561307752e-01
8.728617452775506713e-01 1.440044769927932566e-01 9.643913812561307752e-01
8.729930279716305863e-01 1.440928626816927738e-01 9.643345506306453263e-01
8.729685125979194105e-01 1.432346213606457141e-01 9.637628475691240038e-01
8.729142617480691868e-01 1.436438093942131178e-01 9.640172840941576560e-01
8.731203404270492241e-01 1.439848906593479971e-01 9.640543354444242041e-01
8.731203404270492241e-01 1.439848906593479971e-01 9.640543354444242041e-01
8.728607993915140639e-01 1.443493990682083450e-01 9.634543382842913894e-01
8.728607993915140639e-01 1.443493990682083450e-01 9.634543382842913894e-01
8.728475645357477442e-01 1.436902371108727261e-01 9.640198095203189599e-01
8.728475645357477442e-01 1.436902371108727261e-01 9.640198095203189599e-01
8.729243302444728014e-01 1.437427100016754888e-01 9.638343141044285467e-01
8.729243302444728014e-01 1.437427100016754888e-01 9.638343141044285467e-01
8.729695840227755799e-01 1.435280463256589090e-01 9.632510931426703227e-01
8.729695840227755799e-01 1.435280463256589090e-01 9.632510931426703227e-01
8.729842430773926409e-01 1.434006841838047497e-01 9.633274493528157789e-01
8.729842430773926409e-01 1.434006841838047497e-01 9.633274493528157789e-01
8.728878135837262464e-01 1.441367713536116646e-01 9.638428642627892007e-01
8.729828894500821779e-01 1.438494149757260365e-01 9.639727728747060631e-01
8.728336130390516034e-01 1.440403593924001191e-01 9.637916587478931874e-01
8.728336130390516034e-01 1.440403593924001191e-01 9.637916587478931874e-01
8.729659732805097327e-01 1.432337168233390745e-01 9.640020958719590638e-01
8.729397046790828840e-01 1.440649076044554500e-01 9.642716458225826237e-01
8.729434697404759858e-01 1.431531512415473162e-01 9.642591687759958230e-01
8.728860929236158528e-01 1.433793123874065045e-01 9.636178752726125563e-01
8.730383157187805443e-01 1.435761863246936831e-01 9.636059019954447136e-01
8.730383157187805443e-01 1.435761863246936831e-01 9.636059019954447136e-01
8.730051855272611405e-01 1.436264285604468005e-01 9.642516512505653337e-01
8.730051855272611405e-01 1.436264285604468005e-01 9.642516512505653337e-01
8.731627932302443718e-01 1.435626521825102142e-01 9.645375698258755737e-01
8.731627932302443718e-01 1.435626521825102142e-01 9.645375698258755737e-01
8.729329697220018502e-01 1.439798373492541528e-01 9.635189454087617067e-01
8.729329697220018502e-01 1.439798373492541528e-01 9.635189454087617067e-01
8.730916201101338592e-01 1.438141887402666907e-01 9.642742305150351356e-01
8.731833390855563426e-01 1.432450754903112633e-01 9.644743825818105076e-01
8.731833390855563426e-01 1.432450754903112633e-01 9.644743825818105076e-01
8.729922054343097759e-01 1.441517985574768679e-01 9.639507182499269522e-01
8.730895172162926876e-01 1.442035352375281021e-01 9.642773732398290942e-01
8.729017717035587598e-01 1.444135268090710744e-01 9.635944024140445929e-01
8.728293259155869288e-01 1.448176374385674592e-01 9.645247830598050465e-01
8.728293259155869288e-01 1.448176374385674592e-01 9.645247830598050465e-01
8.730374734761527922e-01 1.441657370275610806e-01 9.642614999390578534e-01
8.730410136328884407e-01 1.432552965626646690e-01 9.635457836541714283e-01
8.728605313668921228e-01 1.439592354386017015e-01 9.637056319949315331e-01
8.728605313668921228e-01 1.439592354386017015e-01 9.637056319949315331e-01
8.729558589036091609e-01 1.437209579659572689e-01 9.634687168880802233e-01
8.730916991863394427e-01 1.435855835362177535e-01 9.633648657760949252e-01
8.728757280013049735e-01 1.444142455544770998e-01 9.641181845498369984e-01
8.731054659213328684e-01 1.438101313536279124e-01 9.638184936111622303e-01
8.731054659213328684e-01 1.438101313536279124e-01 9.638184936111622303e-01
8.730336369351257009e-01 1.435167838705692367e-01 9.638779176846146157e-01
8.730086122261389026e-01 1.438717544584117436e-01 9.638445360839695830e-01
8.729617745073232626e-01 1.439080536999636784e-01 9.637745154237808975e-01
8.729617745073232626e-01 1.439080536999636784e-01 9.637745154237808975e-01
8.730906367431687798e-01 1.434467791158616223e-01 9.637826334147545637e-01
8.730906367431687798e-01 1.434467791158616223e-01 9.637826334147545637e-01
8.730507452382966216e-01 1.434118153695879971e-01 9.636603876532214841e-01
8.730507452382966216e-01 1.434118153695879971e-01 9.636603876532214841e-01
8.729789920910087098e-01 1.443260993111221691e-01 9.632886221821920225e-01
8.729483755126625777e-01 1.440969123914803973e-01 9.634729987058056055e-01
8.729483755126625777e-01 1.440969123914803973e-01 9.634729987058056055e-01
8.729582384221352687e-01 1.436640046666686765e-01 9.629169993791126814e-01
8.731571814746779125e-01 1.437381116340084308e-01 9.642847442425390714e-01
8.730345825019223405e-01 1.430404734908246878e-01 9.635598261335095449e-01
8.730443648720154215e-01 1.430427923452506911e-01 9.637153592745396624e-01
8.732289770826029418e-01 1.430303949366356908e-01 9.638678227418919775e-01
8.730868462040421996e-01 1.429065163447551523e-01 9.636293841334617749e-01
8.730868462040421996e-01 1.429065163447551523e-01 9.636293841334617749e-01
8.729652709121584753e-01 1.442547732033277186e-01 9.640052505673817329e-01
8.729652709121584753e-01 1.442547732033277186e-01 9.640052505673817329e-01
8.727786655683152928e-01 1.450014639497952673e-01 9.654362741138980963e-01
8.729332441859914971e-01 1.430543091684011447e-01 9.644340765460202025e-01
8.729332441859914971e-01 1.430543091684011447e-01 9.644340765460202025e-01
8.727876637944275151e-01 1.440472524823069311e-01 9.672594949918229545e-01
8.728996316834400915e-01 1.441430210784487853e-01 9.693837937246502223e-01
8.729012972404338599e-01 1.436315148520412588e-01 9.734743014111544301e-01
8.729012972404338599e-01 1.436315148520412588e-01 9.734743014111544301e-01
8.728970555117818719e-01 1.435339383257332735e-01 9.776229772102478233e-01
8.724447418878870097e-01 1.434934023736945952e-01 9.836714281010664473e-01
8.724447418878870097e-01 1.434934023736945952e-01 9.836714281010664473e-01
8.722783700983588462e-01 1.436151350910951641e-01 9.896782043103407034e-01
8.719598468141075420e-01 1.438595149111758509e-01 9.964377853215581338e-01
8.718554995577415534e-01 1.429320694099403544e-01 1.001476981509918485e+00
8.714986618094375803e-01 1.427051439884096939e-01 1.006031012821404502e+00
8.714986618094375803e-01 1.427051439884096939e-01 1.006031012821404502e+00
8.708719817261325602e-01 1.433896232535637194e-01 1.014129888413419334e+00
8.704284865807520033e-01 1.430906390720398658e-01 1.019757899682213642e+00
8.697359326960225623e-01 1.428017194082599750e-01 1.028549145782016616e+00
8.687325991303234130e-01 1.425326083670620525e-01 1.037601297411076651e+00
8.682360456598601228e-01 1.424771556085538959e-01 1.042436769940755514e+00
8.682360456598601228e-01 1.424771556085538959e-01 1.042436769940755514e+00
8.661107380637473874e-01 1.414541584302431987e-01 1.058916733466983118e+00
8.661107380637473874e-01 1.414541584302431987e-01 1.058916733466983118e+00
8.648984596144737580e-01 1.413544962241656266e-01 1.068178977674107966e+00
8.648984596144737580e-01 1.413544962241656266e-01 1.068178977674107966e+00
8.623091100970522449e-01 1.402063209202558947e-01 1.083917965400264860e+00
8.623091100970522449e-01 1.402063209202558947e-01 1.083917965400264860e+00
8.595116066863895954e-01 1.386388753137039742e-01 1.099935613151127534e+00
8.595116066863895954e-01 1.386388753137039742e-01 1.099935613151127534e+00
8.550529926179751827e-01 1.384131086195145854e-01 1.120978724972200302e+00
8.536918174307079887e-01 1.380005171587415091e-01 1.127115570770456099e+00
8.517439429988217237e-01 1.362336980308898327e-01 1.136403150592509181e+00
8.490837973174691911e-01 1.353682508249447192e-01 1.146405712604331217e+00
8.472553901407097188e-01 1.360918330134367749e-01 1.152812225194689510e+00
8.447992071216819943e-01 1.339380718840746665e-01 1.162501251120592993e+00
8.418104967884826317e-01 1.332424703071047323e-01 1.173073656127932241e+00
8.390766570536247748e-01 1.323693958911202062e-01 1.181747913893921087e+00
8.390766570536247748e-01 1.323693958911202062e-01 1.181747913893921087e+00
8.368327419578117654e-01 1.319391872179497549e-01 1.187923471521557417e+00
8.341396265266683985e-01 1.304250823639426238e-01 1.197391594037705342e+00
8.311114911289172458e-01 1.294650737026143694e-01 1.205969384282342238e+00
8.283980100831078719e-01 1.282262857116155397e-01 1.213901397160150664e+00
8.261640525270750324e-01 1.281897523778853243e-01 1.219647875088595068e+00
8.261640525270750324e-01 1.281897523778853243e-01 1.219647875088595068e+00
8.241355969933696901e-01 1.270291228948241813e-01 1.225621491905791505e+00
8.194805705386749572e-01 1.245405682934688646e-01 1.237431817163923142e+00
8.194805705386749572e-01 1.245405682934688646e-01 1.237431817163923142e+00
8.151012526356383736e-01 1.241992503282181581e-01 1.248309513832174478e+00
8.095868510712822541e-01 1.219229207946859878e-01 1.261144701420618297e+00
8.047605764407214091e-01 1.194823813943427515e-01 1.271925035898734180e+00
8.047605764407214091e-01 1.194823813943427515e-01 1.271925035898734180e+00
8.022477815689194047e-01 1.189023246367178627e-01 1.277461080550164940e+00
7.994017757518293577e-01 1.190604641330438723e-01 1.282691808293680680e+00
7.963947755134732631e-01 1.179977517955546201e-01 1.287905554732081459e+00
7.946923513274055662e-01 1.168789317528198118e-01 1.290740716855139025e+00
7.946923513274055662e-01 1.168789317528198118e-01 1.290740716855139025e+00
7.920752857981738781e-01 1.187790354754843097e-01 1.293523140613570099e+00
7.895128316356390119e-01 1.186991169446744432e-01 1.297059764701641082e+00
7.880301199445541860e-01 1.195730963976814609e-01 1.298169266218895945e+00
7.880301199445541860e-01 1.195730963976814609e-01 1.298169266218895945e+00
7.859576391851749166e-01 1.213975654334349119e-01 1.299235906420405318e+00
7.829170097612120349e-01 1.245858516361410123e-01 1.301705771094892050e+00
7.807149346492282538e-01 1.271493841963073634e-01 1.302135054349434995e+00
7.788470811908604352e-01 1.287181621453709068e-01 1.303335931178635443e+00
7.788470811908604352e-01 1.287181621453709068e-01 1.303335931178635443e+00
7.771322707739571900e-01 1.303817440180999598e-01 1.303010693430174616e+00
7.771322707739571900e-01 1.303817440180999598e-01 1.303010693430174616e+00
7.741411945615375156e-01 1.342235615563487083e-01 1.303033279233045016e+00
7.741411945615375156e-01 1.342235615563487083e-01 1.303033279233045016e+00
7.713653172722346740e-01 1.389683921237460928e-01 1.301856768101242512e+00
7.673400406095286508e-01 1.468112388577791361e-01 1.300674005218782847e+00
7.666273941524607283e-01 1.490192137228823488e-01 1.298629004702975376e+00
7.646247951195447312e-01 1.532382854484788948e-01 1.297701367071117939e+00
7.619332875142533767e-01 1.583985592256272334e-01 1.296344503959019345e+00
7.619332875142533767e-01 1.583985592256272334e-01 1.296344503959019345e+00
7.588674717558340221e-01 1.650349028746601610e-01 1.293760694495440955e+00
7.588674717558340221e-01 1.650349028746601610e-01 1.293760694495440955e+00
7.557156955218047312e-01 1.702110001525556360e-01 1.291675661133078190e+00
7.557156955218047312e-01 1.702110001525556360e-01 1.291675661133078190e+00
7.519832142687230547e-01 1.771764939379079085e-01 1.289123685060981739e+00
7.504895216926669166e-01 1.801497355546858581e-01 1.288375470009169188e+00
7.487972969027560932e-01 1.836712593721131215e-01 1.287317983130125132e+00
7.464607913555696417e-01 1.874500127294928542e-01 1.286453230190116592e+00
7.448264198865541807e-01 1.894906213187886601e-01 1.286548080111569181e+00
7.448264198865541807e-01 1.894906213187886601e-01 1.286548080111569181e+00
7.423861981663361087e-01 1.930154636139486957e-01 1.285943998026316315e+00
7.402074350641373313e-01 1.958731258657051277e-01 1.285378808011828466e+00
7.402074350641373313e-01 1.958731258657051277e-01 1.285378808011828466e+00
7.379394669433346765e-01 1.994390693431534189e-01 1.284283830578522689e+00
7.351321149125480403e-01 2.029652374322541697e-01 1.283548079661294583e+00
7.351321149125480403e-01 2.029652374322541697e-01 1.283548079661294583e+00
7.326398125493719382e-01 2.062088756099774989e-01 1.283118943299442094e+00
7.306874865207024783e-01 2.101663231123642173e-01 1.282104751277910459e+00
7.288367116310406901e-01 2.122053647756872163e-01 1.282313249934105226e+00
7.288367116310406901e-01 2.122053647756872163e-01 1.282313249934105226e+00
7.267832302581324067e-01 2.149382008912168740e-01 1.282098828177104854e+00
7.267832302581324067e-01 2.149382008912168740e-01 1.282098828177104854e+00
7.216155752208003316e-01 2.216603096486682301e-01 1.281681400248640523e+00
7.216155752208003316e-01 2.216603096486682301e-01 1.281681400248640523e+00
7.163156001555697205e-01 2.278482831629565497e-01 1.280386401005457753e+00
7.113657515130615838e-01 2.332896030533236353e-01 1.279476480914686354e+00
7.113657515130615838e-01 2.332896030533236353e-01 1.279476480914686354e+00
7.062770489395812090e-01 2.393560166063335160e-01 1.278572980955563931e+00
7.031285395483536371e-01 2.429383816790857964e-01 1.278253008427058024e+00
7.001257015160338160e-01 2.452214117108202363e-01 1.277379492001610162e+00
7.001257015160338160e-01 2.452214117108202363e-01 1.277379492001610162e+00
6.981141193541998691e-01 2.470566574592632791e-01 1.275874631990143948e+00
6.949154669255629413e-01 2.502233555017599476e-01 1.274673767006318403e+00
6.931746796299120827e-01 2.520412760519534778e-01 1.273737936065663767e+00
6.931746796299120827e-01 2.520412760519534778e-01 1.273737936065663767e+00
6.914002038757824931e-01 2.540854752603067257e-01 1.272623147387431652e+00
6.888937867036627472e-01 2.565960448502655478e-01 1.271551113978089509e+00
6.860096908974810948e-01 2.590274400730108173e-01 1.269482539723778558e+00
6.860096908974810948e-01 2.590274400730108173e-01 1.269482539723778558e+00
6.831126589999670928e-01 2.619966775525293112e-01 1.268685516284004722e+00
6.808031023564391493e-01 2.637089935827752751e-01 1.265995336849792263e+00
6.788366640675755903e-01 2.650890496376229755e-01 1.265910800557728866e+00
6.769974047921681892e-01 2.658880665980630775e-01 1.265223409997846327e+00
6.769974047921681892e-01 2.658880665980630775e-01 1.265223409997846327e+00
6.728459548294569714e-01 2.690953594742235278e-01 1.262244919124688280e+00
6.728459548294569714e-01 2.690953594742235278e-01 1.262244919124688280e+00
6.695387426960913713e-01 2.705129521360851719e-01 1.259584720083005704e+00
6.695387426960913713e-01 2.705129521360851719e-01 1.259584720083005704e+00
6.642990999424963627e-01 2.717563192002549477e-01 1.256776936145155732e+00
6.622794845302311106e-01 2.719373761151611113e-01 1.255594085052939679e+00
6.622794845302311106e-01 2.719373761151611113e-01 1.255594085052939679e+00
6.604606967549994101e-01 2.712514956992020387e-01 1.254695857630343525e+00
6.586002548076584917e-01 2.706737088068589814e-01 1.253630434211391753e+00
6.586002548076584917e-01 2.706737088068589814e-01 1.253630434211391753e+00
6.567408494362779736e-01 2.701623370195915252e-01 1.252489488884687363e+00
6.550720962066606257e-01 2.704214080341057480e-01 1.250390330788651916e+00
6.528690072174861969e-01 2.707179867227620940e-01 1.250179360035402754e+00
6.511828749072269273e-01 2.694273849085286887e-01 1.249518256770288716e+00
6.511828749072269273e-01 2.694273849085286887e-01 1.249518256770288716e+00
6.496154189813869717e-01 2.692433104558292767e-01 1.247896361994490722e+00
6.471741920250405622e-01 2.701365989840201487e-01 1.247165824456544669e+00
6.463572320536054017e-01 2.689870673475370233e-01 1.247109432934298434e+00
6.463572320536054017e-01 2.689870673475370233e-01 1.247109432934298434e+00
6.444106442663586343e-01 2.688672921161609497e-01 1.246456931444580363e+00
6.430791778308769802e-01 2.684117556970215812e-01 1.245230294448000929e+00
6.414813609693900132e-01 2.685396016853153767e-01 1.244999550239500596e+00
6.402560612347575342e-01 2.678231998057093444e-01 1.243741187603107701e+00
6.385539940702893436e-01 2.682798971294527712e-01 1.242804864465089532e+00
6.367383069924509309e-01 2.677185689984797889e-01 1.242489707621638129e+00
6.353362873378722853e-01 2.671656560671493152e-01 1.241822160105879869e+00
6.337692382305132321e-01 2.666991626165254314e-01 1.241174334402862733e+00
6.321410825638190678e-01 2.663436695876771343e-01 1.240826750553562619e+00
6.321410825638190678e-01 2.663436695876771343e-01 1.240826750553562619e+00
6.301781345933723522e-01 2.665409002264788052e-01 1.240362083720266906e+00
6.301781345933723522e-01 2.665409002264788052e-01 1.240362083720266906e+00
6.290014155976025867e-01 2.660638849895163860e-01 1.239024918588099489e+00
6.281620166321216781e-01 2.655877230252337018e-01 1.238181363664384582e+00
6.267868929469150308e-01 2.659135462132079519e-01 1.236910974508713679e+00
6.267984337453115229e-01 2.657329848264023964e-01 1.235211804203086627e+00
6.267984337453115229e-01 2.657329848264023964e-01 1.235211804203086627e+00
6.261667704683140379e-01 2.666002185708200578e-01 1.232294794883384226e+00
6.263810119248358621e-01 2.656947766754426121e-01 1.229189690118889899e+00
6.258499187501046501e-01 2.675588655355407575e-01 1.226143195803339747e+00
6.258499187501046501e-01 2.675588655355407575e-01 1.226143195803339747e+00
6.258730502143136087e-01 2.678160011107399985e-01 1.222841363910746049e+00
6.259838237176220677e-01 2.685590881504621441e-01 1.220229642908874368e+00
6.273098420619354076e-01 2.697872756465585220e-01 1.212051012175610065e+00
6.272874608671643593e-01 2.706800943206007504e-01 1.209112239364326769e+00
6.279949415002205049e-01 2.707357949154048371e-01 1.205958758037718681e+00
6.279949415002205049e-01 2.707357949154048371e-01 1.205958758037718681e+00
6.287653285141268089e-01 2.710761750681785487e-01 1.200969942295029291e+00
6.296416572092549124e-01 2.725920193048433360e-01 1.193469352442357412e+00
6.296416572092549124e-01 2.725920193048433360e-01 1.193469352442357412e+00
6.309122402971838461e-01 2.736235286595964933e-01 1.187745025404816523e+00
6.324377058580848976e-01 2.741459933960445072e-01 1.181265207348381807e+00
6.324377058580848976e-01 2.741459933960445072e-01 1.181265207348381807e+00
6.357427445736594240e-01 2.721354440240800199e-01 1.173507633029093666e+00
6.370118355379399411e-01 2.703719342141054915e-01 1.170889375850824532e+00
6.394369513057509558e-01 2.677057968554980572e-01 1.167444075712175788e+00
6.394369513057509558e-01 2.677057968554980572e-01 1.167444075712175788e+00
6.411517526226081509e-01 2.650661243916776488e-01 1.163638615293121958e+00
6.430827792480950933e-01 2.614088262657218165e-01 1.161190734985454664e+00
6.448747171926110244e-01 2.571322376334477244e-01 1.158510283831596155e+00
6.459042680853367413e-01 2.555515710434608234e-01 1.157471485311538872e+00
6.468590759088592712e-01 2.536972902439819100e-01 1.155448604966477166e+00
6.468590759088592712e-01 2.536972902439819100e-01 1.155448604966477166e+00
6.483489595364073654e-01 2.503519681739652114e-01 1.153637731798601962e+00
6.483489595364073654e-01 2.503519681739652114e-01 1.153637731798601962e+00
6.499455682157940783e-01 2.480934371515420289e-01 1.150059138504223810e+00
6.499455682157940783e-01 2.480934371515420289e-01 1.150059138504223810e+00
6.514014654480290156e-01 2.462606233900792585e-01 1.147051349377993246e+00
6.527588016047226604e-01 2.447739881175748644e-01 1.145787875462729088e+00
6.527588016047226604e-01 2.447739881175748644e-01 1.145787875462729088e+00
6.532580943857176914e-01 2.457483796956238253e-01 1.143618149907018600e+00
6.537423064974022813e-01 2.455738516622673062e-01 1.142643664215590604e+00
6.547191647067429621e-01 2.452064030733732691e-01 1.140385455327579622e+00
6.551961219067492515e-01 2.452837652985709049e-01 1.138226527985452652e+00
6.563299387185218547e-01 2.444683131812467325e-01 1.135732092799169202e+00
6.578176937935887869e-01 2.438052486790501794e-01 1.133269165686014990e+00
6.587563699597817068e-01 2.437311083710752557e-01 1.131221488464499325e+00
6.588283342947319765e-01 2.436373843117851101e-01 1.129942746808372256e+00
6.598102612826892699e-01 2.434835084742255629e-01 1.127142420083115049e+00
6.598102612826892699e-01 2.434835084742255629e-01 1.127142420083115049e+00
6.607456231571887662e-01 2.425435121521098414e-01 1.125506846227183555e+00
6.613544380961443592e-01 2.432296751785676114e-01 1.123642758547251708e+00
6.613544380961443592e-01 2.432296751785676114e-01 1.123642758547251708e+00
6.624037312231452201e-01 2.425303293992869258e-01 1.121120956584708450e+00
6.630761595261545072e-01 2.419491239708368435e-01 1.119409424058474656e+00
6.634226480255898117e-01 2.426552265114773621e-01 1.117008643531105516e+00
6.643449455236424273e-01 2.415886947072816149e-01 1.115599111920074105e+00
6.651104606882443093e-01 2.415633527184316842e-01 1.113614484150055484e+00
6.655578494067125872e-01 2.413383050209700342e-01 1.111262962966696577e+00
6.659545933823048935e-01 2.407845019596680514e-01 1.110108888004922578e+00
6.668754209611826855e-01 2.417115680308721259e-01 1.106846907456726647e+00
6.668754209611826855e-01 2.417115680308721259e-01 1.106846907456726647e+00
6.674181542176895743e-01 2.413700114415933129e-01 1.105337847197367829e+00
6.676721470820752291e-01 2.408425930783494318e-01 1.103870077154181395e+00
6.679522223836283912e-01 2.408999101969656054e-01 1.103495467136180075e+00
6.679522223836283912e-01 2.408999101969656054e-01 1.103495467136180075e+00
6.688693059382033734e-01 2.408739902011755307e-01 1.100536273593829106e+00
6.688888511135427928e-01 2.421134662451288611e-01 1.098723674230051683e+00
6.694602164705423242e-01 2.416102218171485849e-01 1.098309639267097682e+00
6.694432726728017924e-01 2.429049169296774169e-01 1.096396758649138103e+00
6.696788937947174558e-01 2.425838604364410900e-01 1.095249775426612171e+00
6.696788937947174558e-01 2.425838604364410900e-01 1.095249775426612171e+00
6.699097087128723649e-01 2.428278466347674747e-01 1.094092772339170905e+00
6.699097087128723649e-01 2.428278466347674747e-01 1.094092772339170905e+00
6.704300725003361494e-01 2.434043381857389499e-01 1.091762661703395088e+00
6.704300725003361494e-01 2.434043381857389499e-01 1.091762661703395088e+00
6.710323589685317502e-01 2.428823526523712362e-01 1.089719572788948820e+00
6.712870743679664187e-01 2.434636840375253297e-01 1.087682321318267364e+00
6.712870743679664187e-01 2.434636840375253297e-01 1.087682321318267364e+00
6.716902167947357283e-01 2.438212638182889747e-01 1.085119991219436031e+00
6.718562496373066129e-01 2.442987470810690509e-01 1.083917844468158975e+00
6.721567978238848218e-01 2.435960709769414700e-01 1.083788486578768584e+00
6.720755071071539133e-01 2.443787064425935740e-01 1.082851691524943982e+00
6.723294353744276863e-01 2.442211821762942936e-01 1.081950214812186450e+00
6.723294353744276863e-01 2.442211821762942936e-01 1.081950214812186450e+00
6.725417534651844109e-01 2.446947681013807996e-01 1.081823057238908925e+00
6.726935263931194120e-01 2.441311966142045708e-01 1.081465611039371666e+00
6.725310065441408858e-01 2.439690080036711617e-01 1.081197497326547241e+00
6.731034060195907331e-01 2.442054237892616886e-01 1.080112893653583761e+00
6.727034746760679473e-01 2.448500134444676068e-01 1.079485088984681429e+00
6.730171768701199708e-01 2.445400658932764260e-01 1.078587291136938298e+00
6.729166815958521619e-01 2.443063308157744085e-01 1.078666913059502352e+00
6.733439705411085052e-01 2.442837778448664343e-01 1.077882677703620118e+00
6.733016521200231308e-01 2.444183588769132665e-01 1.076754931399810600e+00
6.733016521200231308e-01 2.444183588769132665e-01 1.076754931399810600e+00
6.735113992048761267e-01 2.449309241893545541e-01 1.076777992671423378e+00
6.736361280217689762e-01 2.450350880801082376e-01 1.075622375543232589e+00
6.737212244087881219e-01 2.451829688912962046e-01 1.075094303866030110e+00
6.737212244087881219e-01 2.451829688912962046e-01 1.075094303866030110e+00
6.734417557097539531e-01 2.455088903528650779e-01 1.074750662194260187e+00
6.734417557097539531e-01 2.455088903528650779e-01 1.074750662194260187e+00
6.736703569819164628e-01 2.451596838385314003e-01 1.073694861659072242e+00
6.741929451844959065e-01 2.448479111496138505e-01 1.073289835896134914e+00
6.741929451844959065e-01 2.448479111496138505e-01 1.073289835896134914e+00
6.743953721573876514e-01 2.445957479921623545e-01 1.072581433331869061e+00
6.743953721573876514e-01 2.445957479921623545e-01 1.072581433331869061e+00
6.743390658822850936e-01 2.454947474078709169e-01 1.071430849188238277e+00
6.744673880701337332e-01 2.455756217088587434e-01 1.070167867269932849e+00
6.746723872945706857e-01 2.451155807068000625e-01 1.070046175542381794e+00
6.746723872945706857e-01 2.451155807068000625e-01 1.070046175542381794e+00
6.754294296077505422e-01 2.457088356075402547e-01 1.068570941986517697e+00
6.762717874259845940e-01 2.460118978548404556e-01 1.067206041883371093e+00
6.762717874259845940e-01 2.460118978548404556e-01 1.067206041883371093e+00
6.776566753894108786e-01 2.459715806165302943e-01 1.066182097117575722e+00
6.792068804482233046e-01 2.461398154905242996e-01 1.065037757546628550e+00
6.801239275062656020e-01 2.461815345818958167e-01 1.064474142951543856e+00
6.801239275062656020e-01 2.461815345818958167e-01 1.064474142951543856e+00
6.808994624704270970e-01 2.456072605688798260e-01 1.064369105415848615e+00
6.808994624704270970e-01 2.456072605688798260e-01 1.064369105415848615e+00
6.820563241184726122e-01 2.470002346395436810e-01 1.063661311687815303e+00
6.820563241184726122e-01 2.470002346395436810e-01 1.063661311687815303e+00
6.840931236633944756e-01 2.468768787159058564e-01 1.063066562875546905e+00
6.850197830633928398e-01 2.475728709825484319e-01 1.062596610922425855e+00
6.858025763558560639e-01 2.474899026467697882e-01 1.062389777568572669e+00
6.863666197604403330e-01 2.478282277590695970e-01 1.062090066418766687e+00
6.869353352792220146e-01 2.474804179692426387e-01 1.062820988911533870e+00
6.869353352792220146e-01 2.474804179692426387e-01 1.062820988911533870e+00
6.871504588380795697e-01 2.482428133906708634e-01 1.062147442456199631e+00
6.872788987445606068e-01 2.477873021382644980e-01 1.062670314354920986e+00
6.869894744975617584e-01 2.483535949828985234e-01 1.062064812766636335e+00
6.869894744975617584e-01 2.483535949828985234e-01 1.062064812766636335e+00
6.874625383629638931e-01 2.473142701497368368e-01 1.062157898964190661e+00
6.871567196928566323e-01 2.483174787875682965e-01 1.062557540544113888e+00
6.872744888885943260e-01 2.477700026311204229e-01 1.061815658437372134e+00
6.872744888885943260e-01 2.477700026311204229e-01 1.061815658437372134e+00
6.872190047966731941e-01 2.477651873311993991e-01 1.062800677005299788e+00
6.873511470262091416e-01 2.479184412977755159e-01 1.062453145048739778e+00
6.873511470262091416e-01 2.479184412977755159e-01 1.062453145048739778e+00
6.873913753970884999e-01 2.480445359116259518e-01 1.062300927336587097e+00
6.868690140630541174e-01 2.485362565638662424e-01 1.061966242318994391e+00
6.873189851873092726e-01 2.477901540012091286e-01 1.062643359671165522e+00
6.873189851873092726e-01 2.477901540012091286e-01 1.062643359671165522e+00
6.871955234698943205e-01 2.479949726739228977e-01 1.061838082957645257e+00
6.871955234698943205e-01 2.479949726739228977e-01 1.061838082957645257e+00
6.868573927447990668e-01 2.482854050017999081e-01 1.062289767328330026e+00
6.868573927447990668e-01 2.482854050017999081e-01 1.062289767328330026e+00
6.871291241197384769e-01 2.481540761222704450e-01 1.062054353205350132e+00
6.871291241197384769e-01 2.481540761222704450e-01 1.062054353205350132e+00
6.872427422207122438e-01 2.478882637443798609e-01 1.061771105462911091e+00
6.872197484396772582e-01 2.477505460631952428e-01 1.062124954567346791e+00
6.872455754946480422e-01 2.476991158936254211e-01 1.062514319009677966e+00
6.872455754946480422e-01 2.476991158936254211e-01 1.062514319009677966e+00
6.873746015741973858e-01 2.471827151020324354e-01 1.062492327603295150e+00
6.873746015741973858e-01 2.471827151020324354e-01 1.062492327603295150e+00
6.870125764593372208e-01 2.479715520643546722e-01 1.062266848301682387e+00
6.870125764593372208e-01 2.479715520643546722e-01 1.062266848301682387e+00
6.873473675703478669e-01 2.476772913258838416e-01 1.061999066728251284e+00
6.873473675703478669e-01 2.476772913258838416e-01 1.061999066728251284e+00
6.874497015024834123e-01 2.475126544952261920e-01 1.062561737757519165e+00
6.873387098516043903e-01 2.482057617891793022e-01 1.062040135417674058e+00
6.873387098516043903e-01 2.482057617891793022e-01 1.062040135417674058e+00
6.871874559248579706e-01 2.473490736259933431e-01 1.062682026867927565e+00
6.869766757906865529e-01 2.483825375806222868e-01 1.062686936418373529e+00
6.873135769900329262e-01 2.480198607346132400e-01 1.062026987581547566e+00
6.868654906781145320e-01 2.485133399198899695e-01 1.062111572521516223e+00
6.871269249442016891e-01 2.483700164670341604e-01 1.062155327007086925e+00
6.870401152023503100e-01 2.485080187525388062e-01 1.061645466553720496e+00
6.870195293400083170e-01 2.481234758913916094e-01 1.062721035458843666e+00
6.871983537035523115e-01 2.484432591013900626e-01 1.061916605610118802e+00
6.871983537035523115e-01 2.484432591013900626e-01 1.061916605610118802e+00
6.871937680604863763e-01 2.477708005566194860e-01 1.062581126813688881e+00
6.869740154821470934e-01 2.481559629416194013e-01 1.062427735233348214e+00
6.870303016398146001e-01 2.477757915922230991e-01 1.062072416634684879e+00
6.870303016398146001e-01 2.477757915922230991e-01 1.062072416634684879e+00
6.872294301407905204e-01 2.482331473767364627e-01 1.062743399212733086e+00
6.872457601755490586e-01 2.482189871745628662e-01 1.061927455920346652e+00
6.871627664761658094e-01 2.480701766382178153e-01 1.062440276616474888e+00
6.871627664761658094e-01 2.480701766382178153e-01 1.062440276616474888e+00
6.872267355604287919e-01 2.473485405878921572e-01 1.062481840455031801e+00
6.871340324878116856e-01 2.480415684231696560e-01 1.062345331181904662e+00
6.871340324878116856e-01 2.480415684231696560e-01 1.062345331181904662e+00
6.871345686731215041e-01 2.478381048678323650e-01 1.061918388513451106e+00
6.871345686731215041e-01 2.478381048678323650e-01 1.061918388513451106e+00
6.871497781859237097e-01 2.480616566065353690e-01 1.062251650486688792e+00
6.871436663854102456e-01 2.485359976711762620e-01 1.062125764008475137e+00
6.873115389836258471e-01 2.477036411578689146e-01 1.062080716393577262e+00
6.872573613442607421e-01 2.481387259050336636e-01 1.061942085714403516e+00
6.872573613442607421e-01 2.481387259050336636e-01 1.061942085714403516e+00
6.872877234033781813e-01 2.474859680362985759e-01 1.062378641087443398e+00
6.873726857086670528e-01 2.480766700472081254e-01 1.061744513224627262e+00
6.871492739563227481e-01 2.478150361006710711e-01 1.062463543423427748e+00
6.871916529096238069e-01 2.482450236315879855e-01 1.061639268956208193e+00
6.871916529096238069e-01 2.482450236315879855e-01 1.061639268956208193e+00
6.868626501249427418e-01 2.483263073526464637e-01 1.062496745325930858e+00
6.868626501249427418e-01 2.483263073526464637e-01 1.062496745325930858e+00
6.872246712375760236e-01 2.473112849597068341e-01 1.062099020710343567e+00
6.872246712375760236e-01 2.473112849597068341e-01 1.062099020710343567e+00
6.872791323323882429e-01 2.479105766620779694e-01 1.062575659671041839e+00
6.872791323323882429e-01 2.479105766620779694e-01 1.062575659671041839e+00
6.875251105527762086e-01 2.471125866035253915e-01 1.062079214191768095e+00
6.874548438470849954e-01 2.473659339764074927e-01 1.062138423124201037e+00
6.869494864078945495e-01 2.480498143607443862e-01 1.062486027626430296e+00
6.873895850724861534e-01 2.476913021780822732e-01 1.061620549302038530e+00
6.873895850724861534e-01 2.476913021780822732e-01 1.061620549302038530e+00
6.872566293650499425e-01 2.480697765143834999e-01 1.061915706145535543e+00
6.869579973603779921e-01 2.488829887376661221e-01 1.061730251119675783e+00
6.869988582158068624e-01 2.481323786645370788e-01 1.061829397840054590e+00
6.869988582158068624e-01 2.481323786645370788e-01 1.061829397840054590e+00
6.873390317879407574e-01 2.474824346339320469e-01 1.062199424101385237e+00
6.871036681769455701e-01 2.481282331343767911e-01 1.062642154400501360e+00
6.871497202319143405e-01 2.475077103151954172e-01 1.062139110544444875e+00
6.871497202319143405e-01 2.475077103151954172e-01 1.062139110544444875e+00
6.873217172849319656e-01 2.478905116714867352e-01 1.061520944504762642e+00
6.873217172849319656e-01 2.478905116714867352e-01 1.061520944504762642e+00
6.870614291598731160e-01 2.482575524995010718e-01 1.062075229647533536e+00
6.870614291598731160e-01 2.482575524995010718e-01 1.062075229647533536e+00
6.873085937310822180e-01 2.476208765518601862e-01 1.062310415975574074e+00
6.870422615449884862e-01 2.476495147322038681e-01 1.062241131024087348e+00
6.872051268853720529e-01 2.475727885965310904e-01 1.062643347173160446e+00
6.871372488743417994e-01 2.478374565071945479e-01 1.062435388950111470e+00
6.874300071626633368e-01 2.475248304273174882e-01 1.061819564679188810e+00
6.873075740038191439e-01 2.476089719273092959e-01 1.062172557702999454e+00
6.873075740038191439e-01 2.476089719273092959e-01 1.062172557702999454e+00
6.873435608005071806e-01 2.478014314523143136e-01 1.061860726674657140e+00
6.873435608005071806e-01 2.478014314523143136e-01 1.061860726674657140e+00
6.875292506317810526e-01 2.476382724913254174e-01 1.062209680222602870e+00
6.871245520726458889e-01 2.480935742362466168e-01 1.062868108875369089e+00
6.871245520726458889e-01 2.480935742362466168e-01 1.062868108875369089e+00
6.871167356673083537e-01 2.484186184298217970e-01 1.062497409938706561e+00
6.870601762897265985e-01 2.478188361511343141e-01 1.062376983780473072e+00
6.875445215376519981e-01 2.468047259192867604e-01 1.061650731662373115e+00
6.872072446443296956e-01 2.479230006819024279e-01 1.061839822994655957e+00
6.874471522443516003e-01 2.474175640964787204e-01 1.062149482651970400e+00
6.874471522443516003e-01 2.474175640964787204e-01 1.062149482651970400e+00
6.871423137114822666e-01 2.480671702718843519e-01 1.062386418549249090e+00
6.872573740361598293e-01 2.477421192496468416e-01 1.062388367664339528e+00
6.872125687453599641e-01 2.478600124605445099e-01 1.062157298913936954e+00
6.874550627104777378e-01 2.478857915525714550e-01 1.061574672327332935e+00
6.868444479848759832e-01 2.484300883690728767e-01 1.062001701637059980e+00
6.872493237055821158e-01 2.477100335152431776e-01 1.061719760889788589e+00
6.873473675703478669e-01 2.476772913258838416e-01 1.062014325517313784e+00
6.871648845794241511e-01 2.475617660913620732e-01 1.062705962708077490e+00
6.871648845794241511e-01 2.475617660913620732e-01 1.062705962708077490e+00
6.870894745116258306e-01 2.480857784226282448e-01 1.062243028378009990e+00
6.870894745116258306e-01 2.480857784226282448e-01 1.062243028378009990e+00
6.872966638817772367e-01 2.474025711351818257e-01 1.062708880945719025e+00
6.872966638817772367e-01 2.474025711351818257e-01 1.062708880945719025e+00
6.874150428377379107e-01 2.478434732173545596e-01 1.062437126875888538e+00
6.872342387552853316e-01 2.479775266720976590e-01 1.061640858438641644e+00
6.872342387552853316e-01 2.479775266720976590e-01 1.061640858438641644e+00
6.876666296026991976e-01 2.471278798125849108e-01 1.062182732759094694e+00
6.876666296026991976e-01 2.471278798125849108e-01 1.062182732759094694e+00
6.873033241838831797e-01 2.476754720342067839e-01 1.062035821695457738e+00
6.873542843618488662e-01 2.485569561730651689e-01 1.061600572392742414e+00
6.874594766336541429e-01 2.472452115836587805e-01 1.062449880753324027e+00
6.871302630361530994e-01 2.481658856749462405e-01 1.062237751697810761e+00
6.871302630361530994e-01 2.481658856749462405e-01 1.062237751697810761e+00
6.870367272870737674e-01 2.482470837431704214e-01 1.061990152926144404e+00
6.873480337096714576e-01 2.471349496987958472e-01 1.062047230113294161e+00
6.872747694274065067e-01 2.476006205137408211e-01 1.062049553977573835e+00
6.873555313474902784e-01 2.474101923740807396e-01 1.062353244606191183e+00
6.870150686099998349e-01 2.478052904595403338e-01 1.062238234272445236e+00
6.876916165639026524e-01 2.473571663512581231e-01 1.062052432719780670e+00
6.874701601567285714e-01 2.476935751691394239e-01 1.062346497293276126e+00
6.872701675884106409e-01 2.480978648077868942e-01 1.062104405244470140e+00
6.872701675884106409e-01 2.480978648077868942e-01 1.062104405244470140e+00
6.872771713329235421e-01 2.478651168472660316e-01 1.062189933784980944e+00
6.869448868048244616e-01 2.482938680763603356e-01 1.062049777905674564e+00
6.874741742489766105e-01 2.475350338110344217e-01 1.061793101926402638e+00
6.874741742489766105e-01 2.475350338110344217e-01 1.061793101926402638e+00
6.872773858672110991e-01 2.476957202556625270e-01 1.062469335842344265e+00
6.872773858672110991e-01 2.476957202556625270e-01 1.062469335842344265e+00
6.872188218156716211e-01 2.479265266032336101e-01 1.062549497975402435e+00
6.872188218156716211e-01 2.479265266032336101e-01 1.062549497975402435e+00
6.874173732106382273e-01 2.475932693361473369e-01 1.061621791383846825e+00
6.874469620714092066e-01 2.476594848383610326e-01 1.062605690417060433e+00
6.874469620714092066e-01 2.476594848383610326e-01 1.062605690417060433e+00
6.873113728495876540e-01 2.475777261255368011e-01 1.062156206442047113e+00
6.873113728495876540e-01 2.475777261255368011e-01 1.062156206442047113e+00
6.873816413596395281e-01 2.470198569741218486e-01 1.061760912746429142e+00
6.873816413596395281e-01 2.470198569741218486e-01 1.061760912746429142e+00
6.869868281404100108e-01 2.478538592762468684e-01 1.062157318808882644e+00
6.873173759584413345e-01 2.477176936635392401e-01 1.062404346867989791e+00
6.873173759584413345e-01 2.477176936635392401e-01 1.062404346867989791e+00
6.872333881073668937e-01 2.480349153374651061e-01 1.063002806334260253e+00
6.872333881073668937e-01 2.480349153374651061e-01 1.063002806334260253e+00
6.872912103384365423e-01 2.478882063576947348e-01 1.062588733936725482e+00
6.872697418329472008e-01 2.473166093563494150e-01 1.062235033059419020e+00
6.872697418329472008e-01 2.473166093563494150e-01 1.062235033059419020e+00
6.872011781955782439e-01 2.481592561794082608e-01 1.061920093231305096e+00
6.871271630840053435e-01 2.477203460774209387e-01 1.062163076320586486e+00
6.871271630840053435e-01 2.477203460774209387e-01 1.062163076320586486e+00
6.873322481447285970e-01 2.474418566572886835e-01 1.062488698043780433e+00
6.873576941888160929e-01 2.481256598971782745e-01 1.061895430278328112e+00
6.873576941888160929e-01 2.481256598971782745e-01 1.061895430278328112e+00
6.872638223457581130e-01 2.475638069183796475e-01 1.062390298102903197e+00
6.872526175411810545e-01 2.478628436640000765e-01 1.062115040859458404e+00
6.869009773302864330e-01 2.487480542989858046e-01 1.062463115464679086e+00
6.869009773302864330e-01 2.487480542989858046e-01 1.062463115464679086e+00
6.873354195260272803e-01 2.476258583633131893e-01 1.062114657302642762e+00
6.869871942040443047e-01 2.482041403913960442e-01 1.061819585860203308e+00
6.871666012908191901e-01 2.476655001194337513e-01 1.062107099758057505e+00
6.872272045331802026e-01 2.475756958986889411e-01 1.062239020586195792e+00
6.872272045331802026e-01 2.475756958986889411e-01 1.062239020586195792e+00
6.872926590601576846e-01 2.477618463336123400e-01 1.062205961887541017e+00
6.872812720617901272e-01 2.475034369286851776e-01 1.062674250447305013e+00
6.873087265597950246e-01 2.477840341153147996e-01 1.063098907064336629e+00
6.873087265597950246e-01 2.477840341153147996e-01 1.063098907064336629e+00
6.874059478129557199e-01 2.473809717427026544e-01 1.061981561179727418e+00
6.873137347897183558e-01 2.475890521832338487e-01 1.061835527514805033e+00
6.873137347897183558e-01 2.475890521832338487e-01 1.061835527514805033e+00
6.873287952395341627e-01 2.475226120003862773e-01 1.062523583452021025e+00
6.870988144515419727e-01 2.478523043626414957e-01 1.062837549705048179e+00
6.870988144515419727e-01 2.478523043626414957e-01 1.062837549705048179e+00
6.872498370637321052e-01 2.479169470362173056e-01 1.062297138375202454e+00
6.873693568360741413e-01 2.470227279657038200e-01 1.061740302941125647e+00
6.874531133904027147e-01 2.472742939749682234e-01 1.061944950743972882e+00
6.874531133904027147e-01 2.472742939749682234e-01 1.061944950743972882e+00
6.871641489190657426e-01 2.479465807186876647e-01 1.062069111721539061e+00
6.875304196974573179e-01 2.475117729868944738e-01 1.061796090083215294e+00
6.875304196974573179e-01 2.475117729868944738e-01 1.061796090083215294e+00
6.874974982597680251e-01 2.476416369673229145e-01 1.062246964521987858e+00
6.870732573476658889e-01 2.480053178809385195e-01 1.062304424791614688e+00
6.870732573476658889e-01 2.480053178809385195e-01 1.062304424791614688e+00
6.869401810868415170e-01 2.486436998625629058e-01 1.062411703439171129e+00
6.875872193847063496e-01 2.472757619417860209e-01 1.062183501157737631e+00
6.875872193847063496e-01 2.472757619417860209e-01 1.062183501157737631e+00
6.873730561027926456e-01 2.473642882304541435e-01 1.061886253870501395e+00
6.873288213978409056e-01 2.472696588043779009e-01 1.062085670621289779e+00
6.871772111601063271e-01 2.475790408452444857e-01 1.061937325669992216e+00
6.872893127128050228e-01 2.475775494303719126e-01 1.062610021535430826e+00
6.872893127128050228e-01 2.475775494303719126e-01 1.062610021535430826e+00
6.870671651448869710e-01 2.482441253213321652e-01 1.062441773426058500e+00
6.870671651448869710e-01 2.482441253213321652e-01 1.062441773426058500e+00
6.872577544285320972e-01 2.470957810688786394e-01 1.062591989831937145e+00
6.872577544285320972e-01 2.470957810688786394e-01 1.062591989831937145e+00
6.875642031428002010e-01 2.472612953097898525e-01 1.062450358571264353e+00
6.872692128562808422e-01 2.482820852479964424e-01 1.062531773483295083e+00
6.872692128562808422e-01 2.482820852479964424e-01 1.062531773483295083e+00
6.871652764390999701e-01 2.480622076660047304e-01 1.062119282714216517e+00
6.871198286351605233e-01 2.475480978457477999e-01 1.062559307243479356e+00
6.871198286351605233e-01 2.475480978457477999e-01 1.062559307243479356e+00
6.873283418635568465e-01 2.475688778732687279e-01 1.062392249698121072e+00
