307.6955267286763 189.94908273497506
307.6402367338392 189.77330895311997
307.582783232272 189.60106992518092
307.52318799745115 189.4323494789567
307.46147280285294 189.2671314422458
307.39765942195396 189.105399642847
307.33176962823046 188.94713790855894
307.2638251951586 188.79233006718022
307.1938478962152 188.6409599465096
307.12185950487634 188.49301137434566
307.0478817946184 188.34846817848714
306.97193653891793 188.20731418673262
306.8940455112511 188.06953322688082
306.81423048509447 187.93510912673034
306.7325132339244 187.80402571407996
306.64891553121726 187.67626681672814
306.56345915044915 187.5518162624738
306.4761658650969 187.43065787911536
306.3870574486366 187.31277549445164
306.29615567454476 187.19815293628125
306.2034823162978 187.08677403240281
306.10905914737185 186.97862261061505
306.0129079412435 186.87368249871665
305.9150504713891 186.77193752450617
305.815508511285 186.6733715157823
305.71430383440764 186.57796830034377
305.6114582142333 186.48571170598925
305.5069934242384 186.39658556051728
305.40093123789944 186.31057369172655
305.29329342869255 186.2276599274158
305.1841017700943 186.14782809538372
305.0733780355811 186.07106202342885
304.96114399862915 185.99734553934994
304.847421432715 185.92666247094562
304.7322321113149 185.85899664601453
304.6155978079053 185.79433189235536
304.4975402959627 185.7326520377668
304.37808134896324 185.6739409100474
304.25724274038345 185.61818233699597
304.13504624369955 185.56536014641108
304.01151363238824 185.51545816609146
303.8866666799256 185.46846022383568
303.7605271597882 185.42435014744242
303.63311684545226 185.3831117647104
303.50445751039416 185.3447289034382
303.37457092809046 185.30918539142462
303.2434788720174 185.27646505646817
303.11120311565145 185.2465517263676
302.9777654324689 185.21942922892154
302.8431875959462 185.19508139192862
302.70749137955954 185.17349204318762
302.5706985567855 185.15464501049703
302.4328309011005 185.13852412165568
302.2939101859808 185.1251132044621
302.1539581849029 185.11439608671503
302.01299667134293 185.10635659621312
301.87104741877755 185.10097856075498
301.728132200683 185.09824580813932
301.58427279053564 185.09814216616485
301.43949096181194 185.10065146263008
301.29380848798826 185.1057575253338
301.14724714254095 185.1134441820747
300.99982869894626 185.1236952606513
300.8515749306809 185.13649458886238
300.702507611221 185.1518259945065
300.55264851404286 185.16967330538245
300.4020194126231 185.19002034928883
300.250642080438 185.21285095402425
300.0985382909639 185.23814894738743
299.94572981767726 185.26589815717708
299.7922384340544 185.2960824111917
299.63808591357173 185.32868553723014
299.4832940297055 185.36369136309094
299.32788455593237 185.4010837165728
299.1718792657284 185.4408464254744
299.0152999325703 185.4829633175943
298.8581683299342 185.5274182207313
298.7005062312965 185.574194962684
298.5423354101337 185.62327737125105
298.3836776399221 185.67464927423114
298.2245546941381 185.72829449942293
298.064988346258 185.78419687462505
297.9050003697584 185.84234022763619
297.7446125381154 185.902708386255
297.5838466248055 185.96528517828017
297.42272440330527 186.03005443151028
297.26126764709073 186.09699997374406
297.09949812963856 186.1661056327802
296.937437624425 186.23735523641727
296.77510790492653 186.31073261245402
296.6125307446193 186.386221588689
296.4497279169799 186.46380599292104
296.2867211954847 186.54346965294866
296.12353235360996 186.6251963965706
295.9601831648323 186.7089700515855
295.7966954026277 186.79477444579192
295.63309084047296 186.88259340698878
295.4693912518442 186.9724107629744
295.3056184102179 187.06421034154764
295.14179408907046 187.15797597050724
294.9779400618782 187.25369147765164
294.8140781021174 187.3513406907797
294.6502299832647 187.45090743769003
294.4864174787963 187.5523755461812
294.32266236218857 187.65572884405194
294.15898640691796 187.76095115910096
293.9954113864608 187.86802631912678
293.83195907429354 187.97693815192824
293.66865124389244 188.08767048530387
293.505509668734 188.2002071470524
293.3425561222946 188.31453196497245
293.17981237805054 188.43062876686272
293.01730020947826 188.54848138052182
292.85504139005417 188.66807363374843
292.6930576932545 188.78938935434124
292.5313708925557 188.9124123700989
292.3700027614343 189.03712650882005
292.2089750733665 189.16351559830343
292.0483096018287 189.29156346634753
291.88802812029735 189.42125394075117
291.72815240224884 189.55257084931299
291.56870422115946 189.68549801983158
291.4097053505056 189.82001928010567
291.25117756376375 189.9561184579339
291.0931426344101 190.09377938111493
290.9356222943046 190.23298587744742
290.7786357056916 190.37372177473003
290.6221980055888 190.51597090076143
290.4663239797636 190.65971708334024
290.31102841398325 190.8049441502652
290.15632609401507 190.95163592933488
290.00223180562625 191.09977624834804
289.8487603345841 191.24934893510326
289.69592646665603 191.40033781739922
289.5437449876093 191.5527267230346
289.3922306832111 191.70649947980812
289.2413983392289 191.8616399155183
289.09126274142983 192.0181318579639
288.9418386755812 192.17595913494358
288.79314092745045 192.33510557425598
288.64518428280485 192.49555500369974
288.4979835274115 192.65729125107356
288.3515534470378 192.82029814417615
288.20590882745114 192.98455951080604
288.0610644544187 193.15005917876195
287.91703511370787 193.3167809758426
287.7738355910858 193.48470872984655
287.6314806723199 193.65382626857254
287.4899851431776 193.8241174198192
287.34936378942587 193.99556601138525
287.2096313968322 194.16815587106925
287.0708027511638 194.34187082666992
286.93289263818804 194.51669470598594
286.7959158436723 194.69261133681593
286.65988715338364 194.8696045469585
286.5248213530895 195.04765816421246
286.39073322855717 195.2267560163764
286.257637565554 195.40688193124893
286.1255491498471 195.58801973662875
285.994482767204 195.77015326031457
285.8644532033917 195.95326633010498
285.73547524417785 196.13734277379868
285.6075636753296 196.32236641919422
285.480733282614 196.50832109409052
285.3549988517987 196.69519062628598
285.2303751686508 196.8829588435794
285.10687701893767 197.07160957376942
284.9845191884266 197.2611266446546
284.8633164628848 197.4514938840338
284.7432836280796 197.64269511970554
284.6244354697784 197.83471417946853
284.50678677374844 198.02753489112138
284.39035232575696 198.22114108246274
284.2751469115713 198.4155165812914
284.1611853169587 198.61064521540592
284.04848232768654 198.80651081260493
283.93705272952207 199.00309720068722
283.8269113082326 199.20038820745134
283.7180728495853 199.39836766069595
283.6105521393477 199.59701938821982
283.50436396328695 199.7963272178215
283.39952310717035 199.9962749772997
283.2960443567652 200.19684649445304
283.1939424978388 200.3980255970802
283.09323231615843 200.59979611297996
282.9939285974915 200.80214186995076
282.89604612760513 201.00504669579144
282.7995996922667 201.2084944183006
282.70460407724346 201.4124688652769
282.6110740683028 201.61695386451896
282.519024451212 201.8219332438255
282.4284700117382 202.02739083099522
282.3394255356489 202.23331045382668
282.25190580871134 202.4396759401186
282.1659256166927 202.64647111766965
282.0814997453603 202.85367981427842
281.9986429804816 203.0612858577437
281.9173701078237 203.26927307586402
281.83769591315405 203.47762529643813
281.7596351822397 203.6863263472647
281.68320270084837 203.89536005614224
281.6084132547469 204.10471025086957
281.5352816297029 204.31436075924535
281.46382261148347 204.52429540906815
281.39405098585604 204.73449802813667
281.3259815385879 204.94495244424962
281.2596290554462 205.1556424852056
281.19500832219836 205.3665519788033
281.13213412461164 205.57766475284137
281.07102124845335 205.78896463511848
281.0116844794907 206.00043545343328
280.9541386034912 206.2120610355844
280.8983984062219 206.42382520937065
280.8444786734502 206.63571180259044
280.79239419094336 206.84770464304265
280.74215974446884 207.05978755852595
280.6937901197937 207.27194437683877
280.64730010268534 207.48415892578
280.6027044789111 207.6964150331482
280.56001803423817 207.90869652674206
280.5192555544339 208.12098723436026
280.48043182526567 208.33327098380133
280.4435616325006 208.54553160286412
280.4086597619061 208.75775291934724
280.37574099924944 208.96991876104923
280.34482013029793 209.18201295576887
280.31591194081886 209.39401933130486
280.2890312165795 209.60592171545576
280.26419274334717 209.81770393602022
280.2414113068892 210.029349820797
280.2207016929727 210.2408431975847
280.2020786873652 210.452167894182
280.18555707583386 210.6633077383875
280.17115164414605 210.87424655799995
280.15887717806896 211.08496818081798
280.14874846337 211.29545643464024
280.14078028581645 211.50569514726539
280.1349874311756 211.7156681464921
280.1313846852145 211.92535926011905
280.1299868337009 212.1347523159449
280.13080866240176 212.3438311417683
280.13386495708454 212.55257956538793
280.13917050351637 212.76098141460227
280.1467400874647 212.9690205172103
280.15658849469673 213.1766807010105
280.1687305109798 213.38394579380153
280.1831809220812 213.59079962338205
280.1999545137682 213.7972260175508
280.21906607180813 214.0032088041064
280.24053038196826 214.20873181084744
280.26436223001593 214.41377886557268
280.2905739768434 214.61833432164232
280.31916225804207 214.82238594068068
280.35011743715796 215.02592284370027
280.38342986143994 215.22893415524555
280.41908987813696 215.43140899986128
280.45708783449777 215.63333650209196
280.4974140777712 215.83470578648243
280.5400589552062 216.0355059775771
280.5850128140514 216.2357261999207
280.632266001556 216.43535557805782
280.68180886496845 216.63438323653313
280.73363175153787 216.83279829989124
280.78772500851295 217.03058989267677
280.8440789831426 217.2277471394343
280.9026840226756 217.42425916470853
280.96353047436094 217.6201150930441
281.0266086854473 217.81530404898552
281.0919090031837 218.00981515707758
281.15942177481867 218.20363754186477
281.2291373476014 218.39676032789177
281.30104606878064 218.58917263970324
281.375138285605 218.78086360184378
281.45140434532357 218.9718223388579
281.52983459518526 219.16203797529045
281.6104193824387 219.3514996356859
281.6931490543328 219.54019644458893
281.77801395811633 219.72811752654414
281.8650044410384 219.91525200609624
281.95411085034755 220.10158900778976
282.04532353329284 220.28711765616933
282.138632837123 220.47182707577963
282.2340291090869 220.6557063911653
282.3315026964333 220.8387447268709
282.43104394641125 221.02093120744107
282.5326432062694 221.2022549574205
282.6362908232567 221.3827051013537
282.74197714462184 221.56227076378548
282.8496925176139 221.7409410692603
282.9594272894815 221.91870514232284
283.07117180747366 222.0955521075178
283.1849164188392 222.27147108938956
283.30065147082684 222.4464512124831
283.41836731068537 222.62048160134287
283.538054285664 222.79355138051343
283.65970274301117 222.9656496745395
283.7833030299759 223.13676560796566
283.90884549380706 223.30688830533663
284.0363204817534 223.47600689119693
284.1657183410639 223.64411049009124
284.2970294189872 223.81118822656413
284.4302440627724 223.9772292251603
284.56535261966803 224.1422226104244
284.7023454369233 224.30615750690095
284.8412128617867 224.46902303913464
284.9819452415073 224.63080833167012
285.12453292333385 224.79150250905195
285.2689662545153 224.9510946958248
285.41523558230034 225.1095740165333
285.5633312539379 225.26692959572202
285.71324361667683 225.4231505579357
285.86496301776594 225.5782260277189
286.0184798044541 225.7321451296162
286.17378432399016 225.8848969881724
286.3308669236229 226.03647072793188
286.48971795060123 226.1868554734394
286.65032775217395 226.33604034923965
286.81268667558993 226.48401447987715
286.9767850680981 226.63076698989656
287.14261327694703 226.7762870038425
287.31016164938586 226.92056364625967
287.4794205326633 227.0635860416926
287.6503802740283 227.20534331468593
287.8230312207294 227.3458245897843
287.9973637200158 227.48501899153234
288.1733681191362 227.62291564447474
288.3510347653395 227.75950367315608
288.5303540058743 227.89477220212092
288.71131618798984 228.02871035591394
288.8939116589346 228.16130725907982
289.0781307659577 228.29255203616316
289.2639638563078 228.42243381170854
289.4514012772338 228.55094171026056
289.64043337598457 228.67806485636393
289.8310504998089 228.80379237456324
290.0232429959557 228.92811338940317
290.2170012116737 229.05101702542822
290.4123154942119 229.1724924071832
290.609176190819 229.2925286592126
290.80757364874404 229.41111490606113
291.00749821523556 229.52824027227328
291.2089402375427 229.64389388239385
291.41189006291415 229.7580648609673
291.61633803859877 229.8707423325384
291.82227451184536 229.98191542165168
292.02968982990296 230.09157325285187
292.2385743400202 230.19970495068353
292.44891838944596 230.30629963969125
292.66071232542913 230.41134644441976
292.87394649521855 230.51483448941354
293.088611246063 230.61675289921732
293.30469692521143 230.71709079837572
293.52219387991266 230.81583731143337
293.74109245741545 230.91298156293487
293.9613830049687 231.00851267742487
294.1830558698214 231.10241977944807
294.40610139922205 231.1946919935489
294.6305099404198 231.28531844427215
294.8562718406633 231.37428825616237
295.0833774472016 231.4615905537643
295.3118171072833 231.54721446162242
295.5415811681574 231.63114910428143
295.77265997707275 231.713383606286
296.005043881278 231.7939070921806
296.23872322802225 231.87270868651004
296.4736883645542 231.94977751381884
296.7099296381229 232.02510269865172
296.9474373959768 232.0986733655532
297.186201985365 232.1704786390679
297.4262137535364 232.24050764374059
297.6674630477397 232.30874950411578
297.9099402152238 232.37519334473814
298.15363560323743 232.43982829015215
298.39853955902976 232.50264346490272
298.64464242984934 232.56362799353425
298.89193456294504 232.6227710005915
299.14040503245553 232.68006289364564
299.3900322597284 232.7355048160343
299.64078935733045 232.78910326122693
299.8926493989507 232.84086476187272
300.14558545827873 232.89079585062117
300.39957060900383 232.9389030601217
300.6545779248152 232.98519292302365
300.9105804794024 233.02967197197634
301.1675513464545 233.07234673962932
301.425463599661 233.1132237586319
301.6842903127111 233.15230956163344
301.9440045592943 233.18961068128343
302.20457941309974 233.22513365023113
302.46598794781676 233.25888500112606
302.72820323713484 233.2908712666175
302.99119835474323 233.32109897935487
303.25494637433115 233.3495746719876
303.51942036958815 233.3763048771651
303.78459341420347 233.40129612753674
304.0504385818663 233.42455495575186
304.31692894626605 233.44608789445985
304.58403758109216 233.46590147631022
304.85173756003377 233.48400223395222
305.1200019567803 233.5003967000353
305.38880384502113 233.5150914072089
305.6581162984455 233.52809288812236
305.92791239074273 233.53940767542505
306.19816519560226 233.5490423017664
306.46884778671335 233.55700329979578
306.7399332377653 233.56329720216263
307.0113946224474 233.5679305415163
307.28320501444904 233.5709098505061
307.5553374874596 233.5722416617816
307.82776511516835 233.571932507992
308.1004609712646 233.5699889217869
308.3733981294377 233.56641743581554
308.6465496633769 233.56122458272725
308.91988864677165 233.55441689517164
309.1933881533112 233.54600090579797
309.4670212566849 233.53598314725565
309.74076103058223 233.52437015219402
310.0145805486922 233.51116845326254
310.2884528847043 233.49638458311057
310.5623511123079 233.48002507438753
310.83624830519227 233.4620964597428
311.11011753704673 233.44260527182576
311.38393188156067 233.42155804328576
311.6576644124234 233.39896130677226
311.9312882033242 233.37482159493467
312.20477632795246 233.3491454404223
312.4781018599973 233.32193937588457
312.7512378731484 233.29320993397093
313.0241574410948 233.2629636473307
313.2968336375259 233.23120704861324
313.5692395361313 233.1979466704681
313.84134821059985 233.1631890455445
314.1131327346211 233.12694070649192
314.38456618188445 233.0892081859597
314.6556216260792 233.0499980165973
314.9262721408945 233.00931673105404
315.19649080002 232.9671708619794
315.4662506771449 232.9235669420227
315.73552485459527 232.87851152071988
316.0042878178407 232.83201389098178
316.2725169951106 232.78408909929553
316.5401901852349 232.7347529167336
316.8072851870436 232.68402111436833
317.07377979936666 232.631909463272
317.3396518210341 232.57843373451692
317.60487905087575 232.5236096991755
317.8694392877218 232.46745312832002
318.13331033040197 232.4099797930229
318.39646997774645 232.35120546435633
318.6588960285851 232.29114591339277
318.9205662817481 232.22981691120458
319.18145853606524 232.16723422886392
319.4415505903665 232.1034136374433
319.7008202434818 232.038370908015
319.9592452942414 231.97212181165142
320.216803541475 231.90468211942476
320.47347278401276 231.83606760240738
320.7292308206845 231.76629403167175
320.9840554503203 231.6953771782901
321.2379244717501 231.6233328133347
321.49081568380393 231.5501767078781
321.74270688531175 231.47592463299247
321.9935758751034 231.40059235975016
322.24340045200904 231.3241956592236
322.49215841485864 231.24675030248497
322.73982756248216 231.1682720606067
322.9863856937095 231.08877670466111
323.2318106073707 231.0082800057206
323.4760801022956 230.92679773485744
323.7191719773144 230.84434566314403
323.96106403125697 230.76093956165255
324.20173406295334 230.67659520145548
324.4411598712335 230.59132835362513
324.67931925492724 230.50515478923379
324.9161900128648 230.41809027935386
325.1517499438759 230.33015059505766
325.38597684679075 230.2413515074175
325.6188485204392 230.15170878750567
325.85034276365127 230.06123820639462
326.08043737525696 229.96995553515663
326.3091101540862 229.87787654486405
326.536338898969 229.78501700658916
326.7621014087353 229.69139269140436
326.9863754822152 229.597019370382
327.20913891823847 229.50191281459436
327.4303695156352 229.40608879511373
327.65004507323556 229.30956308301262
327.86814338986915 229.21235144936318
328.0846422643662 229.11446966523783
328.29951949555664 229.01593350170896
328.51275288227043 228.91675872984888
328.7243202233375 228.81696112072984
328.934199317588 228.71655644542417
329.14236796385177 228.61556047500432
329.3488039609587 228.51398898054262
329.55348510773905 228.41185773311133
329.75638920302254 228.30918250378275
329.9574940456393 228.20597906362934
330.1567774344192 228.10226318372344
330.3542171681922 227.9980506351373
330.5497910457886 227.89335718894318
330.7434781663885 227.78819796856322
330.93527190968445 227.682580984892
331.12517448654336 227.57650985038467
331.31318823876796 227.46998811228252
331.49931550816035 227.36301931782714
331.68355863652334 227.25560701426002
331.86591996565926 227.14775474882268
332.04640183737047 227.0394660687566
332.2250065934595 226.93074452130324
332.4017365757289 226.82159365370407
332.57659412598105 226.71201701320078
332.74958158601845 226.60201814703456
332.92070129764346 226.49160060244708
333.08995560265885 226.3807679266798
333.2573468428668 226.2695236669742
333.4228773600699 226.15787137057188
333.5865494960706 226.0458145847142
333.7483655926713 225.93335685664263
333.90832799167447 225.82050173359883
334.0664390348827 225.70725276282417
334.22270106409843 225.59361349156012
334.37711642112413 225.4795874670482
334.5296874477621 225.36517823652997
334.680416485815 225.2503893472469
334.8293058770852 225.13522434644042
334.9763579633753 225.019686781352
335.12157508648767 224.9037801992233
335.26495958822466 224.7875081472956
335.4065138103889 224.67087417281053
335.54624009478283 224.55388182300956
335.6841407832088 224.4365346451342
335.8202182174696 224.31883618642587
335.9544747393673 224.2007899941261
336.0869126907046 224.0823996154764
336.2175344132839 223.96366859771828
336.3463422489077 223.84460048809322
336.4733385393784 223.7251988338427
336.5985256264986 223.60546718220817
336.7219058520706 223.4854090804312
336.843481557897 223.3650280757532
336.96325508578025 223.24432771541575
337.0812287775229 223.12331154666032
337.19740497492717 223.0019831167283
337.31178601979576 222.88034597286133
337.424374253931 222.75840366230085
337.53517201913536 222.63615973228838
337.6441816572112 222.51361773006533
337.75140550996144 222.3907812028733
337.8568459191881 222.26765369795353
337.96050522669384 222.14423876254796
338.0623857742811 222.0205399438977
338.1624899037522 221.8965607892444
338.2608199569099 221.7723048458295
338.35737827555647 221.64777566089452
338.4521672014944 221.52297678168097
338.54518907652624 221.39791175543024
338.63644624245427 221.27258412938403
338.72594104108117 221.14699745078366
338.8136758142093 221.02115526687066
338.89965290364114 220.89506112488652
338.9838746511791 220.76871857207277
339.06634339862586 220.6421311556709
339.14706148778373 220.51530242292233
339.22603126045516 220.38823592106863
339.3032550584426 220.26093519735124
339.37873522354846 220.13340379901177
339.45247409757553 220.00564527329155
339.524474022326 219.87766316743213
339.5947373396024 219.74946102867509
339.6632663912072 219.62104240426183
339.7300635189428 219.4924108414338
339.79513106461184 219.36356988743262
339.8584713700166 219.23452308949973
339.9200867769597 219.10527399487657
339.97997962724355 218.97582615080472
340.03815226267056 218.8461831045256
340.09460702504333 218.71634840328073
340.14934625616405 218.58632559431163
340.20237229783555 218.45611822485975
340.2536874918601 218.3257298421666
340.3032941800401 218.1951639934737
340.3511947041783 218.0644242260225
340.39739140607685 217.93351408705456
340.44188662753845 217.80243712381113
340.4846827103654 217.6711968835341
340.5257819963603 217.53979691346464
340.56518682732553 217.40824076084445
340.6028995450636 217.27653197291485
340.6389224913769 217.1446740969175
340.6732580080681 217.0126706800938
340.70590843693935 216.88052526968517
340.7368761197934 216.7482414129332
340.76616339843264 216.6158226570794
340.7937726146595 216.48327254936524
340.81970611027646 216.35059463703223
340.84396622708596 216.21779246732177
340.8665553068905 216.08486958747545
340.8874756914926 215.9518295447347
340.90672972269465 215.81867588634105
340.92431974229913 215.68541215953604
340.9402480921085 215.55204191156113
340.9545171139253 215.41856868965772
340.96712914955197 215.2849960410674
340.97808654079097 215.15132751303162
340.9873916294447 215.0175666527918
340.9950467573158 214.88371700758972
341.00105426620644 214.7497821246666
341.0054164979193 214.615765551264
341.00813579425693 214.4816708346234
341.00921449702156 214.34750152198632
341.0086549480159 214.21326116059424
341.00645948904224 214.0789532976887
341.0026304619031 213.94458148051115
340.997170208401 213.81014925630305
340.9900810703383 213.67566017230592
340.98136538951763 213.5411177757613
340.9710255077413 213.40652561391065
340.95906376681194 213.2718872339955
340.9454825085318 213.1372061832572
340.9302840747035 213.00248600893735
340.9134708071295 212.86773025827748
340.8950450476122 212.73294247851908
340.8750091379542 212.59812621690355
340.85336541995775 212.4632850206725
340.83011636319594 212.32842243706725
340.8052688487074 212.19354201332942
340.7788351859979 212.0586472967005
340.7508280184919 211.92374183442206
340.7212599896141 211.7888291737354
340.6901437427887 211.65391286188208
340.65749192143994 211.5189964461037
340.6233171689926 211.38408347364162
340.5876321288709 211.24917749173744
340.55044944449924 211.11428204763257
340.5117817593022 210.97940068856852
340.47164171670414 210.84453696178687
340.43004196012936 210.70969441452897
340.3869951330023 210.57487659403645
340.34251387874735 210.4400870475507
340.29661084078924 210.3053293223132
340.249298662552 210.17060696556555
340.20058998746026 210.03592352454916
340.15049745893845 209.90128254650557
340.0990337204109 209.76668757867625
340.04621141530197 209.63214216830275
339.9920431870363 209.49764986262645
339.93654167903816 209.36321420888882
339.87971953473186 209.22883875433155
339.8215893975422 209.09452704619594
339.7621639108931 208.96028263172366
339.7014557182094 208.826109058156
339.6394774629153 208.6920098727346
339.5762417884352 208.55798862270092
339.5117613381937 208.42404885529635
339.44604875561504 208.29019411776255
339.3791166841237 208.15642795734092
339.3109777671442 208.02275392127294
339.2416446481007 207.8891755568002
339.17112997041795 207.7556964111641
339.0994463775202 207.62232003160617
339.02660651283173 207.48904996536777
338.9526230197773 207.35588975969065
338.877508541781 207.2228429618161
338.80127572226746 207.0899131189857
338.72393720466107 206.9571037784409
338.6455056323861 206.82441848742323
338.56599364886716 206.6918607931742
338.4854138975285 206.55943424293517
338.40377902179466 206.42714238394782
338.32110166509017 206.29498876345352
338.2373944708391 206.1629769286938
338.15267008246616 206.03111042691012
338.0669411433957 205.89939280534406
337.9802202970521 205.76782761123707
337.8925201868597 205.63641839183055
337.80385345624325 205.50516869436606
337.7142327486267 205.37408206608518
337.62367070743494 205.24316205422934
337.53217997609204 205.11241220603998
337.4397731980226 204.98183606875864
337.346463016651 204.8514371896268
337.2522620754015 204.72121911588587
337.1571830176988 204.59118539477757
337.0612384869671 204.4613395735432
336.96444112663096 204.3316851994243
336.8668035801147 204.20222581966243
336.76833849084284 204.07296498149896
336.66905850223975 203.94390623217546
336.56897625772973 203.8150531189334
336.4681044007374 203.68640918901426
336.36645557468705 203.5579779896596
336.2640424230032 203.42976306811084
336.16087758911016 203.30176797160948
336.0569737164324 203.17399624739707
335.9523434483944 203.04645144271512
335.84699942842053 202.9191371048049
335.740954299935 202.79205678090815
335.63422070636267 202.66521401826637
335.5268112911276 202.5386123641209
335.41873869765436 202.41225536571332
335.31001556936735 202.28614657028507
335.2006545496909 202.1602895250777
335.09066828204965 202.0346877773326
334.9800694098678 201.9093448742914
334.86887057656975 201.7842643631956
334.75708442558016 201.65944979128656
334.6447236003233 201.53490470580581
334.5318007442235 201.41063265399492
334.4183285007054 201.2866371830953
334.3043195131931 201.1629218403485
334.1897864251114 201.03949017299598
334.07474187988447 200.91634572827925
333.95919852093675 200.79349205343982
333.8431689916929 200.6709326957191
333.7266659355769 200.54867120235872
333.60970199601354 200.42671112060003
333.49228981642705 200.30505599768458
333.37444204024195 200.18370938085388
333.2561713108826 200.06267481734946
333.1374902717736 199.94195585441273
333.018411566339 199.8215560392852
332.8989478380036 199.70147891920848
332.7791117301915 199.58172804142387
332.6589158863274 199.46230695317294
332.53837294983555 199.34321920169725
332.4174955641403 199.22446833423817
332.29629637266623 199.10605789803736
332.17478801883794 198.9879914403362
332.0529831460794 198.87027250837616
331.93089439781534 198.75290464939877
331.80853441746996 198.6358914106455
331.6859158484679 198.519236339358
331.5630513342336 198.40294298277752
331.43995351819115 198.2870148881457
331.3166350437653 198.171455602704
331.1931085543804 198.0562686736939
331.06938669346084 197.94145764835693
330.9454821044309 197.82702607393452
330.82140743071517 197.7129774976682
330.6971753157381 197.59931546679945
330.572798402924 197.4860435285698
330.4482893356974 197.37316523022076
330.3236607574825 197.2606841189937
330.198925311704 197.14860374213026
330.07409564178613 197.03692764687182
329.94918439115327 196.92565938045993
329.82420420323007 196.8148024901361
329.69916772144086 196.70436052314173
329.5740875892099 196.59433702671842
329.4489763862793 196.48473554810764
329.3238430803509 196.37555963455085
329.198691157391 196.26681283328952
329.0735236452254 196.15849869156523
328.94834357167923 196.05062075661937
328.8231539645782 195.94318257569353
328.69795785174784 195.83618769602916
328.57275826101346 195.72963966486773
328.44755822020073 195.62354202945073
328.3223607571352 195.51789833701966
328.19716889964224 195.41271213481608
328.0719856755474 195.30798697008143
327.9468141126763 195.2037263900572
327.8216572388543 195.09993394198486
327.6965180819068 194.99661317310594
327.5713996696596 194.89376763066198
327.446305029938 194.79140086189432
327.3212371905675 194.6895164140446
327.19619917937365 194.58811783435422
327.07119402418203 194.48720867006477
326.946224752818 194.38679246841767
326.82129439310717 194.28687277665446
326.696405972875 194.18745314201652
326.5715625199469 194.08853711174544
326.44676706214864 193.99012823308271
326.32202262730544 193.89223005326986
326.197332243243 193.7948461195483
326.0726989377867 193.69797997915958
325.9481257387621 193.60163517934515
325.8236156739947 193.50581526734652
325.69917177131003 193.4105237904052
325.57479705853353 193.31576429576262
325.4504945634906 193.2215403306603
325.32626731400705 193.12785544233986
325.20211833790813 193.0347131780426
325.0780506630195 192.94211708501012
324.9540673171665 192.85007071048395
324.83017132817474 192.75857760170544
324.7063657238697 192.6676413059162
324.5826535320769 192.57726537035774
324.4590377806219 192.4874533422714
324.33552149733003 192.39820876889885
324.212107710027 192.30953519748152
324.08879944653813 192.22143617526083
323.965599734689 192.13391524947835
323.84251160230514 192.0469759673756
323.719538077212 191.96062187619398
323.5966821872352 191.87485652317508
323.47394696020007 191.78968345556032
323.3513354239323 191.7051062205912
323.22885060625725 191.62112836550924
323.1064955350005 191.53775343755592
322.98427323798745 191.4549849839728
322.8621867430437 191.37282655200124
322.7402390779948 191.29128168888278
322.6184332706661 191.21035394185898
322.4967723488832 191.13004685817134
322.37525934047164 191.05036398506124
322.2538972732569 190.97130886977024
322.13268917506434 190.89288505953976
322.01163807371967 190.81509610161143
321.8907469970483 190.73794554322672
321.7700189728757 190.66143693162704
321.6494570290275 190.58557381405387
321.5290641933291 190.5103597377488
321.4088434936059 190.43579824995322
321.2887979576836 190.36189289790877
321.16893061338766 190.28864722885677
321.0492444885435 190.21606479003879
320.9297426109768 190.14414912869637
320.8104280085128 190.07290379207092
320.69130370897716 190.002332327404
320.57237274019536 189.932438281937
320.4536381299929 189.86322520291156
320.33510290619535 189.79469663756907
320.2167700966282 189.72685613315107
320.0986427291168 189.6597072368991
319.98072383148684 189.59325349605447
319.8630164315637 189.52749845785885
319.74552355717293 189.4624456695536
319.62824823614005 189.39809867838036
319.51119349629056 189.3344610315806
319.39436236545 189.27153627639566
319.2777578714437 189.20932796006713
319.16138304209744 189.14783962983657
319.0452409052365 189.08707483294538
318.92933448868644 189.02703711663509
318.8136668202728 188.9677300281472
318.69824092782096 188.90915711472314
318.58305983915665 188.85132192360447
318.4681265821053 188.79422800203272
318.35344418449216 188.73787889724926
318.23901567414316 188.68227815649573
318.12484407888337 188.6274293270134
318.0109324265387 188.57333595604405
317.8972837449343 188.52000159082894
317.7839010618959 188.4674297786097
317.6707874052491 188.41562406662777
317.5579458028189 188.36458800212458
317.4453792824315 188.31432513234176
317.3330908719118 188.2648390045207
317.2210835990857 188.21613316590296
317.10936049177843 188.16821116372998
316.9979245778156 188.12107654524326
316.8867788850228 188.0747328576843
316.77592644122547 188.0291836482946
316.66537027424914 187.9844324643157
316.5551134119192 187.94048285298896
316.4451588820612 187.897338361556
316.33550971250077 187.85500253725823
316.2261689310634 187.81347892733723
316.1171395655744 187.7727710790344
316.0084246438593 187.73288253959132
315.90002719374394 187.6938168562494
315.79195024305335 187.65557757625018
315.68419681961336 187.61816824683518
315.57676995124945 187.58159241524584
315.4696726657869 187.54585362872365
315.3629079910514 187.51095543451015
315.2564789548684 187.47690137984677
315.1503885850635 187.44369501197508
315.0446399094621 187.4113398781365
314.93923595588967 187.37983952557252
314.8341797521718 187.34919750152474
314.729474326134 187.31941735323454
314.6251227056017 187.29050262794348
314.5211279184004 187.26245687289298
314.4174929923557 187.2352836353246
314.31422095529297 187.20898646247983
314.21131483503785 187.18356890160013
314.10877765941575 187.15903449992703
314.00661245625224 187.13538680470197
313.90482225337286 187.1126293631665
313.80341007860295 187.09076572256203
313.70237895976817 187.06979943013016
313.6017319246939 187.04973403311232
313.5014720012057 187.03057307875
313.40160221712915 187.0123201142847
313.3021256002896 186.99497868695795
313.2030451785127 186.97855234401123
313.1043639796239 186.96304463268592
313.0060850314488 186.9484591002237
312.9082113618125 186.93479929386592
312.81074599854094 186.9220687608542
312.71369196945955 186.91027104842988
312.6170523023937 186.89940970383455
312.52083002516906 186.88948827430966
312.4250281656109 186.8805103070967
312.32964975154493 186.87247934943727
312.23469781079655 186.86539894857276
312.1401753711913 186.85927265174467
312.04608546055476 186.8541040061945
311.9524311067122 186.84989655916374
311.8592153374894 186.84665385789393
311.7664411807117 186.84437944962647
311.67411166420464 186.84307688160294
311.58222981579377 186.8427497010648
311.4907986633045 186.84340145525354
311.3998212345624 186.84503569141066
311.309300557393 186.84765595677763
311.21923965962173 186.85126579859596
311.12964156907407 186.85586876410719
311.0405093135756 186.86146840055272
310.9518459209519 186.8680682551741
310.8636544190282 186.8756718752128
310.7759378356304 186.88428280791038
310.68869919858355 186.89390460050822
310.60194153571354 186.9045408002479
310.5156678748457 186.91619495437087
310.4298812438055 186.92887061011868
310.34458467041856 186.94257131473273
310.2597811825102 186.9573006154545
310.1754738079062 186.9730620595257
310.09166557443194 186.98985919418755
310.00835950991274 187.00769556668175
309.92555864217434 187.0265747242496
309.8432659990421 187.04650021413275
309.7614846083416 187.06747558357264
309.68021749789835 187.0895043798108
309.5994676955378 187.11259015008864
309.51923822908554 187.13673644164768
309.439532126367 187.16194680172944
309.3603524152076 187.18822477757547
309.2817021234331 187.21557391642713
309.20358427886873 187.24399776552602
309.12600190934023 187.27349987211352
309.0489580426729 187.30408378343122
308.97245570669236 187.3357530467206
308.896497929224 187.36851120922316
308.8210877380934 187.40236181818042
308.7462281611263 187.43730842083374
308.67192222614773 187.47335456442468
308.5981729609835 187.5105037961948
308.524983393459 187.5487596633856
308.4523565514 187.58812571323847
308.3802954626316 187.6286054929949
308.30880315497944 187.6702025498965
308.2378826562692 187.71292043118464
308.16753699432616 187.75676268410092
308.09776919697606 187.80173285588674
308.02858229204423 187.84783449378367
307.9599793073561 187.8950711450331
307.8919632707374 187.94344635687668
307.8245372100134 187.99296367655577
307.75770415300985 188.04362665131188
307.691467127552 188.0954388283866
307.6258291614655 188.14840375502132
307.5607932825759 188.20252497845755
307.4963625187086 188.25780604593675
307.4325398976892 188.31425050470054
307.369328447343 188.3718619019903
307.30673119549573 188.43064378504752
307.24475116997274 188.49059970111378
307.18339139859967 188.5517331974305
307.122654909202 188.6140478212392
307.06254472960507 188.67754711978137
307.00306388763465 188.74223464029848
306.9442154111159 188.8081139300321
306.8860023278747 188.8751885362236
306.82842766573634 188.94346200611457
306.7714944525262 189.01293788694647
306.71520571607016 189.08361972596072
306.65956448419337 189.15551107039897
306.60457378472154 189.22861546750264
306.55023664548 189.30293646451318
306.4965560942945 189.3784776086721
306.44353515899024 189.45524244722094
306.39117686739297 189.53323452740113
306.33948424732813 189.6124573964542
306.28846032662113 189.69291460162168
306.2381081330976 189.77460969014496
306.18843069458296 189.85754620926562
306.1394310389027 189.94172770622512
306.09111219388245 190.02715772826497
306.0434771873476 190.11383982262663
305.9965290471236 190.20177753655162
305.95027080103614 190.29097441728138
305.9047054769106 190.3814340120575
305.85983610257244 190.47315986812146
305.81566570584727 190.56615553271462
305.7721973145605 190.66042455307868
305.7294339565378 190.7559704764549
305.68737865960446 190.85279685008496
305.6460344515861 190.9509072212103
305.60540436030817 191.05030513707234
305.56549141359625 191.1509941449127
305.5262986392758 191.2529777919727
305.4878290651723 191.35625962549406
305.4500857191113 191.46084319271807
305.41307162891826 191.56673204088634
