408.54031665045267 189.0345429925628
408.68790982392017 189.21641567440193
408.8287448384092 189.39276617500116
408.9628773143687 189.56363777746077
409.0903628722472 189.72907376488092
409.21125713249387 189.8891174203618
409.3256157155573 190.04381202700358
409.4334942418864 190.1932008679065
409.53494833192997 190.3373272261707
409.63003360613675 190.47623438489634
409.71880568495584 190.6099656271837
409.8013201888357 190.7385642361329
409.8776327382254 190.86207349484414
409.9477989535735 190.98053668641762
410.011874455329 191.09399709395345
410.06991486394077 191.20249800055197
410.1219757998575 191.30608268931323
410.1681128835282 191.4047944433375
410.2083817354014 191.49867654572495
410.2428379759261 191.58777227957572
410.27153722555107 191.67212492799007
410.29453510472524 191.75177777406816
410.31188723389727 191.82677410091011
410.323649233516 191.89715719161626
410.3298767240303 191.96297032928663
410.33062532588906 192.0242567970215
410.32595065954087 192.08105987792106
410.3159083454349 192.13342285508548
410.3005540040196 192.18138901161495
410.279943255744 192.22500163060965
410.254131721057 192.2643039951698
410.2231750204072 192.29933938839557
410.1871287742434 192.3301510933871
410.14604860301455 192.35678239324457
410.0999901271696 192.37927657106835
410.04900896715696 192.3976769099584
409.99316074342585 192.41202669301498
409.93250107642496 192.42236920333838
409.867085586603 192.42874772402865
409.79696989440896 192.43120553818605
409.72220962029155 192.42978592891075
409.64286038469953 192.42453217930293
409.5589778080818 192.41548757246278
409.4706175108873 192.4026953914905
409.3778351135648 192.38619891948636
409.2806862365629 192.3660414395504
409.1792265003305 192.34226623478284
409.0735115253165 192.31491658828398
408.96359693196985 192.28403578315385
408.8495383407391 192.24966710249277
408.7313913720731 192.21185382940078
408.609211646421 192.17063924697825
408.4830547842312 192.12606663832523
408.35297640595263 192.07817928654197
408.2190321320344 192.02702047472866
408.0812775829249 191.97263348598548
407.93976837907326 191.91506160341262
407.79456014092807 191.85434811011018
407.64570848893817 191.79053628917842
407.49326904355274 191.72366942371764
407.33729742522024 191.65379079682788
407.1778492543895 191.58094369160932
407.0149801515094 191.50517139116218
406.84874573555584 191.42651723853723
406.6792011223812 191.3450450533819
406.50640019283 191.26086891889253
406.33039664169394 191.1741104904095
406.15124416376517 191.08489142327315
405.96899645383564 190.9933333728239
405.78370720669716 190.89955799440207
405.59543011714163 190.80368694334794
405.4042188799611 190.705841875002
405.2101271899474 190.60614444470448
405.01320874189247 190.50471630779583
404.8135172305882 190.40167911961635
404.6111063508267 190.29715453550645
404.40602979739975 190.19126421080645
404.1983412650992 190.08412980085666
403.9880944487171 189.9758729609975
403.7753430430453 189.86661534656932
403.5601407428759 189.7564786129125
403.3425412430006 189.6455844153673
403.12259823821137 189.53405440927415
402.9003654233003 189.42201024997343
402.67589649305916 189.30957359280544
402.44924514227995 189.19686609311057
402.22046506575447 189.0840094062291
401.98960995827474 188.97112518750149
401.75673351463286 188.85833509226808
401.5218894296205 188.74576077586914
401.28513139802965 188.63352389364516
401.0465131146522 188.52174610093633
400.80608827428017 188.41054905308317
400.56391057170555 188.30005440542595
400.3200337017199 188.19038381330498
400.07451135911566 188.08165893206075
399.82739723868445 187.9740014170335
399.5787450352182 187.8675329235636
399.32860844350904 187.7623751069915
399.0770411583485 187.6586496226574
398.8240968745289 187.5564781259018
398.569829286842 187.45598227206497
398.3142920900798 187.35728371648733
398.05753897903406 187.26050411450922
397.7996236484969 187.1657651214709
397.54059979326007 187.07318839271286
397.2805211081157 186.98289558357538
397.0194412878555 186.89500834939884
396.75741402727164 186.80964834552358
396.49449302115585 186.72693722729
396.23073196430005 186.6469966500384
395.9661845514962 186.56994826910912
395.7009044775363 186.49591373984262
395.43494543721226 186.42501471757913
395.1683611253161 186.35737285765913
394.90120523663944 186.29310981542287
394.63353146597444 186.23234724621074
394.365393508113 186.17520680536313
394.096845057847 186.12181014822033
393.82793980996837 186.0722789301228
393.55873145926904 186.02673480641076
393.28927370054106 185.98529943242468
393.0196202285761 185.94809446350487
392.74982473816635 185.91524155499167
392.4799409241036 185.8868623622255
392.2100224811797 185.86307854054658
391.94012295216976 185.8440107656434
391.6702866953508 185.82972052500745
391.40054379640816 185.82017732843119
391.1309231089872 185.81534274600008
390.8614534867333 185.81517834779967
390.5921637832917 185.8196457039154
390.323082852308 185.82870638443273
390.0542395474274 185.84232195943724
389.7856627222953 185.86045399901442
389.5173812305571 185.8830640732497
389.2494239258581 185.91011375222863
388.9818196618439 185.94156460603674
388.7145972921596 185.97737820475942
388.4477856704507 186.01751611848226
388.1814136503626 186.06193991729072
387.9155100855405 186.1106111712703
387.6501038296299 186.1634914505065
387.3852237362762 186.22054232508484
387.12089865912475 186.2817253650907
386.85715745182097 186.3470021406098
386.59402896801 186.41633422172737
386.3315420613375 186.48968317852908
386.0697255854486 186.56701058110048
385.8086083939889 186.64827799952684
385.5482193406035 186.73344700389387
385.28858727893817 186.822479164287
385.02974106263787 186.91533605079167
384.77170954534813 187.01197923349338
384.51452158071436 187.11237028247774
384.2582060223819 187.21647076783015
384.00279172399615 187.32424225963612
383.74830753920236 187.43564632798112
383.4947823216461 187.55064454295075
383.2422449249727 187.66919847463043
382.99072420282727 187.79126969310565
382.7402490088555 187.9168197684619
382.4908481967026 188.04581027078467
382.2425506200141 188.17820277015954
381.995385132435 188.31395883667196
381.7493805876111 188.4530400404074
381.5045658391875 188.59540795145134
381.26096974080986 188.74102413988936
381.0186211461231 188.88985017580688
380.7775489087729 189.0418476292894
380.5377818824047 189.1969780704225
380.2993489206636 189.35520306929155
380.0622788771953 189.5164841959822
379.8266006056449 189.6807830205798
379.5923429596578 189.84806111316993
379.3595347928794 190.01828004383808
379.1282049589553 190.19140138266965
378.8983823115305 190.3673866997503
378.6700957042505 190.54619756516536
378.4433739907609 190.7277955490005
378.21824602470673 190.912142221341
377.99474065973357 191.09919915227263
377.77288674948676 191.28892791188065
377.55271314761154 191.48129007025065
377.33424870775355 191.67624719746817
377.1175222835579 191.87376086361863
376.90256272867015 192.07379263878755
376.68939889673544 192.27630409306045
376.4780596413994 192.48125679652276
376.2685738163072 192.68861231926007
376.0609702751043 192.8983322313578
375.855277871436 193.1103781029015
375.65152545894796 193.32471150397663
375.4497418912851 193.54129400466874
375.2499560220931 193.76008717506326
375.0521967050172 193.98105258524566
374.856492793703 194.20415180530156
374.66287314179556 194.4293464053164
374.47136660294035 194.65659795537564
374.28200203078285 194.88586802556478
374.0948082789683 195.1171181859693
373.9098142011421 195.35031000667482
373.7270486509497 195.5854050577667
373.5465404820364 195.82236490933047
373.36831854804757 196.06115113145168
373.19241170262865 196.30172529421577
373.0188487994249 196.54404896770825
372.84765869208184 196.78808372201465
372.67887023424464 197.03379112722038
372.5125122795588 197.28113275341107
372.34861368166963 197.53007017067208
372.1872032942227 197.780564949089
372.0283099708632 198.0325786587473
371.87196256523646 198.28607286973244
371.71818993098793 198.54100915213
371.56702092176283 198.79734907602534
371.4184843912069 199.0550542115041
371.27260919296526 199.31408612865172
371.1294241806832 199.57440639755367
370.9889582080061 199.8359765882955
370.85124012857955 200.09875827096263
370.71629879604876 200.36271301564065
370.5841630640593 200.62780239241502
370.45486178625606 200.89398797137116
370.3284238162849 201.1612313225947
370.2048780077911 201.42949401617102
370.0842532144199 201.69873762218572
369.9665782898166 201.9689237107242
369.8518820876268 202.240013851872
369.7401934614956 202.51196961571463
369.6315412650687 202.78475257233757
369.5259543519913 203.05832429182632
369.4234615759086 203.33264634426638
369.3240917904663 203.60768029974324
369.2278738493097 203.88338772834243
369.1348366060839 204.1597302001493
369.04500891443456 204.43666928524956
368.95841962800694 204.71416655372857
368.87509760044634 204.9921835756719
368.7950716853983 205.270681921165
368.7183707365081 205.54962316029338
368.6450236074211 205.82896886314253
368.5750591517827 206.10868059979796
368.50850622323816 206.38871994034514
368.445393675433 206.66904845486954
368.3857503620126 206.94962771345672
368.32960513662215 207.23041928619224
368.27698685290716 207.51138474316147
368.227924364513 207.79248565444993
368.1824465250851 208.07368359014313
368.14058218826864 208.35494012032655
368.10236020770924 208.63621681508576
368.06780943705195 208.9174752445062
368.0369540906053 209.1986773277441
368.0097841014295 209.47978756332898
367.98627404011256 209.7607716056857
367.96639840483175 210.0415951146878
367.9501316937642 210.32222375020862
367.93744840508685 210.60262317212164
367.928323036977 210.88275904030024
367.9227300876116 211.16259701461777
367.92064405516766 211.44210275494765
367.92203943782255 211.72124192116337
367.9268907337531 211.99998017313814
367.9351724411365 212.27828317074557
367.94685905815 212.55611657385896
367.9619250829705 212.8334460423517
367.98034501377504 213.11023723609722
368.00209334874086 213.386455814969
368.0271445860451 213.66206743884027
368.0554732238646 213.9370377675845
368.0870537603768 214.2113324610752
368.1218606937586 214.48491717918563
368.1598685221871 214.75775758178932
368.2010517438393 215.02981932875952
368.2453848568925 215.30106807996978
368.2928423595236 215.57146949529334
368.34339874990985 215.8409892346038
368.3970285262284 216.1095929577744
368.453706186656 216.37724632467868
368.51340622937005 216.6439149951899
368.57610315254766 216.90956462918157
368.6417714543657 217.17416088652695
368.7103856330015 217.4376694270997
368.781920186632 217.70005591077296
368.8563496134344 217.96128599742036
368.93364841158575 218.22132534691505
369.013791079263 218.48013961913057
369.0967521146435 218.73769447394034
369.18250601590427 218.99395557121773
369.2710272812222 219.24888857083613
369.3622904087746 219.50245913266903
369.45626989673843 219.7546329165897
369.552940243291 220.00537558247163
369.65227594660917 220.25465279018817
369.7542515048702 220.5024301996128
369.8588414162511 220.74867347061883
369.9660201789289 220.99334826307972
370.07576229108093 221.23642023686887
370.18804225088405 221.47785505185965
370.3028345565154 221.71761836792547
370.4201137061521 221.9556758449398
370.53985419797124 222.1919931427759
370.66203053014993 222.4265359213073
370.78661720086524 222.6592698404074
370.9135887082943 222.8901605599495
371.04291955061433 223.11917373980708
371.174584226002 223.34627503985357
371.30855723263494 223.5714301199623
371.44481306869 223.79460464000664
371.58332623234406 224.01576425986013
371.7240712217745 224.23487463939605
371.8670225351584 224.45190143848794
372.0121546706727 224.666810317009
372.1594421264947 224.8795669348328
372.3088594008013 225.0901369518327
372.4603809917696 225.2984860278821
372.6139813975769 225.50457982285428
372.7696351164 225.7083839966228
372.92731664641633 225.90986420906106
373.0870004858027 226.10898612004237
373.24866113273634 226.30571538944017
373.4122730853944 226.50001767712794
373.57781084195375 226.6918586429789
373.7452489005918 226.88120394686666
373.9145617594853 227.06801924866454
374.0857239168116 227.25227020824587
374.2587098707477 227.4339224854841
374.4334941194707 227.6129417402527
374.6100511611577 227.78929363242494
374.78835549398576 227.9629438218744
374.96838161613204 228.13385796847427
375.15010402577366 228.30200173209818
375.33349722108755 228.4673407726193
375.51853570025094 228.6298407499112
375.7051939614409 228.7894673238473
375.8934465028345 228.94618615430085
376.0832678226089 229.09996290114535
376.2746324189412 229.25076322425417
376.46751479000835 229.39855278350075
376.66188943398754 229.54329723875844
376.857730849056 229.6849622499007
377.05501353339054 229.82351347680088
377.2537119851684 229.95891657933245
377.4538007025667 230.09113721736875
377.65525418376257 230.2201410507832
377.85804692693296 230.3458937394492
378.062153430255 230.4683609432401
378.2675481919059 230.58750832202946
378.47420571006285 230.70330153569054
378.68210048290257 230.8157062440968
378.89120700860246 230.92468810712154
379.1014997853395 231.03021278463834
379.3129533112908 231.1322459365205
379.5255420846335 231.2307532226414
379.7392406035446 231.32570030287445
379.9540233662012 231.41705283709314
380.16986487078066 231.5047764851708
380.3867396154596 231.5888369069808
380.60462209841546 231.66919976239657
380.82348681782526 231.7458307112916
381.04330827186607 231.81869541353916
381.26406095871505 231.8877595290127
381.4857193765492 231.95298871758573
381.7082580235456 232.0143486391314
381.9316513978816 232.07180495352335
382.1558739977338 232.12532332063495
382.38090032127974 232.17486940033947
382.6067048666964 232.22040885251045
382.83326213216077 232.2619073370212
383.06054661584994 232.2993305137452
383.28853281594115 232.33264404255573
383.5171952306115 232.3618135833263
383.746508358038 232.38680479593032
383.97644669639766 232.4075833402411
384.2069847438676 232.42411487613214
384.43809699862504 232.43636506347679
384.66975795884713 232.44429956214847
384.90194212271075 232.44788406283027
385.134623988393 232.44710339791067
385.3677780540712 232.4419941596308
385.6013788179223 232.43260160284737
385.8354007781233 232.41897098241748
386.06981843285155 232.4011475531977
386.30460628028385 232.379176570045
386.5397388185974 232.35310328781625
386.77519054596956 232.32297296136827
387.01093596057706 232.28883084555795
387.24694956059705 232.250722195242
387.48320584420685 232.20869226527745
387.71967930958334 232.16278631052106
387.9563444549036 232.11304958582966
388.1931757783449 232.05952734606026
388.4301477780843 232.00226484606944
388.6672349522987 231.94130734071416
388.9044117991655 231.87670008485134
389.14165281686144 231.80848833333783
389.378932503564 231.7367173410304
389.6162253574499 231.66143236278597
389.85350587669643 231.58267865346127
390.0907485594808 231.5005014679133
390.3279279039798 231.4149460609988
390.56501840837075 231.32605768757472
390.8019945708307 231.23388160249783
391.0388308895368 231.13846306062496
391.2755018626659 231.03984731681305
391.51198198839546 230.9380796259189
391.7482457649022 230.83320524279932
391.98426769036365 230.72526942231116
392.2200222629564 230.61431741931136
392.45548398085793 230.5003944886567
392.69062734224514 230.383545885204
392.92542684529525 230.26381686381023
393.15985698818525 230.1412526793321
393.3938922690923 230.01589858662658
393.6275071861934 229.8877998405504
393.8606762376658 229.75700169596047
394.09337392168646 229.62354940771368
394.3255747364325 229.48748823066683
394.5572531800812 229.34886341967666
394.7883837508093 229.2077202296003
395.01894094679415 229.06410391529442
395.2488992662127 228.91805973161578
395.4782332072423 228.76963293342135
395.70691726805984 228.61886877556802
395.9349259468423 228.4658125129126
396.16223374176695 228.31050940031187
396.38881515101093 228.15300469262266
396.6146446727511 227.99334364470198
396.839696805165 227.83157151140662
397.0639460464292 227.66773354759334
397.2873668947212 227.50187500811901
397.5099338482177 227.3340411478406
397.7316214050962 227.16427722161484
397.9524040635336 226.9926284842986
398.1722563217069 226.81914019074867
398.3911526777934 226.6438575958221
398.60906762997 226.46682595437557
398.82597567641403 226.28809052126599
399.04185131530227 226.1076965513501
399.2566690448122 225.92568929948493
399.4704033631206 225.74211402052714
399.68302876840465 225.5570159693338
399.8945197588415 225.37044040076154
400.1048508326081 225.18243256966736
400.31399648788187 224.99303773090801
400.5219312228395 224.80230113934041
400.7286295356583 224.61026804982134
400.9340659245154 224.41698371720776
401.1382148875878 224.2224933963564
401.3410509230526 224.02684234212424
401.54254852908696 223.8300758093679
401.7426822038679 223.6322390529445
401.9414264455725 223.43337732771073
402.1387557523779 223.23353588852348
402.33464462246127 223.03275999023955
402.5290675539996 222.83109488771592
402.72199904517004 222.6285858358093
402.9134135941497 222.42527808937655
403.1032856991156 222.22121690327464
403.2915898582449 222.01644753236027
403.4783005697145 221.81101523149042
403.66339233170186 221.6049652555219
403.84683964238377 221.3983428593115
404.0286169999374 221.19119329771604
404.20869890253994 220.9835618255925
404.3870598483683 220.77549369779777
404.5636743355998 220.56703416918842
404.7385168624114 220.3582284946215
404.91156192698014 220.14912192895392
405.0827840274833 219.93975972704243
405.25215766209794 219.73018714374385
405.41965732900087 219.52044943391502
405.58525752636956 219.31059185241298
405.74893275238077 219.10065965409436
405.91065750521193 218.89069809381604
406.07040628304 218.68075242643502
406.22815358404193 218.47086790680794
406.38387390639485 218.26108978979187
406.5375417482761 218.05146333024348
406.6891316078626 217.84203378301967
406.83861798333135 217.6328464029773
406.98597537285957 217.4239464449732
407.13117827462435 217.21537916386433
407.2742011868028 217.0071898145074
407.41501860757194 216.79942365175933
407.55360503510894 216.59212593047687
407.6899349675909 216.38534190551704
407.82398290319463 216.17911683173654
407.9557233400977 215.97349596399235
408.08513077647694 215.76852455714118
408.2121797105094 215.56424786603998
408.33684464037225 215.3607111455455
408.45910006424276 215.15795965051475
408.57892048029765 214.9560386358044
408.69628038671425 214.75499335627143
408.81115428166964 214.5548690667726
408.923516663341 214.35571102216483
409.03334202990516 214.15756447730493
409.1406048833985 213.9604746833577
409.2452904804488 213.7644766024024
409.34741832359117 213.569572432924
409.44701471675774 213.37575786640534
409.5441059638805 213.18302859432922
409.6387183688911 212.9913803081785
409.7308782357216 212.8008086994359
409.82061186830384 212.6113094595843
409.9079455705699 212.42287828010652
409.99290564645133 212.23551085248516
410.0755183998804 212.04920286820322
410.1558101347889 211.86395001874354
410.2338071551088 211.67974799558877
410.30953576477197 211.49659249022173
410.3830222677102 211.31447919412525
410.45429296785557 211.13340379878227
410.52337416913997 210.95336199567544
410.59029217549516 210.7743494762875
410.6550732908533 210.59636193210142
410.7177438191461 210.41939505459993
410.7783300643056 210.24344453526587
410.8368583302635 210.06850606558194
410.89335492095205 209.894575337031
410.9478461403029 209.7216480410959
411.00035829224794 209.54971986925938
411.05091768071935 209.37878651300431
411.0995506096488 209.20884366381344
411.14628338296836 209.03988701316956
411.19114230460974 208.8719122525555
411.23415367850504 208.7049150734541
411.27534380858606 208.53889116734803
411.3147389987847 208.37383622572028
411.3523655530331 208.20974594005355
411.3882497752629 208.04661600183059
411.422417969406 207.88444210253422
411.45489643939453 207.72321993364739
411.48571148916045 207.5629451866527
411.5148894226353 207.40361355303315
411.54245654375126 207.24522072427138
411.5684391564403 207.08776239185028
411.5928635646341 206.9312342472526
411.61575607226484 206.7756319819612
411.63714298326414 206.6209512874588
411.6570506015641 206.4671878552283
411.6755052310967 206.31433737675246
411.6925331757936 206.16239554351407
411.7081607395871 206.0113580469959
411.7224142264085 205.86122057868081
411.73531994019027 205.71197883005163
411.74690418486415 205.56362849259114
411.7571932643621 205.4161652577821
411.76621348261585 205.2695848171073
411.7739911435575 205.12388286204956
411.7805525511189 204.97905508409178
411.7859240092319 204.83509717471662
411.79013182182854 204.6920048254069
411.79320229284065 204.54977372764563
411.79516172620015 204.40839957291539
411.7960364258389 204.267878052699
411.79585269568895 204.1282048584793
411.7946368396821 203.98937568173915
411.7924151617503 203.8513862139613
411.78921396582535 203.71423214662852
411.78505955583944 203.57790917122364
411.7799782357241 203.44241297922952
411.7739963094116 203.30773926212888
411.7671400808337 203.17388371140453
411.75943585392235 203.0408420185393
411.7509099326093 202.90860987501603
411.74158862082663 202.77718297231743
411.7314982225062 202.64655700192645
411.72066504158016 202.51672765532572
411.7091153819799 202.38769062399817
411.69687554763783 202.25944159942645
411.68397184248545 202.13197627309358
411.67043057045504 202.00529033648223
411.65627803547835 201.8793794810752
411.6415405414872 201.7542393983553
411.62624439241375 201.62986577980539
411.6104158921897 201.50625431690818
411.594081344747 201.38340070114657
411.5772670540176 201.2613006240033
411.5599993239335 201.13994977696123
411.54230445842626 201.01934385150304
411.52420876142827 200.89947853911167
411.50573853687115 200.78034953126985
411.48692008868676 200.66195251946039
411.4677797208073 200.5442831951661
411.44834373716446 200.42733724986977
411.42863844169017 200.31111037505423
411.4086901383164 200.19559826220228
411.3885251309751 200.0807966027967
411.368169723598 199.96670108832024
411.34765022011726 199.85330741025587
411.3269929244646 199.7406112600863
411.30622414057194 199.62860832929425
411.2853701723713 199.5172943093626
411.26445732379455 199.40666489177417
411.24351189877365 199.29671576801178
411.22256020124047 199.18744262955815
411.20162853512676 199.07884116789612
411.18074320436466 198.9709070745085
411.15993051288604 198.8636360408781
411.13921676462274 198.75702375848766
411.1186282635067 198.6510659188201
411.0981913134699 198.5457582133582
411.0779322184441 198.44109633358465
411.05787728236135 198.33707597098228
411.03805280915356 198.23369281703398
411.0184851027525 198.13094256322256
410.99920046709036 198.02882090103077
410.9802252060987 197.92732352194133
410.96158562370965 197.82644611743717
410.943308023855 197.7261843790011
410.92541871046683 197.62653399811583
410.90794398747704 197.52749066626419
410.89091015881746 197.429050074929
410.87434352841984 197.33120791559307
410.8582704002164 197.23395987973922
410.8427170781389 197.1373016588502
410.8277098661192 197.04122894440883
410.8132750680893 196.94573742789788
410.79943898798103 196.85082280080024
410.78622792972646 196.75648075459867
410.7736681972574 196.662706980776
410.76178609450574 196.56949717081497
410.7506079254033 196.47684701619843
410.7401589944618 196.38475821883466
410.7304457651671 196.2933457888682
410.72145791045966 196.20282571327894
410.7131845156633 196.11341751292358
410.70561466610127 196.0253407086587
410.69873744709696 195.93881482134105
410.69254194397405 195.85405937182736
410.68701724205584 195.77129388097435
410.68215242666565 195.69073786963867
410.6779365831272 195.61261085867702
410.6743587967637 195.53713236894612
410.67140815289883 195.4645219213026
410.66907373685586 195.3949990366033
410.66734463395824 195.32878323570483
410.66620992952954 195.26609403946384
410.66565870889326 195.20715096873707
410.66568005737264 195.15217354438124
410.6662630602912 195.10138128725305
410.6673968029725 195.05499371820915
410.6690703707398 195.01323035810623
410.6712728489167 194.9763107278011
410.6739933228265 194.94445434815034
410.67722087779305 194.91788074001073
410.6809445991393 194.89680942423894
410.685153572189 194.88145992169166
410.6898368822654 194.8720517532255
410.69498361469215 194.8688044396973
410.7005828547926 194.87193750196374
410.7066236878901 194.88167046088142
410.7130951993083 194.89822283730715
410.71998647437056 194.92181415209757
410.7272865984003 194.95266024752647
410.7349846567211 194.99093947607062
410.7430697346563 195.03680829263692
410.75153091752924 195.09042287749713
410.7603572906636 195.1519394109227
410.76953793938264 195.2215140731853
410.7790619490099 195.2993030445565
410.78891840486887 195.385462505308
410.7990963922828 195.4801486357113
410.80958499657544 195.58351761603797
410.8203733030701 195.69572562655966
410.83145039709024 195.81692884754807
410.8428053639591 195.94728345927473
410.8544272890005 196.08694564201116
410.86630525753765 196.23607157602902
410.87842835489414 196.39481744159997
410.8907856663931 196.56333941899558
410.90336627735843 196.7417936884874
410.91615927311335 196.93033643034704
410.9291537389813 197.1291238248462
410.9423387602857 197.3383120522564
410.95570342235015 197.55805729284918
410.96923681049805 197.7885157268963
410.98292801005266 198.02984353466925
410.99676610633765 198.2821968964397
411.01074018467637 198.54573199247923
411.0248393303924 198.8206050030593
411.03905262880903 199.1069721084518
411.05336916524976 199.40498948892812
411.0677780250381 199.7148133247599
411.08226829349735 200.03659979621872
411.0968290559511 200.37049335504128
411.1114493977228 200.71644434262382
411.12611840413575 201.07424354050414
411.1408251605136 201.44367699510983
411.1555587521797 201.82453075286836
411.17030826445756 202.2165908602071
411.18506278267046 202.6196433635535
411.1998113921421 203.03347430933502
411.21454317819575 203.4578697439793
411.2292472261549 203.89261571391364
411.24391262134293 204.33749826556544
411.25852844908354 204.79230344536225
411.27308379469986 205.2568172997316
411.2875677435156 205.73082587510092
411.301969380854 206.21411521789747
411.31627779203853 206.70647137454887
411.330482062393 207.20768039148268
411.3445712772402 207.71752831512632
411.35853452190435 208.23580119190711
411.3723608817083 208.76228506825254
411.3860394419757 209.29676599059
411.39955928803005 209.83903000534727
411.4129095051948 210.38886315895158
411.4260791787933 210.9460514978303
411.4390573941492 211.51038106841096
411.45183323658557 212.08163791712124
411.4643957914262 212.6596080903884
411.4767341439945 213.2440776346398
411.4888373796138 213.83483259630302
411.50069458360764 214.43165902180567
411.5122948412995 215.034342957575
411.52362723801264 215.6426704500385
411.5346808590707 216.2564275456236
411.545444789797 216.875400290758
411.55590811551525 217.49937473186895
411.56605992154846 218.12813691538375
411.5758892932204 218.76147288773012
411.5853853158545 219.39916869533556
411.5945370747743 220.04101038462747
411.6033336553029 220.68678400203308
411.61176414276395 221.33627559398
411.61981762248104 221.98927120689592
411.62748317977747 222.64555688720813
411.6347498999766 223.3049186813438
411.64160686840205 223.96714263573074
411.6480431703773 224.63201479679643
411.6540478912257 225.29932121096826
411.65961011627047 225.96884792467344
411.6647189308355 226.64038098433969
411.66936342024405 227.31370643639457
411.6735326698195 227.9886103272654
411.6772157648854 228.6648787033794
411.68040179076513 229.34229761116433
411.68307983278214 230.02065309704776
411.68523897626 230.69973120745686
411.68686830652194 231.37931798881914
411.6879569088916 232.05919948756207
411.68849386869243 232.73916175011337
411.6884682712477 233.4189908229003
411.687869201881 234.09847275235023
411.68668574591584 234.7773935848906
411.68490698867555 235.45553936694887
411.68252201548364 236.1326961449529
411.6795199016635 236.808652630004
411.6758894325042 237.48327481771827
411.67161906537774 238.15651608266282
411.666697240044 238.82833449250833
411.66111239626275 239.49868811492527
411.6548529737937 240.16753501758402
411.64790741239665 240.8348332681552
411.6402641518313 241.50054093430973
411.63191163185735 242.164616083718
411.6228382922348 242.8270167840502
411.6130325727232 243.4877011029773
411.60248291308244 244.14662710816995
411.59117775307215 244.8037528672986
411.5791055324522 245.45903644803363
411.56625469098236 246.11243591804578
411.55261366842234 246.76390934500577
411.5381709045319 247.41341479658405
411.5229148390708 248.060910340451
411.50683391179876 248.70635404427733
411.4899165624757 249.3497039757338
411.4721512308612 249.99091820249092
411.4535263567152 250.62995479221888
411.4340303797973 251.26677181258864
411.4136517398674 251.9013273312708
411.39237887668514 252.53357941593583
411.3702002300104 253.16348613425413
411.34710423960274 253.7910055538964
411.3230793452222 254.41609574253346
411.2981139866283 255.0387147678356
411.27219660358094 255.65882069747335
411.24531563583986 256.27637159911734
411.21745952316485 256.89132554043846
411.18861670531555 257.5036405891069
411.15877562205173 258.11327481279324
411.1279247131334 258.7201862791682
411.09605241832 259.32433305590246
411.0631471773715 259.9256732106664
411.0291974300477 260.5241648111305
410.99419161610814 261.11976592496546
410.9581181753127 261.71243461984216
410.9209655474212 262.30212896343073
410.8827221721934 262.888807023402
410.8433764893889 263.47242686742624
410.80291693876757 264.05294656317426
410.7613319600893 264.63032417831676
410.7186099931136 265.2045177805241
410.6747394776005 265.7754854374668
410.62970885330947 266.3431852168155
410.5835065600005 266.907575186241
410.53612103743336 267.46861341341366
410.4875407253676 268.026257966004
410.4377540635632 268.5804669116826
410.3867494917798 269.13119831812025
410.33451544977714 269.6784102529874
410.2810403773151 270.2220607839545
410.2263127141533 270.76210797869214
410.1703209000517 271.2985099048712
410.11305337476995 271.83122463016196
410.0544985780677 272.36021022223497
409.99464494970493 272.8854247487609
409.9334809294411 273.4068262774104
409.8709949570364 273.92437287585403
409.80717547225026 274.4380237002504
409.7420109148426 274.9477649487909
409.67548972457297 275.45361102593296
409.6076003412014 275.95557765759884
409.5383312044874 276.4536805697107
409.46767075419103 276.9479354881906
409.39560743007183 277.43835813896106
409.3221296718897 277.92496424794433
409.24722591940423 278.40776954106224
409.1708846123753 278.8867897442372
409.0930941905627 279.36204058339155
409.013843093726 279.8335377844475
408.93311976162516 280.30129707332696
408.85091263402 280.7653341759524
408.76721015067005 281.2256648182461
408.6820007513351 281.6823047261301
408.5952728757752 282.13526962552663
408.5070149637499 282.58457524235786
408.41721545501895 283.0302373025462
408.325862789342 283.4722715320139
408.2329454064791 283.9106936566829
408.1384517461898 284.34551940247553
408.0423702482339 284.776764495314
407.94468935237126 285.20444466112053
407.8453974983615 285.6285756258176
407.7444831259645 286.0491731153268
407.64193467494 286.4662528555709
407.5377405850477 286.8798305724719
407.4318892960474 287.28992199195216
407.3243692476988 287.6965428399336
407.21516887976185 288.0997088423387
407.1042766319962 288.49943572508965
406.9916809441615 288.89573921410863
406.87737025601757 289.28863503531767
406.7613330073243 289.6781389146392
406.64355763784135 290.06426657799545
406.52403258732846 290.4470337513085
406.40274629554546 290.8264561605007
406.27968720225203 291.202549531494
406.1548437472081 291.575329590211
406.0282043701731 291.94481206257376
405.8997575109073 292.31101267450424
405.76949160916996 292.67394715192495
405.63739510472107 293.03363122075814
405.5034564373205 293.39008060692584
405.3676640467278 293.7433110363503
405.2300063727027 294.09333823495376
405.0904718550052 294.44017792865844
404.94904893339503 294.78384584338676
404.80572604763177 295.12435770506045
404.6604916374753 295.46172923960205
404.51333414268527 295.7959761729339
404.3642420030216 296.12711423097795
404.213203658244 296.4551591396565
404.0602075481123 296.7801266248917
403.905242112386 297.1020324126059
403.74829579082507 297.42089222872136
403.58935702318934 297.73672179916
403.4284142492385 298.0495368498443
403.2654559087322 298.35935310669646
403.1004704414303 298.66618629563857
402.9334462870925 298.97005214259286
402.7643718854787 299.2709663734817
402.5932356763485 299.5689447142271
402.4200271673152 299.8639997896566
402.24474414037314 300.15612019541743
402.0673882411724 300.44528330692594
401.8879611371683 300.73146643627416
401.70646449581614 301.0146468955543
401.52289998457144 301.2948019968582
401.33726927088964 301.57190905227793
401.1495740222261 301.8459453739057
400.95981590603617 302.11688827383347
400.76799658977535 302.3847150641535
400.57411774089906 302.64940305695757
400.37818102686253 302.9109295643379
400.1801881151213 303.1692718983865
399.98014067313085 303.4244073711957
399.7780403683465 303.67631329485704
399.5738888682236 303.92496698146294
399.3676878402177 304.17034574310543
399.159438951784 304.4124268918766
398.9491438703781 304.65118773986836
398.73680426345544 304.88660559917287
398.5224217984712 305.1186577818823
398.3059981428809 305.34732160008855
398.0875349641401 305.5725743658837
397.8670339297039 305.79439339135996
397.64449670702794 306.0127559886093
397.41992496356755 306.22763946972367
397.1933203667781 306.43902114679526
396.96468458411516 306.64687833191624
396.73401928303394 306.85118833717837
396.5013261309898 307.05192847467407
396.2666067954385 307.24907605649514
396.0298629438352 307.44260839473367
395.79109624363514 307.63250280148196
395.55030836229395 307.81873658883177
395.30750096726723 308.0012870688754
395.06267572601 308.18013155370477
394.8158343059778 308.35524735541196
394.56697837462605 308.52661178608906
394.31610959941025 308.69420215782816
394.06322964778576 308.8579957827213
393.8083401872077 309.01796997286056
393.5514428851319 309.17410204033797
393.2925394090136 309.3263692972457
393.03163142630814 309.47474905567566
392.7687206044711 309.6192186277199
392.50380861095766 309.7597553254706
392.23689711322345 309.8963364610199
391.9679877787236 310.0289393464597
391.6970822749139 310.15754129388205
391.4241822692494 310.2821196153792
391.1492894291856 310.4026516230431
390.8724054221781 310.5191146289657
390.59353191568215 310.63148594523926
390.3126705771531 310.7397428839558
390.02982307404636 310.84386275720726
389.74499107381746 310.94382287708584
389.4581762439218 311.03960055568353
389.16938025181474 311.13117310509244
388.8786047649516 311.2185178374046
388.58585145078797 311.3016120647121
388.29112197677915 311.38043309910705
387.99441801038046 311.45495825268137
387.69574121904736 311.5251648375273
387.39509327023535 311.59103016573675
387.0924758313999 311.65253154940183
386.7878905699961 311.70964630061474
386.48133915347967 311.7623517314674
386.1728232493059 311.8106251540519
385.8623445249303 311.8544438804603
385.54990464780803 311.89378522278463
385.2355052853947 311.928626493117
384.9191481051456 311.95894500354956
384.6008347745164 311.98471806617425
384.280566960962 312.0059229930831
383.9583463319382 312.02253709636835
383.6341745549005 312.03453768812193
383.308053297304 312.0419020804359
382.9799842266042 312.0446075854024
382.64996901025654 312.0426315151135
382.31800931571644 312.0359511816611
381.9841068104393 312.02454389713745
381.6482631618806 312.0083869736346
381.31048003749555 311.9874577232445
380.97075910473967 311.96173345805926
380.6291020310683 311.931191490171
380.28551048393706 311.8958091316717
379.9399861308012 311.85556369465354
379.5925306391161 311.8104324912085
379.2431456763372 311.7603928334286
378.89183290991997 311.705422033406
378.5385940073197 311.6454974032328
378.18343063599184 311.5805962550009
377.8263444633918 311.5106959008025
377.4673371569752 311.43577365272967
377.106410384197 311.35580682287434
376.7435658125129 311.27077272332866
376.3788051093784 311.18064866618477
376.01212994224863 311.0854119635346
375.6435419785791 310.98503992747027
375.2730428858253 310.8795098700839
374.9006343314427 310.7687991034675
374.5263179828865 310.6528849397131
374.15009550761215 310.53174469091283
373.7719685730751 310.4053556691587
373.39193884673085 310.2736951865428
373.01000799603474 310.13674055515725
372.62617768844217 309.99446908709405
372.2404495914083 309.84685809444517
371.85282537238896 309.69388488930286
371.46330669883946 309.53552678375917
371.07189523821495 309.371761089906
370.678592657971 309.2025651198355
370.28340062556316 309.02791618563987
369.8863208084466 308.847791599411
369.48735487407686 308.66216867324096
369.0865044899092 308.4710247192219
368.6837713233992 308.27433704944576
368.2791570420023 308.07208297600476
367.87266331317363 307.8642398109909
367.4642918043688 307.65078486649617
367.0540441830433 307.43169545461274
366.6419221166525 307.20694888743276
366.2279272726515 306.97652247704804
