241.76649502057893 200.14486772302328
241.56462256893184 200.15069047852023
241.36098474335412 200.15362390766924
241.15561441592973 200.1537366049764
240.94854445874233 200.15109716494794
240.7398077438757 200.14577418208987
240.5294371434137 200.1378362509084
240.31746552943997 200.1273519659098
240.10392577403834 200.1143899216
239.8888507492927 200.09901871248528
239.67227332728658 200.08130693307174
239.4542263801039 200.06132317786552
239.2347427798284 200.03913604137276
239.01385539854402 200.01481411809962
238.79159710833432 199.98842600255222
238.56800078128316 199.96004028923676
238.34309928947428 199.9297255726593
238.1169255049915 199.89755044732604
237.88951229991852 199.8635835077431
237.66089254633928 199.82789334841664
237.43109911633735 199.79054856385284
237.20016488199659 199.75161774855772
236.96812271540085 199.71116949703747
236.7350054886337 199.66927240379837
236.50084607377914 199.62599506334635
236.2656773429209 199.58140607018768
236.02953216814262 199.5355740188285
235.79244342152825 199.48856750377502
235.55444397516138 199.4404551195332
235.3155667011259 199.39130546060926
235.07584447150563 199.34118712150948
234.83531015838426 199.29016869673976
234.59399663384553 199.23831878080642
234.35193676997335 199.18570596821553
234.1091634388513 199.13239885347326
233.86570951256337 199.07846603108575
233.62160786319322 199.02397609555916
233.3768913628246 198.96899764139962
233.13159288354134 198.9135992631132
232.8857452974272 198.8578495552062
232.63938147656594 198.80181711218464
232.3925342930413 198.74557052855468
232.1452366189372 198.6891783988225
231.8975213263372 198.63270931749418
231.6494212873252 198.5762318790759
231.40096937398505 198.51981467807386
231.15219845840036 198.46352630899412
230.90314141265506 198.4074353663429
230.6538311088328 198.35161044462626
230.40430041901732 198.29612013835037
230.15458221529255 198.2410330420214
229.9047093697422 198.18641775014544
229.65471475444997 198.1323428572287
229.4046312414998 198.07887695777728
229.1544917029753 198.02608864629732
228.90432901096028 197.97404651729505
228.65417603753858 197.92281916527648
228.4040656547939 197.87247518474777
228.15403073481008 197.82308317021514
227.90410414967084 197.77471171618473
227.65431877146 197.72742941716265
227.4047074722613 197.68130486765506
227.1553031241585 197.63640666216804
226.90613859923548 197.59280339520782
226.65724676957583 197.55056366128048
226.40866050726353 197.5097560548922
226.1604123949815 197.4704491705491
225.91253292229263 197.43271160275737
225.6650516582182 197.39661194602309
225.4179981678013 197.3622187948524
225.17140201608518 197.3296007437515
224.92529276811288 197.29882638722648
224.67969998892758 197.26996431978355
224.4346532435725 197.24308313592877
224.1901820970908 197.21825143016838
223.9463161145256 197.19553779700846
223.70308486091992 197.1750108309551
223.46051790131713 197.15673912651457
223.21864480076027 197.1407912781929
222.9774951242926 197.12723588049627
222.73709843695715 197.11614152793086
222.49748430379714 197.10757681500277
222.25868228985567 197.1016103362182
222.020721960176 197.09831068608318
221.78363287980122 197.09774645910397
221.54744461377447 197.09998624978667
221.31218672713894 197.1050986526374
221.07788878493776 197.11315226216234
220.84458035221408 197.12421567286762
220.61229099401115 197.13835747925935
220.38105027537196 197.15564627584376
220.15088776133982 197.17615065712687
219.92183301695778 197.1999392176149
219.69391560726908 197.227080551814
219.46716509731684 197.25764325423032
219.24161105214415 197.29169591936991
219.01728303679425 197.329307141739
218.7942106163103 197.3705455158438
218.5724233557354 197.41547963619024
218.3519508201127 197.46417809728464
218.13282257448546 197.51670949363313
217.91506818389672 197.57314241974174
217.69871721338967 197.63354547011676
217.48379922800754 197.6979872392642
217.27034379279334 197.7665363216903
217.05838047279033 197.83926131190117
216.84793883304172 197.91623080440291
216.6390484385905 197.99751339370175
216.43173885448 198.08317767430376
216.2260396457532 198.17329224071514
216.0219803774534 198.267925687442
215.81959061462368 198.36714660899042
215.6188999223072 198.47102359986664
215.41993786554718 198.5796252545768
215.2227340093867 198.69302016762703
215.0273179188689 198.81127693352343
214.83371915903706 198.9344641467721
214.64196729493423 199.06265040187935
214.4520918916036 199.1959042933512
214.2641225140883 199.3342944156938
214.07808872743152 199.47788936341334
213.89402009667643 199.62675773101589
213.71194618686613 199.7809681130077
213.53189656304377 199.94058910389484
213.35390079025257 200.10568929818345
213.17798843353563 200.27633729037962
213.00418905793614 200.4526016749896
212.83253222849726 200.6345510465195
212.66304722430448 200.82225159693894
212.49575481201808 201.0156979991805
212.33066600767546 201.2148030041488
212.1677912922846 201.41947486757795
212.00714114685312 201.6296218452018
211.84872605238905 201.84515219275423
211.69255648990017 202.06597416596924
211.53864294039428 202.29199602058083
211.38699588487927 202.52312601232265
211.23762580436286 202.75927239692888
211.090543179853 203.00034343013337
210.94575849235747 203.24624736766992
210.80328222288412 203.49689246527262
210.66312485244072 203.75218697867527
210.52529686203522 204.01203916361192
210.38980873267542 204.27635727581637
210.2566709453691 204.5450495710226
210.1258939811241 204.81802430496458
209.99748832094832 205.0951897333761
209.87146444584957 205.37645411199117
209.74783283683564 205.6617256965437
209.62660397491436 205.95091274276757
209.50778834109366 206.2439235063968
209.39139641638127 206.54066624316525
209.27743868178504 206.84104920880685
209.16592561831285 207.14498065905556
209.05686770697255 207.45236884964513
208.95027542877187 207.76312203630974
208.8461592647188 208.0771484747831
208.744529695821 208.39435642079928
208.64539720308642 208.7146541300921
208.54877226752288 209.0379498583955
208.45466537013812 209.36415186144347
208.36308699194015 209.69316839496983
208.2740476139366 210.02490771470863
208.1875577171355 210.35927807639368
208.10362778254458 210.6961877357589
208.02226829117163 211.03554494853833
207.94348972402454 211.3772579704657
207.8673025621112 211.72123505727518
207.79371728643937 212.06738446470047
207.7227443780169 212.41561444847562
207.65439431785165 212.76583326433453
207.58867758695138 213.117949168011
207.52560466632394 213.47187041523918
207.4651860369773 213.8275052617528
207.40743217991914 214.1847619632858
207.35235357615733 214.54354877557225
207.29996070669978 214.90377395434592
207.25026405255417 215.26534575534083
207.20327409472853 215.62817243429083
207.15900131423055 215.9921622469299
207.11745619206806 216.35722344899193
207.078649209249 216.7232642962107
207.04259084678114 217.09019304432044
207.00929158567232 217.45791794905486
206.97876190693034 217.82634726614793
206.9510122915631 218.19538925133355
206.92605322057835 218.56495216034565
206.90389517498403 218.93494424891824
206.8845486357879 219.3052737727851
206.8680240839978 219.67584898768027
206.85433169566505 220.0465781493376
206.8434700780232 220.41736951349102
206.83542297360276 220.78813133587443
206.8301731477887 221.15877187222185
206.82770336596604 221.52919937826712
206.8279963935199 221.89932210974413
206.83103499583504 222.26904832238696
206.8368019382966 222.6382862719293
206.8452799862895 223.00694421410532
206.8564519051988 223.37493040464875
206.8703004604094 223.74215309929357
206.88680841730638 224.10852055377376
206.90595854127469 224.4739410238231
206.9277335976993 224.83832276517575
206.9521163519653 225.20157403356544
206.97908956945756 225.56360308472605
207.00863601556105 225.92431817439166
207.0407384556609 226.2836275582961
207.07537965514203 226.64143949217336
207.1125423793894 226.99766223175737
207.15220939378798 227.35220403278186
207.19436346372288 227.70497315098095
207.238987354579 228.05587784208848
207.28606383174136 228.40482636183847
207.33557566059488 228.75172696596474
207.38750560652466 229.09648791020123
207.44183643491564 229.43901745028185
207.4985509111528 229.77922384194056
207.55763180062115 230.1170153409113
207.61906186870567 230.45230020292792
207.6828238807913 230.78498668372433
207.74890060226312 231.1149830390346
207.81727479850608 231.4421975245925
207.88792923490516 231.76653839613206
207.9608466768454 232.08791390938714
208.03600988971175 232.40623232009156
208.11340163888917 232.7214018839795
208.1930046897627 233.03333085678463
208.27480180771732 233.34192749424102
208.35877575813802 233.64710005208252
208.44490930640976 233.9487567860431
208.53318521791758 234.2468059518567
208.62358625804646 234.54115580525712
208.71609519218134 234.83171460197843
208.81069478570728 235.11839059775446
208.9073678040092 235.40109204831919
209.00609701247217 235.67972720940648
209.10686517648114 235.95420433675028
209.20965506142107 236.22443168608456
209.314449432677 236.49031751314314
209.42123105563388 236.75177007366
209.52998269567678 237.0086976233691
209.64068711819056 237.2610084180043
209.75332708856033 237.50861071329962
209.86788537217097 237.7514127649888
209.9843447344076 237.9893228288059
210.10268794065516 238.22224916048486
210.22289775629858 238.45010001575946
210.34495694672285 238.67278365036378
210.46884827731307 238.89020832003172
210.5945545134541 239.10228228049712
210.72205842053108 239.3089137874939
210.85134222114303 239.51001733800726
210.98238202131805 239.70557776072917
211.11515007080442 239.89562422598212
211.249618559 240.0801865980335
211.38575967530244 240.25929474115074
211.52354560910945 240.43297851960125
211.6629485498188 240.60126779765233
211.8039406868282 240.76419243957153
211.94649420953542 240.92178230962617
212.0905813073381 241.07406727208357
212.23617416963404 241.22107719121124
212.38324498582094 241.3628419312765
212.53176594529654 241.49939135654677
212.68170923745848 241.63075533128946
212.8330470517046 241.75696371977182
212.9857515774326 241.8780463862615
213.13979500404017 241.9940331950257
213.29514952092515 242.10495401033188
213.4517873174851 242.2108386964474
213.60968058311786 242.31171711763972
213.7688015072211 242.40761913817622
213.92912227919257 242.4985746223242
214.09061508842998 242.5846134343512
214.25325212433114 242.66576543852452
214.41700557629363 242.74206049911155
214.58184763371534 242.81352848037972
214.74775048599386 242.8801992465964
214.91468632252696 242.94210266202896
215.0826273327124 242.99926859094487
215.25154570594788 243.05172689761145
215.42141363163114 243.09950744629614
215.59220329915993 243.1426401012663
215.7638868979319 243.1811547267894
215.93643661734487 243.21508118713274
216.10982464679648 243.24444934656375
216.28402317568452 243.26928906934984
216.45900439340667 243.28963021975832
216.63474048936072 243.30550266205674
216.81120365294433 243.3169362605124
216.98836607355526 243.3239608793926
217.16619994059124 243.32660638296497
217.34467744344994 243.32490263549664
217.52377077152917 243.31887950125517
217.70345211422662 243.30856684450796
217.88369366094008 243.2939945295223
218.06446760106715 243.2751924205657
218.24574612400565 243.25219038190545
218.42750141915326 243.22501827780906
218.60970567590778 243.19370597254374
218.79233108366685 243.1582833303771
218.97534983182817 243.11878021557644
219.1587341097896 243.07522649240906
219.34245610694876 243.02765202514252
219.5264880127035 242.97608667804408
219.71080201645137 242.92056031538124
219.89537030759018 242.86110280142125
220.0801650755177 242.7977440004317
220.26515850963165 242.73051377667977
220.4503227993297 242.65944199443308
220.6356301340096 242.58455851795884
220.82105270306909 242.50589321152455
221.00656269590587 242.4234759393975
221.19213230191767 242.3373365658452
221.3777337105023 242.247504955135
221.56333911105736 242.15401097153426
221.74892069298068 242.0568844793104
221.93445064566987 241.95615534273088
222.1199011585228 241.851853426063
222.3052444209371 241.7440085935741
222.49045262231056 241.6326507095317
222.67549795204084 241.51780963820323
222.86035259952567 241.3995152438559
223.0449887541628 241.27779739075726
223.22937860535004 241.15268594317465
223.413494342485 241.0242107653754
223.59730815496545 240.892401721627
223.7807922321891 240.75728867619694
223.96391876355366 240.61890149335233
224.14665993845693 240.47727003736077
224.32898794629656 240.33242417248957
224.51087497647035 240.18439376300623
224.692293218376 240.03320867317805
224.87321486141118 239.8788987672724
225.05361209497366 239.72149390955676
225.2334571084612 239.56102396429853
225.4127220912715 239.397518795765
225.59137923280218 239.2310082682236
225.76940072245122 239.0615222459418
225.94675874961615 238.88909059318692
226.12342550369468 238.71374317422638
226.29937317408468 238.53550985332757
226.4745739501837 238.35442049475787
226.64900002138964 238.1705049627847
226.82262357710016 237.98379312167546
226.99541680671294 237.7943148356975
227.16735189962577 237.60209996911826
227.3384010452363 237.407178386205
227.5085364329424 237.20957995122535
227.67773025214163 237.00933452844654
227.84595469223186 236.806471982136
228.0131819426107 236.60102217656112
228.17938419267588 236.3930149759893
228.34453363182521 236.18248024468795
228.50860244945648 235.96944784692445
228.67156283496726 235.75394764696622
228.83338697775528 235.53600950908051
228.99404706721833 235.31566329753494
229.15351529275415 235.09293887659678
229.31176384376045 234.8678661105334
229.46876490963496 234.64047486361227
229.62449067977536 234.41079500010073
229.77891334357952 234.17885638426617
229.93200509044496 233.94468888037605
230.0837381097695 233.7083223526977
230.23408459095094 233.46978666549853
230.3830167233869 233.22911168304591
230.5305066964752 232.9863272696073
230.67652669961345 232.74146328945005
230.82104892219948 232.4945496068415
230.96404555363102 232.24561608604915
231.1054887833057 231.99469259134037
231.24535080062137 231.74180898698245
231.38360379497567 231.48699513724296
231.52021995576635 231.2302809063891
231.65517147239106 230.97169615868842
231.78843053424774 230.71127075840823
231.91996933073384 230.44903456981595
232.0497629319781 230.18501907047076
232.17781121916053 229.91926963283075
232.30412673831117 229.65183872203286
232.42872213688375 229.38277886001416
232.55161006233206 229.11214256871148
232.6728031621098 228.83998237006188
232.79231408367073 228.56635078600223
232.91015547446852 228.29130033846974
233.02633998195682 228.01488354940125
233.1408802535896 227.73715294073372
233.2537889368204 227.45816103440427
233.3650786791031 227.17796035234971
233.47476212789132 226.89660341650713
233.58285193063887 226.6141427488135
233.68936073479938 226.33063087120587
233.79430118782673 226.0461203056211
233.89768593717446 225.7606635739962
233.9995276302965 225.47431319826822
234.09983891464648 225.1871217003741
234.19863243767819 224.8991416022509
234.29592084684526 224.61042542583553
234.39171678960162 224.32102569306494
234.48603291340078 224.03099492587617
234.5788818656966 223.74038564620625
234.67027629394278 223.4492503759921
234.76022884559305 223.1576416371708
234.84875216810116 222.86561195167914
234.93585890892084 222.57321384145422
235.02156171550584 222.2804998284331
235.10587323530982 221.98752243455272
235.18880611578666 221.69433418174998
235.2703730043899 221.40098759196195
235.35058654857352 221.1075351871256
235.42945939579096 220.8140294891779
235.5070041934962 220.5205230200558
235.58323358914282 220.22706830169642
235.65816023018468 219.93371785603662
235.73179676407543 219.6405242050134
235.80415583826883 219.34753987056376
235.8752501002186 219.05481737462478
235.94509219737841 218.76240923913326
236.01369477720212 218.4703679860263
236.08107048714345 218.17874613724086
236.14723197465602 217.8875962147139
236.2121918871937 217.59697074038257
236.2759628722101 217.30692223618365
236.33855757715904 217.01750322405422
236.39998864949422 216.7287662259312
236.46026873666943 216.4407637637516
236.5194104861383 216.15354835945251
236.57742654535463 215.86717253497088
236.63432956177218 215.5816888122435
236.69013218284454 215.29714971320755
236.74484705602563 215.01360775979998
236.79848682876917 214.73111547395783
236.85106414852876 214.4497253776179
236.90259166275825 214.1694899927174
236.95308201891123 213.89046184119317
237.00254786444168 213.61269344498223
237.05100184680305 213.3362373260216
237.09845661344923 213.0611460062482
237.14492481183396 212.78747200736967
237.19041908941097 212.5152506170106
237.23495209363395 212.244453025115
237.27853647195667 211.97503552307268
237.32118487183283 211.7069544022732
237.36290994071612 211.44016595410645
237.40372432606043 211.174626469962
237.44364067531941 210.91029224122954
237.48267163594673 210.6471195592989
237.52082985539624 210.38506471555965
237.55812798112152 210.12408400140166
237.59457866057647 209.86413370821444
237.63019454121473 209.60517012738785
237.66498827049006 209.3471495503116
237.69897249585622 209.09002826837525
237.7321598647669 208.83376257296865
237.76456302467582 208.57830875548146
237.79619462303674 208.32362310730338
237.82706730730337 208.06966191982409
237.85719372492952 207.81638148443335
237.88658652336886 207.5637380925209
237.9152583500752 207.31168803547632
237.94322185250212 207.06018760468936
237.9704896781034 206.80919309154976
237.99707447433295 206.55866078744725
238.0229888886443 206.30854698377158
238.04824556849127 206.05880797191227
238.07285716132756 205.80940004325916
238.09683631460697 205.56027948920192
238.12019567578318 205.31140260113034
238.14294789230993 205.06272567043408
238.16510561164094 204.81420498850272
238.18668148122995 204.56579684672613
238.2076881485307 204.31745753649398
238.22813826099699 204.06914334919597
238.2480444660825 203.82081057622173
238.26741941124087 203.57241550896106
238.28627574392596 203.32391443880363
238.3046261115915 203.07526365713915
238.32248316169114 202.82641945535735
238.3398595416787 202.57733812484793
238.35676789900776 202.32797595700058
238.37322088113234 202.07828924320498
238.38923113550592 201.82823427485087
238.4048113095823 201.577767343328
238.41997405081526 201.32684474002602
238.43473200665852 201.07542275633458
238.44909782456577 200.8234576836435
238.46308415199078 200.57090581334245
238.47670363638736 200.31772343682113
238.48996892520907 200.06386684546922
238.50289266590974 199.80929233067647
238.5154875059431 199.55395618383258
238.5277660927629 199.2978146963272
238.5397410738229 199.04082415955008
238.5514250965767 198.782940864891
238.56283080847817 198.5241211037396
238.57397085698102 198.26432116748546
238.58485788953902 198.00349734751845
238.5955045536058 197.7416059352283
238.60592349663509 197.47860322200464
238.61612736608066 197.21444549923717
238.62612876043488 196.949089282852
238.63593634504423 196.6825091261107
238.64555203493143 196.4147105391391
238.6549770806601 196.14570207925948
238.66421273279423 195.87549230379446
238.67326024189737 195.60408977006634
238.68212085853338 195.33150303539762
238.69079583326595 195.0577406571108
238.69928641665885 194.78281119252827
238.70759385927585 194.50672319897254
238.71571941168074 194.22948523376607
238.7236643244371 193.95110585423123
238.73142984810886 193.67159361769052
238.7390172332597 193.39095708146635
238.74642773045338 193.10920480288132
238.75366259025364 192.82634533925767
238.76072306322422 192.54238724791801
238.76761039992894 192.25733908618474
238.7743258509315 191.9712094113803
238.7808706667956 191.6840067808272
238.787246098085 191.3957397518478
238.79345339536354 191.1064168817646
238.799493809195 190.8160467279
238.805368590143 190.5246378475766
238.8110789887713 190.2321987981167
238.81662625564374 189.9387381368428
238.822011641324 189.64426442107737
238.8272363963758 189.34878620814285
238.83230177136303 189.05231205536174
238.83720901684936 188.7548505200564
238.84195938339846 188.45641015954934
238.8465541215742 188.15699953116297
238.85099448194026 187.8566271922198
238.85528171506044 187.55530170004224
238.8594170714985 187.25303161195282
238.86340180181813 186.94982548527386
238.8672371565831 186.64569187732786
238.87092438635713 186.3406393454373
238.87446474170406 186.0346764469247
238.8778594731875 185.72781173911235
238.88110983137142 185.42005377932287
238.88421706681942 185.11141112487857
238.8871824300952 184.80189233310193
238.89000717176262 184.49150596131554
238.89269254238536 184.1802605668417
238.89523979252726 183.86816470700288
238.89765017275192 183.55522693912158
238.8999249336233 183.24145582052026
238.90206532570497 182.92685990852135
238.90407259956078 182.6114477604473
238.9059480057544 182.2952279336205
238.90769279484965 181.9782089853635
238.90930821741026 181.66039947299865
238.91079552399995 181.34180795384856
238.9121559651825 181.0224429852356
238.9133907915217 180.70231312448217
238.9145012535812 180.38142692891077
238.9154886019248 180.05979295584382
238.91635408711633 179.73741976260388
238.91709895971937 179.41431590651328
238.91772447029786 179.0904899448945
238.91823186941542 178.76595043506993
238.91862240763587 178.44070593436217
238.91889733552287 178.1147650000936
238.91905790364027 177.78813618958668
238.91910536255176 177.46082806016386
238.91904096282119 177.1328509738798
238.9188659550121 176.80426275379452
238.9185815896885 176.47517224700871
238.91818911741396 176.14569081913305
238.91768978875226 175.8159298357783
238.91708485426722 175.4860006625553
238.91637556452253 175.15601466507485
238.91556317008198 174.82608320894775
238.9146489215092 174.49631765978478
238.91363406936816 174.16682938319664
238.9125198642224 173.83772974479422
238.9113075566358 173.50913011018818
238.90999839717205 173.1811418449894
238.90859363639493 172.85387631480867
238.9070945248681 172.52744488525673
238.90550231315552 172.20195892194437
238.90381825182078 171.87752979048236
238.9020435914276 171.55426885648157
238.90017958253975 171.23228748555263
238.89822747572114 170.9116970433065
238.89618852153538 170.59260889535378
238.89406397054614 170.2751344073054
238.8918550733174 169.9593849447721
238.88956308041273 169.6454718733646
238.88718924239592 169.33350655869376
238.88473480983075 169.02360036637032
238.88220103328095 168.7158646620051
238.87958916331027 168.41041081120883
238.87690045048248 168.10735017959243
238.87413614536135 167.80679413276653
238.87129749851056 167.50885403634194
238.86838576049388 167.21364125592945
238.8654021818751 166.92126715713988
238.8623480132179 166.63184310558404
238.8592245050861 166.34548046687266
238.85603290804352 166.0622906066165
238.85277447265372 165.78238489042636
238.84945044948054 165.50587468391305
238.8460620890878 165.2328713526874
238.84261064203918 164.96348626236008
238.8390973588984 164.6978307785419
238.83552349022924 164.43601626684372
238.83189028659558 164.17815409287624
238.8281989985609 163.92435562225035
238.8244508766892 163.67473222057671
238.8206471715441 163.4293952534661
238.81678913368938 163.18845608652944
238.8128780136888 162.9520260853774
238.8089150621061 162.72021661562079
238.8049015295051 162.49313904287044
238.80083866644944 162.27090473273705
238.7967277235029 162.05362505083144
238.79256995122924 161.84141136276438
238.78836660019223 161.63437503414673
238.7841189209556 161.4326274305892
238.77982816408314 161.2362799177026
238.77549558013857 161.04544386109762
238.77112241968558 160.86023062638517
238.766709933288 160.68075157917605
238.76225937150957 160.50711808508092
238.75777198491406 160.33944150971064
238.75324902406516 160.17783321715436
238.7486917395267 160.02239548594872
238.74410138186232 159.8732000671444
238.73947920163587 159.73031230716506
238.7348264494111 159.59379755243455
238.73014437575162 159.46372114937668
238.72543423122133 159.34014844441523
238.72069726638395 159.22314478397402
238.7159347318032 159.11277551447685
238.71114787804285 159.00910598234748
238.70633795566664 158.91220153400974
238.7015062152383 158.82212751588742
238.69665390732172 158.73894927440435
238.69178228248037 158.66273215598432
238.6868925912783 158.5935415070511
238.6819860842791 158.53144267402854
238.67706401204651 158.47650100334036
238.67212762514438 158.42878184141045
238.6671781741363 158.38835053466255
238.6622169095862 158.35527242952048
238.65724508205776 158.32961287240806
238.65226394211467 158.3114372097491
238.6472747403208 158.30081078796735
238.64227872723973 158.29779895348662
238.63727715343538 158.30246705273072
238.63227126947143 158.31488043212346
238.62726232591163 158.33510443808868
238.62225157331974 158.3632044170501
238.61724026225946 158.3992457154316
238.61222964329463 158.44329367965688
238.60722096698896 158.4954136561498
238.60221548390618 158.55567086949827
238.59721444461005 158.6241025846635
238.59221909966433 158.7006826048158
238.58723069963278 158.78537597638874
238.58225049507914 158.87814774581594
238.57727973656714 158.97896295953106
238.5723196746606 159.08778666396756
238.56737155992315 159.2045839055592
238.5624366429186 159.3293197307394
238.55751617421075 159.4619591859419
238.55261140436335 159.60246731760031
238.5477235839401 159.7508091721481
238.5428539635047 159.90694979601906
238.53800379362096 160.0708542356466
238.53317432485267 160.24248753746443
238.52836680776355 160.4218147479061
238.5235824929173 160.60880091340522
238.5188226308778 160.80341108039548
238.5140884722086 161.0056102953103
238.50938126747366 161.2153636045835
238.5047022672366 161.4326360546485
238.5000527220612 161.65739269193895
238.4954338825112 161.88959856288855
238.49084699915042 162.12921871393073
238.48629332254254 162.37621819149916
238.48177410325127 162.63056204202755
238.47729059184053 162.89221531194926
238.4728440388739 163.16114304769826
238.46843569491512 163.43731029570776
238.4640668105281 163.72068210241156
238.45973863627646 164.01122351424328
238.455452422724 164.30889957758828
238.45120942043445 164.61365888126002
238.4470108799716 164.92538698567955
238.44285805189912 165.2439543650759
238.43875218678087 165.5692314936776
238.43469453518054 165.90108884571336
238.43068634766186 166.2393968954122
238.42672887478858 166.58402611700248
238.4228233671245 166.93484698471315
238.4189710752334 167.291729972773
238.4151732496789 167.65454555541052
238.41143114102488 168.0231642068548
238.407745999835 168.39745640133418
238.40411907667308 168.77729261307766
238.40055162210277 169.16254331631393
238.39704488668792 169.55307898527158
238.3936001209923 169.94877009417965
238.39021857557952 170.34948711726648
238.3869015010135 170.75510052876112
238.3836501478579 171.1654808028922
238.3804657666764 171.5804984138883
238.37734960803294 172.00002383597857
238.37430292249107 172.4239275433912
238.37132696061468 172.8520800103553
238.36842297296747 173.28435171109953
238.3655922101132 173.7206131198526
238.36283592261557 174.16073471084326
238.3601553610384 174.60458695830002
238.35755177594544 175.052040336452
238.35502641790038 175.5029653195278
238.352580537467 175.957232381756
238.35021538520908 176.41471199736546
238.34793221169036 176.87527464058482
238.34573226747457 177.338790785643
238.34361680312543 177.80513090676862
238.34158706920675 178.27416547819044
238.33964431628226 178.74576497413713
238.33778979491566 179.21979986883736
238.33602475567082 179.69614063652008
238.3343504491114 180.17465775141397
238.33276812580115 180.65522168774766
238.33127903630387 181.13770291974996
238.32988443118325 181.62197192164942
238.32858556100308 182.1078991676751
238.3273836763271 182.59535513205554
238.3262800277191 183.08421028901952
238.32527586574275 183.57433511279575
238.32437244096187 184.0656000776128
238.3235710039402 184.55787565769975
238.3228728052414 185.05103232728516
238.3222790954293 185.54494056059772
238.3217911250677 186.03947083186623
238.32141014472026 186.53449361531926
238.3211374049508 187.02987938518586
238.32097415632302 187.52549861569452
238.3209216494007 188.02122178107413
238.32098113474754 188.51691935555328
238.32115386292736 189.01246181336063
238.3214410845039 189.5077196287252
238.32184405004085 190.00256327587556
238.322364010102 190.49686322904049
238.32300221525114 190.9904899624486
238.32375991605193 191.48332533254205
238.32463836306815 191.97530992029897
238.32563880686365 192.46640319052324
238.32676249800207 192.9565646169659
238.3280106870472 193.44575367337737
238.3293846245627 193.9339298335082
238.33088556111247 194.42105257110936
238.33251474726023 194.9070813599309
238.33427343356965 195.39197567372392
238.33616287060454 195.87569498623887
238.33818430892862 196.3581987712262
238.34033899910565 196.83944650243706
238.34262819169936 197.3193976536214
238.34505313727362 197.79801169853025
238.34761508639204 198.27524811091413
238.35031528961844 198.75106636452352
238.35315499751647 199.22542593310942
238.35613546065002 199.69828629042192
238.35925792958272 200.16960691021208
238.3625236548785 200.6393472662303
238.36593388710088 201.10746683222715
238.3694898768138 201.57392508195355
238.37319287458084 202.03868148915973
238.37704413096586 202.50169552759655
238.38104489653267 202.96292667101463
238.38519642184488 203.42233439316436
238.3894999574663 203.87987816779676
238.3939567539607 204.335517468662
238.3985680618918 204.78921176951096
238.40333513182338 205.24092054409428
238.40825921431914 205.69060326616236
238.41334155994295 206.1382194094662
238.41858341925837 206.58372844775596
238.42398604282937 207.0270898547825
238.4295506812195 207.4682631042965
238.4352785849926 207.90720767004834
238.4411710047125 208.34388302578904
238.44722919094272 208.77824864526872
238.45345439424727 209.2102640022384
238.45984786518974 209.6398885704485
238.466410854334 210.0670818236496
238.47314461224366 210.49180323559256
238.48005038948259 210.9140122800277
238.48712943661445 211.3336684307058
238.49438300420306 211.75073116137747
238.5018123428121 212.16515994579325
238.50941870300537 212.57691425770395
238.51720333534664 212.98595357085992
238.52516749039964 213.39223735901197
238.53331241872812 213.79572509591068
238.54163937089575 214.19637625530652
238.55014959746646 214.59415031095045
238.5588443490038 214.98900673659267
238.56772487607165 215.3809050059841
238.57679242923373 215.76980459287526
238.5860482590538 216.15566497101668
238.59549361609558 216.5384456141592
238.60512975092286 216.91810599605316
238.61495791409936 217.2946055904494
238.6249793561888 217.66790387109845
238.635195327755 218.03796031175082
238.6456070793617 218.40473989588932
238.6562158615726 218.76824623484677
238.66702292495154 219.1284994668749
238.6780295200621 219.48551979274222
238.6892368974682 219.83932741321735
238.70064630773354 220.1899425290692
238.71225900142187 220.53738534106625
238.72407622909694 220.8816760499772
238.73609924132245 221.22283485657076
238.74832928866218 221.56088196161545
238.76076762167997 221.89583756588033
238.77341549093944 222.2277218701336
238.7862741470044 222.55655507514427
238.79934484043864 222.8823573816809
238.81262882180584 223.2051489905121
238.82612734166977 223.5249501024068
238.8398416505941 223.8417809181332
238.8537729991428 224.15566163846037
238.86792263787942 224.46661246415692
238.88229181736781 224.77465359599128
238.8968817881717 225.0798052347326
238.9116938008548 225.382087581149
238.9267291059809 225.68152083600955
238.94198895411373 225.97812520008273
238.95747459581705 226.27192087413727
238.97318728165462 226.56292805894196
238.98912826219015 226.85116695526514
239.0052987879875 227.1366577638759
239.02170010961026 227.41942068554272
239.03833347762227 227.69947592103406
239.05520014258732 227.97684367111898
239.0723013550691 228.2515441365659
239.0896383656314 228.52359751814362
239.10721242483788 228.79302401662068
239.12502478325246 229.05984383276578
239.1430766914387 229.32407716734787
239.16136939996042 229.58574422113517
239.17990415938144 229.8448651948967
239.19868222026545 230.10146028940096
239.21770483317619 230.35554970541665
239.23697324867746 230.60715364371262
239.25648871733293 230.8562923050572
239.27625248970645 231.10298589021934
239.29626581636163 231.3472545999676
239.3165299478624 231.5891186350707
239.33704613477235 231.82859819629735
239.35781562765538 232.06571348441608
239.37883967707515 232.30048470019568
239.40011953359536 232.53293204440482
239.42165644777992 232.76307571781217
239.4434516701924 232.99093592118632
239.46550645139666 233.21653285529592
239.48782204195643 233.43988672090987
239.5103996924354 233.66101771879661
239.5332406533975 233.87994604972494
239.55634617540625 234.0966919144635
239.5797175090255 234.3112755137809
239.60335590481907 234.52371704844592
239.62726261335064 234.7340367192272
239.65143888518395 234.94225472689334
239.67588597088277 235.1483912722131
239.70060512101082 235.35246655595506
239.72559758613195 235.5545007708515
239.75086461680976 235.75451002365372
239.7764074636081 235.95249969804777
239.8022273770907 236.1484734399055
239.82832560782137 236.3424348950988
239.85470340636374 236.53438770949953
239.88136202328164 236.72433552897957
239.90830270913878 236.91228199941088
239.93552671449893 237.09823076666524
239.9630352899259 237.28218547661456
239.99082968598333 237.46414977513072
240.01891115323505 237.64412730808564
240.04728094224478 237.82212172135118
240.0759403035763 237.99813666079913
240.10489048779328 238.1721757723015
240.13413274545954 238.34424270173008
240.16366832713885 238.51434109495685
240.1934984833949 238.6824745978535
240.2236244647915 238.84864685629216
240.25404752189232 239.0128615161445
240.28476890526122 239.17512222328247
240.31578986546182 239.335432623578
240.34711165305796 239.4937963629029
240.37873551861335 239.65021708712905
240.41066271269185 239.8046984421284
240.442894485857 239.95724407377287
240.4754320886728 240.10785762793404
240.50827677170278 240.25654275048416
240.5414297855108 240.40330308729492
240.57489238066063 240.54814228423817
240.60866580771594 240.691063987186
240.6427513172405 240.83207184201
240.67715015979815 240.97116949458223
240.71186358595259 241.10836059077457
240.74689284626749 241.24364877645877
240.7822391913067 241.37703769750692
240.8179038716339 241.50853099979068
240.8538881378129 241.63813232918204
240.89019324040743 241.76584533155292
240.92682042998123 241.89167365277504
240.96377095709806 242.0156209387205
241.00104607232169 242.137690835261
241.0386470262158 242.25788698826847
241.07657506934422 242.3762130436148
241.1148314522707 242.49267264717187
241.1534174255589 242.6072694448116
241.19233423977266 242.72000708240586
241.2315831454757 242.83088920582637
241.27116539323177 242.9399194609453
241.31108223360462 243.04710149363422
241.351334917158 243.1524389497652
241.39192469445564 243.25593547521012
241.4328528160614 243.35759471584078
241.4741205325389 243.45742031752917
241.51572909445193 243.555415926147
241.55767975236424 243.65158518756627
241.59997375683957 243.74593174765886
241.6426123584417 243.8384592522966
241.68559680773438 243.9291713473514
241.72892835528134 244.01807167869504
241.77260825164635 244.1051638921996
241.8166377473931 244.1904516337368
241.86101809308545 244.27393854917858
241.90575053928706 244.3556282843968
241.95083633656168 244.43552448526344
241.99627673547312 244.51363079765017
242.0420729865851 244.589950867429
242.08822634046138 244.66448834047182
242.13473804766562 244.73724686265044
242.18160935876176 244.80823007983682
242.22884152431348 244.87744163790282
242.27643579488435 244.94488518272027
242.32439342103837 245.01056436016108
242.37271565333913 245.07448281609715
242.4214037423504 245.1366441964003
242.47045893863609 245.1970521469425
242.5198824927597 245.25571031359556
242.56967565528518 245.31262234223138
242.61983967677617 245.36779187872176
242.67037580779646 245.42122256893876
242.7212852989098 245.47291805875415
242.77256940067994 245.52288199403972
242.82422936367064 245.57111802066754
242.87626643844567 245.61762978450932
242.92868187556869 245.66242093143705
242.98147692560352 245.70549510732258
243.0346528391139 245.74685595803777
243.08821086666362 245.78650712945452
243.14215225881637 245.8244522674447
243.19647826613584 245.86069501788018
243.25119013918598 245.89523902663285
243.30628912853038 245.9280879395745
243.3617764847328 245.9592454025772
243.41765345835708 245.98871506151272
243.47392129996686 246.0165005622529
243.53058126012596 246.04260555066972
243.58763458939814 246.067033672635
243.6450825383471 246.0897885740206
243.70292635753663 246.1108739006984
243.76116729753045 246.13029329854032
243.81980660889235 246.14805041341816
243.878845542186 246.16414889120395
243.93828534797532 246.17859237776946
243.99812727682382 246.19138451898655
244.05837257929545 246.20252896072714
244.11902250595392 246.21202934886315
244.18007830736292 246.21988932926635
244.24154123408624 246.22611254780873
244.30341253668757 246.23070265036216
244.3656934657307 246.23366328279843
244.4283852717794 246.2349980909895
244.49148920539753 246.2347107208072
244.5550065171486 246.2328048181234
244.6189384575965 246.22928402881007
244.683286277305 246.22415199873905
244.74805122683782 246.21741237378214
244.81323455675863 246.2090687998113
244.87883751763133 246.19912492269836
244.9448613600196 246.18758438831526
245.01130733448716 246.17445084253387
245.0781766915978 246.15972793122597
245.14547068191513 246.14341930026362
245.21319055600318 246.1255285955185
245.2813375644255 246.1060594628626
