394.9687944851966 299.19905507266583
395.00178491592095 299.1710182619737
395.02983189219674 299.14582341762747
395.0529801692356 299.1234244002105
395.0712745022494 299.103775070306
395.0847596464499 299.08682928849726
395.0934803570489 299.07254091536754
395.0974813892584 299.0608638115
395.09680749828993 299.051751837478
395.09150343935556 299.0451588538847
395.08161396766695 299.04103872130327
395.0671838384358 299.0393453003171
395.0482578068742 299.04003245150955
395.0248806281937 299.04305403546357
394.99709705760625 299.04836391276257
394.9649518503236 299.05591594398976
394.9284897615575 299.0656639897285
394.88775554652 299.0775619105619
394.8427939604226 299.0915635670732
394.7936497584774 299.10762281984574
394.7403676958958 299.12569352946275
394.68299252789 299.1457295565075
394.6215690096717 299.1676847615631
394.5561418964527 299.191513005213
394.4867559434447 299.2171681480403
394.4134559058597 299.2446040506282
394.3362865389093 299.2737745735601
394.2552925978054 299.30463357741917
394.17051883775986 299.33713492278866
394.0820100139844 299.37123247025187
393.9898108816908 299.406880080392
393.8939661960911 299.4440316137923
393.79452071239683 299.482640931036
393.69151918581997 299.5226618927063
393.5850063715722 299.5640483593867
393.4750270248654 299.6067541916601
393.36162590091146 299.65073325010997
393.24484775492203 299.6959393953195
393.12473734210903 299.742326487872
393.00133941768416 299.7898483883505
392.8746987368594 299.8384589573385
392.7448600548464 299.8881120554191
392.6118681268569 299.9387615431757
392.4757677081029 299.9903612811913
392.3366035537961 300.04286513004945
392.1944204191485 300.09622695033306
392.0492630593716 300.1504006026258
391.90117622967745 300.2053399475105
391.7502046852776 300.2609988455706
391.5963931813842 300.31733115738933
391.43978647320876 300.37429074355
391.28042931596326 300.4318314646357
391.1183664648594 300.48990718122985
390.9536426751091 300.5484717539156
390.78630270192394 300.60747904327627
390.61639130051617 300.666882909895
390.4439532260971 300.72663721435504
390.26903323387893 300.7866958172398
390.09167607907307 300.8470125791323
389.9119265168918 300.90754136061594
389.7298293025464 300.9682360222741
389.54542919124924 301.0290504246896
389.3587709382117 301.0899384284461
389.1698992986459 301.15085389412667
388.97885902776324 301.2117506823146
388.78569488077585 301.27258265359313
388.5904516128954 301.33330366854557
388.393173979334 301.3938675877549
388.19390673530285 301.45422827180477
387.9926946360144 301.5143395812781
387.78958243668 301.5741553767583
387.5846148925118 301.63362951882857
387.37783675872123 301.6927158680722
387.1692927905205 301.7513682850723
386.9590277431211 301.80954063041236
386.7470863717351 301.86718676467535
386.533513431574 301.92426054844475
386.3183536778499 301.98071584230365
386.1016518657744 302.03650650683545
385.8834527505595 302.0915864026232
385.6638010874167 302.1459093902504
385.4427416315583 302.19942933030006
385.2203191381955 302.2521000833555
384.9965783625407 302.30387551000007
384.7715640598052 302.35470947081683
384.5453209852012 302.40455582638924
384.31789389394015 302.45336843730047
384.0893275412343 302.5011011641336
383.8596666822951 302.54770786747207
383.6289560723345 302.5931424078991
383.39724046656414 302.6373586459979
383.16456462019613 302.6803104423517
382.9309732884419 302.7219516575439
382.69651122651373 302.76223615215747
382.46122318962296 302.80111778677593
382.2251539329817 302.83855042198235
381.98834821180156 302.87448791836005
381.75085078129456 302.9088841364923
381.5127063966723 302.9416929369623
381.2739598131468 302.9728681803533
381.0346557859296 303.0023637272485
380.79483907023285 303.03013343823125
380.55455442126794 303.0561311738848
380.3138465942471 303.0803107947923
380.0727603443816 303.10262616153716
379.83134042688397 303.1230311347024
379.58963159696543 303.14147957487137
379.34767860983806 303.15792534262744
379.10552622071356 303.17232229855364
378.86321918480377 303.18462430323336
378.6208022573206 303.1947852172499
378.37832019347576 303.20275890118626
378.1358177484809 303.208499215626
377.8933396775481 303.2119600211522
377.650930735889 303.213095178348
377.40863567871554 303.21185854779685
377.1664992612392 303.208203990082
376.92456623867236 303.20208536578656
376.6828813662261 303.19345653549385
376.44148939911315 303.182271359787
376.20043509254435 303.1684836992496
375.9597632017323 303.1520474144644
375.7195184818882 303.132916366015
375.4797456882243 303.1110444144846
375.24048957595204 303.0863854204564
375.0017949002836 303.0588932445136
374.7637064164304 303.02852174723955
374.52626887235107 302.99522478988865
374.28952172477966 302.95895672335234
374.0534897999585 302.91967325239256
373.81819541654966 302.8773303138162
373.5836608932157 302.8318838444303
373.3499085486182 302.7832897810421
373.1169607014197 302.73150406045863
372.88483967028213 302.67648261948693
372.6535677738679 302.61818139493425
372.42316733083874 302.5565563236075
372.19366065985747 302.49156334231384
371.96507007958553 302.4231583878603
371.7374179086855 302.35129739705417
371.5107264658193 302.27593630670225
371.28501806964937 302.19703105361185
371.0603150388374 302.1145375745899
370.83663969204616 302.0284118064437
370.61401434793726 301.93860968598005
370.39246132517314 301.84508715000635
370.1720029424157 301.7478001353294
369.95266151832755 301.64670457875656
369.7344593715703 301.5417564170947
369.51741882080654 301.432911587151
369.301562184698 301.3201260257324
369.0869117819074 301.2033556696464
368.8734899310962 301.08255645569966
368.6613189509272 300.9576843206995
368.45042116006204 300.8286952014528
368.2408188771633 300.69554503476695
368.0325344208926 300.55818975744876
367.82559010991275 300.4165853063055
367.6200082628853 300.27068761814405
367.4158111984728 300.1204526297719
367.2130212353372 299.9658362779956
367.0116606921408 299.8067944996227
366.81175188754554 299.64328323146
366.61331714021384 299.4752584103147
366.4163787688076 299.30267597299394
366.22095909198924 299.1254918563048
366.0270804284205 298.94366199705416
365.8347650967641 298.7571423320494
365.64403541568157 298.5658887980974
365.4549137038356 298.3698573320054
365.2674222798879 298.16900387058035
365.0815834625011 297.96328435062946
364.8974195703368 297.75265470895965
364.71495292205753 297.5370708823783
364.5342058363253 297.31648880769217
364.3552006318025 297.0908644217086
364.1779596271508 296.86015366123445
364.00250514103294 296.6243124630771
363.8288594921105 296.3832967640433
363.65704499904604 296.1370625009405
363.48708398050144 295.8855656105754
363.31899875513915 295.62876202975553
363.152811641621 295.3666076952875
362.9885449586095 295.0990585439788
362.82622102476626 294.8260705126362
362.6658621587541 294.5475995380672
362.50749067923465 294.26360155707835
362.3511289048704 293.9740325064773
362.1967991543231 293.67884832307055
362.04452355739437 293.37800990933715
361.8943217302723 293.0715442574474
361.7462115024034 292.75952533788836
361.6002106650765 292.4420281243986
361.4563370095807 292.1191275907174
361.31460832720484 291.79089871058346
361.1750424092382 291.45741645773603
361.0376570469695 291.1187558059138
360.9024700316881 290.7749917288561
360.7694991546826 290.42619920030137
360.63876220724234 290.0724531939892
360.5102769806562 289.71382868365805
360.3840612662133 289.35040064304735
360.2601328552024 288.9822440458959
360.13850953891273 288.60943386594226
360.0192091086331 288.23204507692583
359.90224935565294 287.85015265258573
359.78764807126083 287.4638315666608
359.67542304674595 287.0731567928897
359.5655920733973 286.6782033050115
359.4581729425039 286.27904607676567
359.35318344535483 285.87576008189086
359.2506413732389 285.4684202941256
359.15056451744545 285.05710168720975
359.05297066926306 284.64187923488146
358.9578776199811 284.22282791088037
358.8653031608884 283.8000226889448
358.77526508327406 283.37353854281446
358.68778117842703 282.9434504462276
358.60286923763647 282.5098333729238
358.52054705219115 282.0727622966415
358.44083241338035 281.6323121911202
358.3637431124928 281.1885581578813
358.2892969408177 280.7416174532956
358.217511689644 280.2917101549166
358.14840515026077 279.83907172163526
358.0819951139569 279.3839376123412
358.01829937202166 278.9265432859253
357.9573357157437 278.467124201277
357.89912193641226 278.0059158172874
357.84367582531627 277.543153592846
357.7910151737449 277.0790729868438
357.7411577729869 276.61390945817027
357.6941214143315 276.1478984657165
357.6499238890677 275.68127546837184
357.6085829884844 275.2142759250273
357.5701165038707 274.7471352945726
357.5345422265155 274.2800890358985
357.5018779477079 273.8133726078947
357.472141458737 273.34722146945194
357.44535055089153 272.88187107946
357.42152301546076 272.41755689680974
357.4006766437336 271.9545143803906
357.3828292269992 271.49297898909373
357.36799855654635 271.03318618180845
357.35620242366423 270.575371417426
357.34745861964177 270.11977015483575
357.341784935768 269.66661785292865
357.33919916333207 269.2161499705942
357.33971909362265 268.7686019667235
357.3433625179291 268.324209300206
357.3501472275402 267.8832074299328
357.3600909529641 267.4458313941268
357.3732014494767 267.0122471924184
357.3894654995835 266.582475671854
357.4088672368307 266.1565193460302
357.43139079476424 265.7343807285422
357.4570203069304 265.3160623329867
357.48573990687515 264.9015666729588
357.51753372814454 264.490896262055
357.55238590428473 264.08405361387076
357.59028056884176 263.6810412420025
357.6312018553618 263.2818616600455
357.6751338973908 262.8865173815964
357.7220608284751 262.49501092025025
357.77196678216063 262.10734478960376
357.82483589199353 261.7235215032522
357.8806522915199 261.34354357479214
357.9394001142858 260.9674135178187
358.0010634938373 260.59513384592856
358.06562656372057 260.226707072717
358.13307345748154 259.8621357117803
358.20338830866666 259.50142227671404
358.2765552508216 259.1445692811146
358.3525584174928 258.79157923857747
358.43138194222604 258.44245466269894
358.51300995856775 258.09719806707426
358.5974266000637 257.7558119653002
358.68461600026035 257.41829887097185
358.77456229270337 257.0846612976858
358.8672496109392 256.75490175903735
358.9626620885137 256.429022768623
359.0607838589732 256.107026840038
359.1615990558635 255.78891648687892
359.26509181273104 255.47469422274108
359.3712462631215 255.1643625612209
359.48004654058144 254.85792401591388
359.5914767786566 254.5553811004163
359.70552111089336 254.25673632832357
359.8221636708374 253.9619922132322
359.9413885920353 253.67115126873745
360.0631800080327 253.38421600843583
360.18752205237615 253.10118894592276
360.31439885861124 252.82207259479452
360.4437945602845 252.5468694686467
360.57569329094184 252.27558208107547
360.7100791841295 252.0082129456765
360.84693637339325 251.74476457604598
360.98624899227946 251.48523948577937
361.1280011743342 251.22964018847324
361.2721770531034 250.9779691977228
361.4187607621334 250.7302290271245
361.56773643497013 250.48642219027374
361.71908820515955 250.24655120076693
361.87280020624814 250.01061857219958
362.02885657178155 249.77862681816794
362.18724143530636 249.5505784522676
362.3479389303682 249.32647598809467
362.51093319051347 249.10632193924488
362.6762083492881 248.89011881931435
362.84374854023844 248.67786914189878
363.0135378969102 248.4695754205943
363.1855605528497 248.26524016899657
363.35980064160304 248.06486590070176
363.5362413957954 247.86845512930546
363.7148451476575 247.67601036840387
363.8955532289742 247.48753413159267
364.0783060505985 247.3030289324679
364.2630440233839 247.1224972846254
364.4497075581833 246.94594170166118
364.63823706585055 246.77336469717096
364.82857295723835 246.60476878475095
365.0206556432004 246.44015647799665
365.2144255345897 246.27953029050423
365.40982304225986 246.12289273586958
365.60678857706375 245.97024632768864
365.8052625498551 245.82159357955715
366.0051853714867 245.67693700507118
366.2064974528123 245.53627911782638
366.4091392046848 245.39962243141906
366.6130510379578 245.2669694594448
366.8181733634842 245.13832271549973
367.0244465921178 245.01368471317943
367.2318111347114 244.89305796608016
367.4402074021187 244.77644498779762
367.64957580519246 244.66384829192782
367.85985675478645 244.55527039206652
368.0709906617537 244.4507138018099
368.28291793694757 244.35018103475352
368.4955789912213 244.25367460449354
368.7089142354282 244.16119702462566
368.9228640804215 244.0727508087461
369.1373689370547 243.98833847045046
369.3523692161807 243.9079625233348
369.56780532865315 243.8316254809949
369.7836176853251 243.7593298570269
369.99974669705006 243.69107816502634
370.21613277468083 243.62687291858953
370.4327163290713 243.56671663131215
370.6494377710743 243.51061181679006
370.86623751154343 243.4585609886193
371.0830559613316 243.41056666039572
371.2998335312925 243.36663134571518
371.51651063227916 243.3267575581737
371.73302767514497 243.29094781136706
371.94932507074304 243.25920461889126
372.1653432299269 243.23153049434217
372.38102256354966 243.20792795131564
372.59630348246475 243.1883995034077
372.81112639752524 243.17294766421412
373.0254317195846 243.1615749473309
373.23915985949594 243.15428386635398
373.45225122811274 243.15107693487914
373.66464623628804 243.15195666650231
373.87628529487546 243.1569255748194
374.0871088147278 243.16598617342646
374.297057206699 243.17914097591927
374.5060708816417 243.1963924958937
374.71409025040947 243.2177432469457
374.9210557238555 243.24319574267122
375.1269077128334 243.27275249666616
375.3315866281959 243.30641602252626
375.5350328807968 243.34418883384768
375.73718688148887 243.38607344422616
375.93798904112606 243.4320723672576
376.13737977056087 243.48218811653805
376.3352994806473 243.53642320566325
376.53169588468955 243.59477284838647
376.72656127500613 243.65718769537222
376.91990476269604 243.72360158451244
377.1117354898624 243.7939483227064
377.3020625986075 243.8681617168537
377.4908952310345 243.94617557385362
377.6782425292458 244.0279237006054
377.86411363534444 244.11333990400885
378.04851769143283 244.20235799096298
378.23146383961426 244.2949117683674
378.4129612219908 244.39093504312132
378.5930189806658 244.49036162212434
378.7716462577415 244.59312531227573
378.94885219532114 244.69915992047493
379.12464593550686 244.80839925362136
379.29903662040203 244.9207771186144
379.4720333921091 245.0362273223534
379.6436453927308 245.1546836717378
379.8138817643698 245.27607997366698
379.98275164912917 245.4003500350404
380.15026418911134 245.52742766275736
380.31642852641903 245.65724666371727
380.48125380315537 245.78974084481968
380.64474916142285 245.92484401296383
380.80692374332403 246.06248997504912
380.9677866909619 246.20261253797497
381.1273471464392 246.34514550864094
381.2856142518587 246.49002269394623
381.442597149323 246.63717790079016
381.598304980935 246.78654493607223
381.7527468887972 246.93805760669215
381.90593201501275 247.09164971954885
382.057869501684 247.24725508154194
382.2085684909138 247.40480749957072
382.35803812480515 247.56424078053476
382.5062875454607 247.72548873133331
382.65332589498274 247.88848515886576
382.79916231547446 248.05316387003154
382.9438059490388 248.2194586717302
383.08726593777806 248.387303370861
383.22955142379504 248.5566317743232
383.3706715491927 248.72737768901635
383.5106354560737 248.89947492183995
383.64945228654085 249.07285727969338
383.78713118269667 249.24745856947567
383.9236812866441 249.4232125980866
384.05911174048595 249.60005317242553
384.1934316863247 249.77791409939164
384.3266502662634 249.95672918588463
384.4587766224045 250.13643223880365
384.5898198968511 250.3169570650483
384.71978923170553 250.4982374715177
384.8486937690709 250.6802072651115
384.9765426510497 250.86280025272904
385.1033450197449 251.04595024126976
385.22911001725913 251.22959103763273
385.35384678569505 251.41365644871786
385.47756446715545 251.5980802814241
385.6002722037432 251.78279634265118
385.72197913756094 251.9677384392983
385.8426944107115 252.15284037826498
385.9624271652975 252.3380359664504
386.08118654342184 252.52325919248656
386.19898168718703 252.70847325874828
386.3158217386962 252.8937024775755
386.4317158400516 253.07897883382304
386.54667313335636 253.26433431234634
386.66070276071315 253.44980089800015
386.7738138642246 253.6354105756399
386.88601558599356 253.8211953301203
386.99731706812275 254.00718714629684
387.10772745271487 254.19341800902433
387.2172558818728 254.37991990315805
387.32591149769905 254.56672481355278
387.4337034422966 254.75386472506412
387.54064085776815 254.9413716225466
387.6467328862164 255.12927749085577
387.751988669744 255.31761431484625
387.85641735045385 255.50641407937368
387.9600280704486 255.69570876929268
388.0628299718311 255.8855303694587
388.16483219670397 256.07591086472655
388.2660438871701 256.26688223995154
388.3664741853321 256.45847647998846
388.46613223329285 256.6507255696928
388.5650271731549 256.8436614939193
388.66316814702134 257.0373162375233
388.76056429699435 257.23172178535964
388.85722476517725 257.42691012228374
388.9531586936725 257.62291323315026
389.0483752245829 257.8197631028148
389.1428835000112 258.017491716132
389.2366926620602 258.2161310579573
389.3298118528325 258.4157131131454
389.422250214431 258.61626986655176
389.5140168889583 258.81783261714793
389.60512101851737 259.02042691453374
389.69557174521066 259.22407543886834
389.7853782111412 259.4288008491793
389.8745495584115 259.6346258044937
389.9630949291245 259.8415729638391
390.0510234653828 260.04966498624265
390.13834430928927 260.25892453073175
390.2250666029466 260.4693742563336
390.3111994884574 260.68103682207567
390.3967521079246 260.893934886985
390.481733603451 261.1080911100893
390.56615311713915 261.3235281504154
390.65001979109195 261.5402686669911
390.73334276741195 261.75833531884325
390.8161311882022 261.97775076499954
390.8983941955651 262.19853766448693
390.98014093160367 262.4207186763332
391.0613805384205 262.64431645956506
391.14212215811847 262.8693536732103
391.2223749328002 263.09585297629593
391.30214800456855 263.32383702784955
391.3814505155261 263.55332848689807
391.46029160777584 263.7843500124693
391.53868042342026 264.01692426359006
391.6166261045622 264.25107389928803
391.6941377933044 264.48682157859025
391.7712246317498 264.7241899605243
391.84789576200086 264.9632017041172
391.9241600908954 265.2038785601472
392.0000211141746 265.4462213896579
392.07547691648296 265.6902101639595
392.15052534720013 265.93582394611224
392.22516425570575 266.18304179917675
392.29939149137925 266.43184278621345
392.3732049036002 266.6822059702831
392.44660234174813 266.93411041444574
392.5195816552028 267.18753518176237
392.59214069334354 267.44245933529317
392.6642773055501 267.69886193809896
392.7359893412018 267.95672205323984
392.80727464967845 268.2160187437768
392.8781310803594 268.4767310727698
392.94855648262444 268.73883810328
393.0185487058528 269.0023188983672
393.08810559942447 269.2671525210926
393.15722501271864 269.5333180345161
393.22590479511507 269.8007945016988
393.29414279599325 270.06956098570066
393.36193686473274 270.33959654958267
393.42928485071303 270.6108802564049
393.496184603314 270.8833911692283
393.56263397191486 271.15710835111287
393.62863080589517 271.43201086511965
393.6941729546348 271.7080777743088
393.75925826751296 271.9852881417411
393.82388459390944 272.26362103047666
393.8880497832037 272.5430555035764
393.9517516847752 272.82357062410057
394.0149881480038 273.1051454551099
394.0777570222689 273.38775905966463
394.14005615695 273.67139042697386
394.2018834014266 273.95601093752845
394.2632366050786 274.2415778595688
394.3241136172851 274.52804692903646
394.38451228742593 274.8153738818746
394.4444304648806 275.1035144540247
394.50386599902873 275.3924243814299
394.5628167392498 275.6820594000318
394.6212805349234 275.9723752457735
394.67925523542914 276.2633276545965
394.73673869014647 276.5548723624438
394.793728748455 276.84696510525737
394.85022325973443 277.13956161897977
394.90622007336395 277.4326176395531
394.96171703872346 277.72608890291997
395.0167120051926 278.0199311450223
395.0712028221505 278.314100101803
395.125187338977 278.60855150920383
395.1786634050517 278.9032411031676
395.23162886975416 279.19812461963613
395.28408158246367 279.49315779455236
395.33601939256016 279.7882963638581
395.38744014942296 280.083496063496
395.4383417024317 280.37871262940814
395.48872190096597 280.67390179753716
395.53857859440524 280.96901930382506
395.58790963212914 281.2640208842146
395.6367128635171 281.55886227464754
395.68498613794895 281.85349921106683
395.73272730480403 282.14788742941425
395.779934213462 282.4419826656326
395.8266047133023 282.73574065566385
395.8727366537047 283.0291168674423
395.9183278840485 283.32203795497117
395.9633762537134 283.61437645741194
396.0078796120791 283.90599894660164
396.0518358085249 284.1967719943781
396.0952426924304 284.48656217257815
396.1380981131754 284.77523605303975
396.18039992013905 285.06266020759966
396.22214596270135 285.3487012080959
396.2633340902416 285.6332256263654
396.30396215213955 285.91610003424597
396.34402799777445 286.1971910035745
396.3835294765261 286.47636510618884
396.42246443777407 286.75348891392605
396.4608307308978 287.0284289986238
396.4986262052768 287.3010519321191
396.5358487102909 287.57122428624984
396.5724960953195 287.83881263285286
396.60856620974204 288.10368354376607
396.64405690293825 288.36570359082646
396.67896602428766 288.6247393458717
396.7132914231697 288.88065738073897
396.7470309489642 289.1333242672659
396.7801824510505 289.38260657728955
396.8127437788082 289.6283708826477
396.8447127816168 289.8704837551773
396.87608730885603 290.1088117667162
396.90686520990533 290.34322148910144
396.9370443341442 290.5735794941704
396.96662253095246 290.79975235376094
396.9955976497095 291.02160663971006
397.0239675397947 291.23900892385495
397.05173005058776 291.45182577803337
397.07888303146854 291.6599237740828
397.1054243318162 291.86316948384035
397.13135180101045 292.0614294791434
397.15666328843093 292.2545703318293
397.1813566434569 292.4424586137359
397.20542971546826 292.62496089670014
397.2288803538445 292.8019437525594
397.251706407965 292.97327375315126
397.27390572720947 293.13881747031314
397.29547616095743 293.2984414758823
397.3164155585884 293.45201234169616
397.33672176948204 293.5993966395921
397.3563926430179 293.74046094140766
397.37542602857553 293.8750718189801
397.39381977553444 294.0030958441466
397.41157173327406 294.12439958874495
397.42867975117423 294.2388496246124
397.44514167861445 294.3463125235862
397.46095536497415 294.44665485750386
397.47611865963296 294.5397431982027
397.4906294119705 294.62544411752026
397.504485471366 294.7036241872938
397.51768468719945 294.77414997936074
397.5302249088503 294.83688806555836
397.54210398569796 294.89170501772435
397.55331976712216 294.93846740769584
397.5638701025023 294.97704180731023
397.57375284121815 295.00729478840503
397.58296583264894 295.0290929228176
397.5915069261746 295.04230278238526
397.5993739711745 295.04679100736945
397.6065648170282 295.042447132761
397.61307731311524 295.0292166822784
397.61890930881526 295.0070535793296
397.62405865350775 294.9759117473227
397.6285231965724 294.9357451096656
397.63230078738866 294.88650758976655
397.635389275336 294.82815311103343
397.6377865097941 294.7606355968744
397.63949034014263 294.68390897069753
397.64049861576103 294.5979271559108
397.6408091860287 294.5026440759222
397.64041990032547 294.39801365413985
397.6393286080307 294.28398981397197
397.63753315852415 294.16052647882617
397.63503140118513 294.02757757211094
397.6318211853935 293.885097017234
397.62790036052854 293.7330387376037
397.62326677596997 293.5713566566278
397.6179182810973 293.40000469771456
397.6118527252901 293.2189367842719
397.6050679579279 293.028106839708
397.5975618283903 292.82746878743063
397.5893321860568 292.6169765508482
397.58037688030714 292.39658405336854
397.57069376052067 292.1662452183998
397.560280676077 291.92591396934984
397.5491354763558 291.675544229627
397.53725601073637 291.4150899226389
397.52464012859866 291.14450497179416
397.51128567932193 290.86374330050023
397.4971905122858 290.57275883216573
397.48235247687 290.27150549019814
397.46676942245375 289.95993719800606
397.4504391984169 289.638007878997
397.43335965413894 289.3056714565796
397.41552863899943 288.9628818541613
397.3969440023779 288.6095929951507
397.3776035936539 288.24575880295527
397.357505262207 287.8713332009836
397.3366468574167 287.4862701126433
397.3150262286628 287.0905234613429
397.29264122532464 286.68404717048986
397.26948969678176 286.2667951634928
397.2455694924139 285.8387213637592
397.22087846160036 285.3997796946978
397.19541445372096 284.94992407971586
397.16917531815517 284.48910844222223
397.14215890428255 284.0172867056241
397.11436306148244 283.5344127933304
397.08578563913477 283.04044062874834
397.05642448661894 282.5353241352868
397.02627745331444 282.019017236353
396.995342388601 281.4914738553558
396.9636171418579 280.9526479157024
396.931099562465 280.4024933408017
396.8977874998018 279.840964054061
396.8636788032477 279.26801397888903
396.8287713221824 278.68359703869294
396.7930629059853 278.08766715688193
396.75655140403614 277.4801782568629
396.71923466571445 276.86108426204504
396.6811105403997 276.2303394448204
396.64217687747157 275.5879590970006
396.6024315263095 274.93408877755087
396.56187233629316 274.2688907954206
396.52049715680204 273.59252745955655
396.47830383721566 272.9051610789079
396.4352902269137 272.20695396242184
396.3914541752756 271.4980684190473
396.3467935316811 270.77866675773123
396.30130614550956 270.0489112874229
396.25498986614053 269.30896431706935
396.20784254295376 268.55898815561955
396.1598620253286 267.79914511202065
396.1110461626449 267.02959749522165
396.061392804282 266.2505076141696
396.01089979961944 265.46203777781363
395.95956499803674 264.6643502951007
395.9073862489137 263.8576074749801
395.8543614016296 263.0419838513536
395.8004883055644 262.2177330800364
395.74576481009717 261.38514031772615
395.6901887646078 260.5444908021249
395.6337580184757 259.69606977093184
395.5764704210805 258.84016246184893
395.51832382180174 257.9770541125753
395.459316070019 257.10702996081295
395.3994450151118 256.2303752442611
395.33870850645974 255.3473752006217
395.2771043934423 254.4583150675939
395.2146305254392 253.56348008287975
395.15128475182973 252.6631554841783
395.0870649219938 251.7576265091917
395.0219688853107 250.8471784588157
394.95599449116014 249.93210829892206
394.8891395889215 249.0127382180251
394.8214020279746 248.08939369628547
394.7527796576989 247.1624002138608
394.68327032747385 246.23208325091207
394.612871886679 245.29876828759677
394.54158218469416 244.3627808040756
394.4693990708986 243.4244462805064
394.396320394672 242.48409019704985
394.3223440053939 241.5420380338635
394.247467752444 240.59861527110837
394.17168948520157 239.6541473889419
394.0950070530466 238.70895986752492
394.01741830535815 237.76337818701506
393.93892109151625 236.8177278098118
393.8595132609001 235.8723208513881
393.77919266288944 234.9274323752096
393.69795714686364 233.9833310673318
393.6158045622026 233.04028561381358
393.53273275828553 232.09856470071037
393.44873958449233 231.15843701408102
393.3638228902022 230.22017123998103
393.277980524795 229.2840360644692
393.1912103376501 228.35030017360123
393.1035101781471 227.41923225343567
393.01487789566556 226.49110099002814
392.9253113395852 225.56617506943752
392.8348083592854 224.6447231777193
392.74336680414575 223.72701400093217
392.6509844434794 222.8133064529893
392.5576582787091 221.9037657262619
392.4633848836076 220.99850481825683
392.36816082732867 220.097636162622
392.27198267902503 219.20127219300213
392.17484700785013 218.30952534304515
392.0767503829573 217.42250804639565
391.9776893734997 216.5403327367015
391.8776605486305 215.6631118476074
391.77666047750296 214.79095781276118
391.6746857292704 213.92398306580765
391.5717328730861 213.06230004039446
391.4677984781031 212.20602117016642
391.36287911347483 211.35525888877135
391.2569713483544 210.51012562985414
391.1500717518953 209.67073382706235
391.0421768932504 208.83719591404082
390.9332833415733 208.00962432443737
390.82338766601697 207.18813149189674
390.7124864357348 206.3728298500667
390.6005762198799 205.5638318325921
390.4876535876056 204.76124987312056
390.3737151080652 203.96519640529698
390.25875735041205 203.17578386276904
390.142776883799 202.3931246791817
390.02577027737954 201.61733128818264
389.9077341003069 200.84851612341652
389.7886649217344 200.08679161853104
389.66855931081494 199.33227020717135
389.5474138367023 198.58506432298486
389.4252250685492 197.84528639961655
389.30198957550925 197.11304887071407
389.1777039267355 196.38846416992243
389.05236469138123 195.671644730889
388.92596843859974 194.96270298725898
388.79851173754423 194.26175137267973
388.66999115736775 193.5689023207965
388.54040326722406 192.88426826525654
388.4097446362658 192.20796163970505
388.27801183364664 191.5400948777895
388.1452014285196 190.88078041315504
388.011309990038 190.23013067944896
387.8763340873549 189.58825811031647
387.740270289624 188.955275139405
387.60311516599813 188.33129420036016
387.46486528563054 187.71642772682776
387.3255172176746 187.11078815245475
387.1850675312836 186.51448791088762
387.0435127956108 185.92763943577233
386.9008495798092 185.35035516075465
386.75707445303215 184.7827475194813
386.6121839844331 184.224928945599
386.46617474316514 183.67701187275355
386.3190432983813 183.13910873459093
386.170786219235 182.6113319647577
386.02140007487975 182.09379399690062
385.87088143446846 181.58660726466553
385.71922686715436 181.08988420169828
385.5664329420908 180.60373724164555
385.4124962284311 180.128278818154
385.25741329532843 179.66362136486958
385.1011807119358 179.20987731543812
384.94379504740675 178.7671402959025
384.7852528708945 178.3353504991951
384.6255507515523 177.91437326516615
384.46468525853305 177.50407342872398
384.3026529609903 177.1043158247778
384.1394504280775 176.7149652882365
383.9750742289475 176.33588665400862
383.80952093275357 175.96694475700264
383.6427871086491 175.60800443212747
383.4748693257874 175.25893051429233
383.3057641533216 174.9195878384055
383.1354681604048 174.5898412393757
382.96397791619034 174.2695555521118
382.7912899898317 173.95859561152275
382.6174009504819 173.65682625251725
382.44230736729406 173.36411231000346
382.2660058094217 173.08031861889083
382.0884928460179 172.80531001408804
381.90976504623603 172.53895133050366
381.729818979229 172.2811074030463
381.5486512141503 172.03164306662484
381.36625832015335 171.79042315614828
381.1826368663912 171.55731250652525
380.99778342201694 171.33217595266416
380.8116945561839 171.11487832947398
380.62436683804555 170.9052844718637
380.435796836755 170.70325921474205
380.2459811214652 170.5086673930174
380.0549162613298 170.32137384159864
379.86259882550195 170.14124339539478
379.66902538313474 169.96814088931433
379.4741925033815 169.8019311582661
379.2780967553955 169.6424790371588
379.0807347083299 169.48964936090124
378.882102931338 169.3433069644023
378.682197993573 169.2033166825704
378.4810164641883 169.0695433503147
378.27855491233686 168.94185180254357
378.07480990717227 168.82010687416607
377.86977801784735 168.70417340009072
377.6634558135158 168.5939162152265
377.45583986333037 168.48920015448192
377.2469267364448 168.3898900527659
377.0367130020119 168.2958507449871
376.82519522918517 168.20694706605445
376.61236998711775 168.1230438508764
376.3982338449631 168.04400593436202
376.182783371874 167.96969815141983
375.96601513700426 167.89998533695876
375.74792570950655 167.8347323258874
375.5285116585345 167.77380395311457
375.3077695532412 167.71706505354905
375.0856959627801 167.66438046209953
374.86228745630405 167.6156150136748
374.63754060296674 167.57063354318376
374.41145197192094 167.52930088553484
374.1840181323204 167.49148187563708
373.95523565331786 167.45704134839912
373.72510110406694 167.42584413872976
373.4936110537206 167.39775508153764
373.2607620714325 167.3726390117315
373.0265507263553 167.35036076422034
372.79097844626483 167.33079679691474
372.55408057847063 167.31390471147955
372.3159069283643 167.29967669681497
372.07650735501323 167.28810507022973
371.83593171748606 167.27918214903252
371.59422987485004 167.2729002505322
371.35145168617396 167.2692516920373
371.10764701052506 167.26822879085677
370.86286570697183 167.26982386429916
370.617157634582 167.27402922967337
370.3705726524237 167.2808372042881
370.1231606195647 167.29024010545186
369.8749713950734 167.30223025047366
369.62605483801724 167.31679995666212
369.3764608074648 167.33394154132594
369.12623916248344 167.3536473217739
368.87543976214187 167.3759096153148
368.62411246550727 167.40072073925734
368.3723071316484 167.42807301091005
368.1200736196326 167.45795874758193
367.8674617885283 167.49037026658158
367.61452149740313 167.5252998852178
367.36130260532553 167.56273992079934
367.1078549713631 167.60268269063477
366.8542284545841 167.64512051203292
366.6004729140561 167.6900457023026
366.3466382088477 167.73745057875237
366.0927741980262 167.7873274586912
365.83893074066026 167.8396686594275
365.5851576958173 167.89446649827045
365.3315049225657 167.95171329252838
365.0780222799732 168.01140135951016
364.82475962710805 168.07352301652463
364.5717668230379 168.1380705808803
364.31909372683106 168.2050363698861
364.0667901975551 168.27441270085075
363.8149060942786 168.3461918910828
363.563491276069 168.4203662578912
363.3125956019947 168.4969281185845
363.0622689311233 168.57586979047164
362.81256112252316 168.6571835908611
362.5635220352619 168.74086183706186
362.3152015284079 168.8268968463825
362.0676494610288 168.91528093613175
361.82091569219284 169.00600642361843
361.57505008096774 169.0990656261513
361.3301024864219 169.1944508610389
361.0861227676228 169.29215444559014
360.84316078363884 169.39216869711368
360.60126639353774 169.49448593291834
360.3604894563877 169.59909847031264
360.12087983125645 169.70599862660566
359.8824873772123 169.8151787191058
359.64536195332295 169.92663106512197
359.4095534186566 170.04034798196273
359.175111632281 170.15632178693704
358.94208645326455 170.2745447973536
358.7105277406746 170.39500933052096
358.4804853535798 170.51770770374793
358.2520091510477 170.64263223434347
358.02514899214646 170.76977523961597
357.79995473594397 170.89912903687446
357.5764762415084 171.03068594342733
357.3547633679074 171.1644382765836
357.1348659742095 171.30037835365192
356.91683391948214 171.438498491941
356.7007170627937 171.57879100875965
356.48656526321173 171.72124822141654
356.27442837980476 171.8658624472203
356.06435627164035 172.0126260034798
355.8563987977867 172.1615312075038
355.6506058173116 172.312570376601
355.4470271892833 172.46573582808003
355.2457127727696 172.62101987924973
355.0467124268387 172.77841484741867
354.8500760105582 172.93791304989594
354.65585338299655 173.09950680398987
354.46409440322134 173.26318842700954
354.27484893030083 173.42895023626335
354.08816682330274 173.59678454906032
353.90409794129545 173.76668368270902
353.72269214334653 173.93863995451824
353.5439992885243 174.1126456817966
353.3680692358964 174.2886931818531
353.1949518445312 174.46677477199609
353.0246969734964 174.64688276953473
352.8573544818603 174.8290094917773
352.6929742286904 175.013147256033
352.5316060730552 175.1992883796101
352.37329987402217 175.38742517981785
352.21810549065987 175.57754997396438
352.06607278203586 175.76965507935893
351.91725160721836 175.96373281331
351.77169182527507 176.15977549312646
351.62944329527437 176.3577754361168
351.4905558762839 176.55772495959002
351.3550794273719 176.7596163808547
351.2230638076062 176.96344201721962
351.09455887605486 177.16919418599343
350.96961449178593 177.3768652044849
350.84828051386717 177.58644739000295
350.7306068013667 177.79793305985618
350.61664321335263 178.0113145313531
350.50643960889283 178.2265841218026
350.40004584705514 178.44373414851378
350.2975117869078 178.66275692879492
350.1988872875187 178.8836447799548
350.1042222079559 179.10639001930218
350.01356640728716 179.33098496414607
349.9269697445806 179.55742193179498
349.84448207890443 179.78569323955736
349.7661532693263 180.0157912047423
349.69203317491434 180.24770814465865
349.6221716547365 180.48143637661497
349.5566185678608 180.71696821791977
349.4954237733553 180.95429598588197
349.4386371302878 181.19341199781053
349.3863084977264 181.43430857101401
349.33848773473915 181.67697802280088
349.29522470039393 181.9214126704801
349.2565692537588 182.16760483136056
349.2225712539017 182.41554682275085
349.1932805598906 182.6652309619596
349.1687470307935 182.91664956629558
349.14902052567845 183.1697949530677
