4.159392530362541751e-01 5.470234351710254739e-01 9.645750776052763875e-01
4.160312893312650417e-01 5.465715177193734009e-01 9.642481761238105298e-01
4.161343170145430093e-01 5.470348347115612242e-01 9.644872209006429831e-01
4.162680767629023948e-01 5.463680834735424874e-01 9.649348723029733677e-01
4.162680767629023948e-01 5.463680834735424874e-01 9.649348723029733677e-01
4.160521677947762176e-01 5.464996739860142894e-01 9.648704320380252497e-01
4.159556713991656163e-01 5.470402144973025571e-01 9.650783943656681130e-01
4.162202860163604634e-01 5.465761825723854939e-01 9.648764758700217881e-01
4.163890074906042016e-01 5.465955963182048682e-01 9.647196360503007551e-01
4.163890074906042016e-01 5.465955963182048682e-01 9.647196360503007551e-01
4.163769193740324837e-01 5.467058761311783810e-01 9.648977554269091428e-01
4.166662900193630059e-01 5.462163607691551404e-01 9.647961641516586973e-01
4.166662900193630059e-01 5.462163607691551404e-01 9.647961641516586973e-01
4.165747362550548671e-01 5.466682715335474674e-01 9.650814678855078599e-01
4.165747362550548671e-01 5.466682715335474674e-01 9.650814678855078599e-01
4.162389747460157330e-01 5.464958255480104610e-01 9.650512614931927580e-01
4.159611096917647521e-01 5.468671239157302244e-01 9.640697229655370570e-01
4.161854328822103821e-01 5.468268016078133842e-01 9.653883038439232678e-01
4.162007887576598120e-01 5.466370414686110291e-01 9.648508066909319281e-01
4.162790014925925042e-01 5.463136507146622023e-01 9.650901354798354648e-01
4.162790014925925042e-01 5.463136507146622023e-01 9.650901354798354648e-01
4.162460601103430968e-01 5.465264487538443738e-01 9.652759953895161393e-01
4.159782395469872607e-01 5.468811629851529910e-01 9.647466589181185048e-01
4.159782395469872607e-01 5.468811629851529910e-01 9.647466589181185048e-01
4.160407075846547786e-01 5.465381159430883207e-01 9.645758627047315015e-01
4.160407075846547786e-01 5.465381159430883207e-01 9.645758627047315015e-01
4.162121343500462811e-01 5.465301797942151429e-01 9.645126915500791265e-01
4.162121343500462811e-01 5.465301797942151429e-01 9.645126915500791265e-01
4.166887611421059012e-01 5.460613212429095142e-01 9.654966680484891040e-01
4.166338673339156640e-01 5.464238286403710898e-01 9.652624633996520487e-01
4.168392011266464636e-01 5.461495012181785125e-01 9.645714625274863785e-01
4.166558576854186291e-01 5.462955031974106035e-01 9.655419140847989468e-01
4.166558576854186291e-01 5.462955031974106035e-01 9.655419140847989468e-01
4.176855166030209454e-01 5.455479613432456798e-01 9.647318837902023603e-01
4.194528732821403705e-01 5.439742599209067553e-01 9.652582454329795558e-01
4.194528732821403705e-01 5.439742599209067553e-01 9.652582454329795558e-01
4.217266471920314008e-01 5.423397811200771912e-01 9.650381923058757305e-01
4.232554493932315087e-01 5.418757684184776213e-01 9.649218204006393407e-01
4.253300084406486659e-01 5.403218473480505546e-01 9.644302779786699809e-01
4.253300084406486659e-01 5.403218473480505546e-01 9.644302779786699809e-01
4.289363395376152854e-01 5.372081669413811822e-01 9.649823441700370319e-01
4.318762286036190168e-01 5.346411010193828917e-01 9.643746774181061188e-01
4.318762286036190168e-01 5.346411010193828917e-01 9.643746774181061188e-01
4.360936963188427051e-01 5.320097424920228191e-01 9.648874458270362275e-01
4.398939803675800397e-01 5.292828611339980283e-01 9.643533683742335771e-01
4.398939803675800397e-01 5.292828611339980283e-01 9.643533683742335771e-01
4.438269196242871639e-01 5.259231857375493702e-01 9.645982062843938554e-01
4.466475722413117411e-01 5.238123310914093445e-01 9.658733332133325744e-01
4.509739596460426436e-01 5.208188948570823262e-01 9.649498248704793113e-01
4.546746617206048335e-01 5.169341342460592736e-01 9.647464174645925539e-01
4.546746617206048335e-01 5.169341342460592736e-01 9.647464174645925539e-01
4.579737249819970102e-01 5.146820422270365070e-01 9.650473462849480377e-01
4.689723716819930721e-01 5.048142889013589318e-01 9.646857868219655963e-01
4.689723716819930721e-01 5.048142889013589318e-01 9.646857868219655963e-01
4.770087685621129947e-01 4.983007597743487893e-01 9.647315440550232601e-01
4.808519937378136766e-01 4.944980677364512189e-01 9.651824593893554294e-01
4.863117319056899368e-01 4.897849010503986245e-01 9.650644705266063772e-01
4.904080391763924740e-01 4.862273787367382694e-01 9.652127227332798487e-01
4.937613136936644387e-01 4.828343058944432054e-01 9.648995985484419835e-01
4.976275849958899378e-01 4.789664911569080363e-01 9.648206546019084673e-01
5.027490467621199555e-01 4.738656426619247686e-01 9.648449152104906501e-01
5.056280297444516458e-01 4.708431731274110854e-01 9.638936126229445955e-01
5.056280297444516458e-01 4.708431731274110854e-01 9.638936126229445955e-01
5.121150822214594056e-01 4.646772288685823149e-01 9.653311462473872506e-01
5.121150822214594056e-01 4.646772288685823149e-01 9.653311462473872506e-01
5.203987403454262139e-01 4.554970625416823737e-01 9.647237046469820942e-01
5.203987403454262139e-01 4.554970625416823737e-01 9.647237046469820942e-01
5.249079645482948031e-01 4.507027272725114275e-01 9.646631760209080086e-01
5.300920853505396435e-01 4.453932452212904236e-01 9.647596075895695789e-01
5.333030661409911000e-01 4.413123825937643185e-01 9.653555797876567368e-01
5.378565079489104894e-01 4.364422764748674410e-01 9.644463943988054178e-01
5.411763074265525386e-01 4.321053964412944759e-01 9.652172080564571655e-01
5.454692355559088712e-01 4.273524994287972723e-01 9.646998929185913729e-01
5.454692355559088712e-01 4.273524994287972723e-01 9.646998929185913729e-01
5.503119109994439873e-01 4.208711036859723587e-01 9.650176804292311949e-01
5.530170902601576621e-01 4.175523048977133334e-01 9.643045537913714771e-01
5.562354808642235859e-01 4.137024649972906865e-01 9.643761501984234874e-01
5.562354808642235859e-01 4.137024649972906865e-01 9.643761501984234874e-01
5.604838671720033805e-01 4.081004898671664605e-01 9.651207221106512524e-01
5.604838671720033805e-01 4.081004898671664605e-01 9.651207221106512524e-01
5.676255948598746270e-01 3.988715082179167259e-01 9.648515904165995138e-01
5.676255948598746270e-01 3.988715082179167259e-01 9.648515904165995138e-01
5.739045668350699625e-01 3.910265003666874017e-01 9.643550253402226602e-01
5.739045668350699625e-01 3.910265003666874017e-01 9.643550253402226602e-01
5.794098702621208741e-01 3.822676555683695021e-01 9.644720148464218656e-01
5.794098702621208741e-01 3.822676555683695021e-01 9.644720148464218656e-01
5.839045618338940535e-01 3.765279105730356402e-01 9.656524372176922277e-01
5.839045618338940535e-01 3.765279105730356402e-01 9.656524372176922277e-01
5.864697732415077303e-01 3.726852275378732537e-01 9.647304806206526973e-01
5.873160594620694397e-01 3.714323243083826331e-01 9.646515827171111557e-01
5.901731948126699434e-01 3.670855799178145973e-01 9.655913147117267670e-01
5.918587902103530363e-01 3.647210843895943300e-01 9.645321586311528250e-01
5.930115039896716178e-01 3.623352168807862372e-01 9.644556474213531461e-01
5.949182391072027620e-01 3.591628021892906419e-01 9.645963144242674092e-01
5.966292279618158334e-01 3.568411438731245999e-01 9.643746232004295482e-01
5.966292279618158334e-01 3.568411438731245999e-01 9.643746232004295482e-01
5.984270845387700266e-01 3.540397430664032896e-01 9.654609051684367449e-01
5.997322387130388233e-01 3.516985865033526171e-01 9.650032867671083370e-01
6.012034364816909449e-01 3.493319934369092938e-01 9.646501399491069773e-01
6.025587604388563667e-01 3.471777179353571219e-01 9.647361335120071546e-01
6.025587604388563667e-01 3.471777179353571219e-01 9.647361335120071546e-01
6.043005157785314996e-01 3.443973021916404420e-01 9.648687024938298329e-01
6.059380197378304578e-01 3.412979936384145652e-01 9.644754143793388135e-01
6.059380197378304578e-01 3.412979936384145652e-01 9.644754143793388135e-01
6.081825631204488269e-01 3.383626344292303134e-01 9.647400970009634147e-01
6.091150701401267797e-01 3.362173414605750810e-01 9.645452548240103230e-01
6.091150701401267797e-01 3.362173414605750810e-01 9.645452548240103230e-01
6.112538767663313610e-01 3.323554832049296914e-01 9.644746428252597426e-01
6.112538767663313610e-01 3.323554832049296914e-01 9.644746428252597426e-01
6.137121929433047018e-01 3.282523314529597336e-01 9.641197449251608376e-01
6.137121929433047018e-01 3.282523314529597336e-01 9.641197449251608376e-01
6.160944492264351924e-01 3.225361266035398078e-01 9.651783019269113417e-01
6.171769261306135901e-01 3.185212952280415122e-01 9.645123597311586749e-01
6.174758891103498959e-01 3.169659639841411747e-01 9.644013096291335074e-01
6.185405702806288097e-01 3.136242405268875322e-01 9.638164977575252035e-01
6.191038598320798281e-01 3.105625099389127675e-01 9.635240532416043946e-01
6.202422870862093207e-01 3.069291010576895573e-01 9.637305235602149356e-01
6.207213855504754019e-01 3.048567950239173818e-01 9.644200854832136738e-01
6.212444330400542780e-01 3.035896669755515087e-01 9.636803561531741558e-01
6.218018214307471370e-01 3.006287366246288562e-01 9.643121883073404454e-01
6.218018214307471370e-01 3.006287366246288562e-01 9.643121883073404454e-01
6.228337214829886559e-01 2.992238853511664520e-01 9.637042369350194981e-01
6.231499061023867414e-01 2.973751785994466768e-01 9.634191686601866200e-01
6.232558299561895554e-01 2.977386520552546267e-01 9.630809193509861643e-01
6.232558299561895554e-01 2.977386520552546267e-01 9.630809193509861643e-01
6.241350112934552774e-01 2.963352106504411054e-01 9.640594180951165271e-01
6.240068668616799430e-01 2.959248583270655542e-01 9.639393143794914298e-01
6.244584023019181807e-01 2.956080853514562179e-01 9.639195030884699644e-01
6.244584023019181807e-01 2.956080853514562179e-01 9.639195030884699644e-01
6.245175628731313155e-01 2.957275992752128602e-01 9.642988944889152592e-01
6.246332568246000250e-01 2.949449774497139298e-01 9.640025623214032446e-01
6.246332568246000250e-01 2.949449774497139298e-01 9.640025623214032446e-01
6.247345366680782108e-01 2.953333424734909674e-01 9.634399818937640081e-01
6.247660198038078594e-01 2.949148275771040217e-01 9.633272955675330484e-01
6.247657985205210540e-01 2.947830828567466477e-01 9.641228892404225537e-01
6.241222121258950262e-01 2.951531995176494005e-01 9.640468529758303706e-01
6.245412490599233646e-01 2.948250594669183933e-01 9.634588397428723860e-01
6.245412490599233646e-01 2.948250594669183933e-01 9.634588397428723860e-01
6.244571774944732701e-01 2.950646083346364357e-01 9.635744623851556501e-01
6.244803909036440448e-01 2.945243797031472099e-01 9.638949274022494684e-01
6.242498454776331807e-01 2.950101280429451855e-01 9.634163567437802334e-01
6.242498454776331807e-01 2.950101280429451855e-01 9.634163567437802334e-01
6.244244740373992020e-01 2.949527230614075179e-01 9.636058419693441790e-01
6.246803645671501481e-01 2.940780939159367557e-01 9.636327662669289529e-01
6.245114156669695493e-01 2.941054229573792922e-01 9.638060499640057621e-01
6.242264249264910525e-01 2.945272241775981348e-01 9.629130249090724902e-01
6.242264249264910525e-01 2.945272241775981348e-01 9.629130249090724902e-01
6.240564644859836196e-01 2.939983661941472093e-01 9.632750699419614371e-01
6.236174681194502911e-01 2.923168906076104578e-01 9.631912508721394151e-01
6.234993624267932688e-01 2.915601664638637347e-01 9.629514643431742460e-01
6.234993624267932688e-01 2.915601664638637347e-01 9.629514643431742460e-01
6.227181533644446931e-01 2.904928742978845069e-01 9.628646701169500943e-01
6.227181533644446931e-01 2.904928742978845069e-01 9.628646701169500943e-01
6.218364362458984607e-01 2.870078385148484568e-01 9.621088346001764879e-01
6.218364362458984607e-01 2.870078385148484568e-01 9.621088346001764879e-01
6.206686409223479695e-01 2.849081374653690824e-01 9.616108794103139790e-01
6.206686409223479695e-01 2.849081374653690824e-01 9.616108794103139790e-01
6.192359841296370959e-01 2.821840515171640806e-01 9.618780234799093609e-01
6.192359841296370959e-01 2.821840515171640806e-01 9.618780234799093609e-01
6.189675470831706994e-01 2.808608244802636156e-01 9.612442479063152412e-01
6.180766317102351914e-01 2.809010622590572548e-01 9.610653174631267337e-01
6.172737458436583502e-01 2.796539374448128168e-01 9.609397721150003679e-01
6.171010953222749729e-01 2.789179476917633127e-01 9.616504255702987836e-01
6.166968433418240636e-01 2.782331663954761281e-01 9.603362338186214320e-01
6.166968433418240636e-01 2.782331663954761281e-01 9.603362338186214320e-01
6.159053351871011106e-01 2.765371827022955475e-01 9.602402164530277062e-01
6.158969806453870044e-01 2.749444095142231648e-01 9.603186452270137119e-01
6.153472790407055193e-01 2.751869675204214327e-01 9.604577216365981496e-01
6.153472790407055193e-01 2.751869675204214327e-01 9.604577216365981496e-01
6.149073757519039063e-01 2.740279999389223509e-01 9.599245106089001611e-01
6.147017424156788756e-01 2.733875704778392923e-01 9.590718765629291376e-01
6.147017424156788756e-01 2.733875704778392923e-01 9.590718765629291376e-01
6.141203240135814090e-01 2.738697825143702747e-01 9.572390667629362415e-01
6.136352168237076965e-01 2.732204748959438656e-01 9.552571653444880129e-01
6.134712685503243002e-01 2.729869919828766256e-01 9.528387436647689501e-01
6.134712685503243002e-01 2.729869919828766256e-01 9.528387436647689501e-01
6.130382811380455932e-01 2.731131797002175343e-01 9.496843898264542005e-01
6.127251641626282330e-01 2.727541947679232859e-01 9.460770322380220865e-01
6.127251641626282330e-01 2.727541947679232859e-01 9.460770322380220865e-01
6.122878728365439560e-01 2.744344611862878369e-01 9.428991719569641550e-01
6.119035084787362022e-01 2.734140359487891581e-01 9.394449330348453309e-01
6.119035084787362022e-01 2.734140359487891581e-01 9.394449330348453309e-01
6.119446003403102852e-01 2.735760807120591886e-01 9.376197154157461799e-01
6.117786781364150661e-01 2.728324086707925034e-01 9.354598098149551344e-01
6.113202577902606683e-01 2.736076312544216127e-01 9.337493751152829979e-01
6.113202577902606683e-01 2.736076312544216127e-01 9.337493751152829979e-01
6.111003492742660415e-01 2.737948944922506955e-01 9.310657807023487997e-01
6.111003492742660415e-01 2.737948944922506955e-01 9.310657807023487997e-01
6.111212050935537210e-01 2.739400326936111130e-01 9.293751030517352074e-01
6.111212050935537210e-01 2.739400326936111130e-01 9.293751030517352074e-01
6.110131335209595393e-01 2.738487923382633138e-01 9.289048001412639755e-01
6.109190149971018835e-01 2.746559745789916573e-01 9.266710563400275547e-01
6.110456689956600407e-01 2.743429960633581022e-01 9.259092531770456436e-01
6.109006406453095783e-01 2.747935395057609642e-01 9.251108698007587394e-01
6.109006406453095783e-01 2.747935395057609642e-01 9.251108698007587394e-01
6.108251161369433468e-01 2.744535135637753420e-01 9.240704786621105615e-01
6.108721339500866598e-01 2.740503612267607414e-01 9.228440268230551080e-01
6.108721339500866598e-01 2.740503612267607414e-01 9.228440268230551080e-01
6.104349887437868771e-01 2.754934658482169341e-01 9.211990114765327142e-01
6.104349887437868771e-01 2.754934658482169341e-01 9.211990114765327142e-01
6.106390435977925302e-01 2.744906879453820614e-01 9.202324040486169476e-01
6.100696919647736749e-01 2.747691752386913211e-01 9.192295776616188352e-01
6.102471449191466668e-01 2.755289838888841381e-01 9.185500311445813360e-01
6.101547234951167908e-01 2.750157753797036198e-01 9.177386602843418117e-01
6.101547234951167908e-01 2.750157753797036198e-01 9.177386602843418117e-01
6.099241561537133149e-01 2.760548242831882826e-01 9.162891107565567239e-01
6.102374033711269741e-01 2.755853598130472148e-01 9.155200004712511497e-01
6.102661738059850238e-01 2.750861320161419044e-01 9.159960194192779959e-01
6.097933558121100273e-01 2.753746497565482398e-01 9.159800848389439976e-01
6.096908302769304955e-01 2.756146085731583373e-01 9.160623934741429775e-01
6.098152148881142987e-01 2.754881595820886653e-01 9.161894434633678364e-01
6.098152148881142987e-01 2.754881595820886653e-01 9.161894434633678364e-01
6.098977431673233696e-01 2.752113565457244837e-01 9.156217008485002529e-01
6.095996217552140939e-01 2.757002294338620207e-01 9.161381607799702342e-01
6.096949825393288558e-01 2.750091225467444223e-01 9.161064834539924817e-01
6.096949825393288558e-01 2.750091225467444223e-01 9.161064834539924817e-01
6.099105587503871329e-01 2.752483995111265624e-01 9.160480416356365785e-01
6.101363513282318518e-01 2.742588005784714622e-01 9.159362164607539603e-01
6.099742514351795819e-01 2.753473105293014478e-01 9.161988861446964671e-01
6.099563186982245311e-01 2.748665248449640441e-01 9.160534167496146019e-01
6.100346916675623010e-01 2.754521874279042271e-01 9.163680743478797019e-01
6.100651826245049314e-01 2.745488262247995914e-01 9.162350983554758965e-01
6.100651826245049314e-01 2.745488262247995914e-01 9.162350983554758965e-01
6.101797840867497769e-01 2.752768034321892432e-01 9.160000603233557914e-01
6.100236985287127434e-01 2.753101040295475865e-01 9.161909537779406865e-01
6.100236985287127434e-01 2.753101040295475865e-01 9.161909537779406865e-01
6.098844805357011012e-01 2.760969988335430503e-01 9.159466099008299889e-01
6.098844805357011012e-01 2.760969988335430503e-01 9.159466099008299889e-01
6.099769677381408073e-01 2.751275369536591020e-01 9.163678362408019806e-01
6.099769677381408073e-01 2.751275369536591020e-01 9.163678362408019806e-01
6.100300827866718123e-01 2.744259119803255098e-01 9.162788973645501489e-01
6.102737177914279165e-01 2.744404864148639045e-01 9.164350691196448961e-01
6.098979883489333842e-01 2.746140991615872440e-01 9.162017430289518538e-01
6.100445816776156605e-01 2.741038761972429127e-01 9.156346971958875258e-01
6.100445816776156605e-01 2.741038761972429127e-01 9.156346971958875258e-01
6.099369573083963658e-01 2.752842142517846202e-01 9.158954652854124356e-01
6.105802932733315203e-01 2.745855451038022865e-01 9.165809615447082503e-01
6.099447490285516693e-01 2.748388312207670214e-01 9.157848594071705817e-01
6.099447490285516693e-01 2.748388312207670214e-01 9.157848594071705817e-01
6.101394919486436974e-01 2.747090650540423562e-01 9.162562112518430890e-01
6.102079818482081253e-01 2.751464578593723065e-01 9.154692424165451481e-01
6.098417539828377976e-01 2.755352029361072264e-01 9.161752748902736165e-01
6.101467199514832851e-01 2.751741082473276867e-01 9.161222368993362508e-01
6.101467199514832851e-01 2.751741082473276867e-01 9.161222368993362508e-01
6.100851230522448265e-01 2.753421506702197208e-01 9.155677169562022044e-01
6.100851230522448265e-01 2.753421506702197208e-01 9.155677169562022044e-01
6.103417712368510717e-01 2.745987198154556941e-01 9.165004058791346164e-01
6.103417712368510717e-01 2.745987198154556941e-01 9.165004058791346164e-01
6.101053193522331108e-01 2.751750038901509265e-01 9.162187805084027747e-01
6.102928497241403294e-01 2.745776867851851266e-01 9.162532241358933849e-01
6.103072752599177919e-01 2.743566227692352255e-01 9.156080397815391514e-01
6.109947250934387730e-01 2.731127465042797464e-01 9.156413724791643283e-01
6.112096846582522058e-01 2.716306901928274842e-01 9.156642572688348247e-01
6.117674768625539494e-01 2.715375413820323991e-01 9.161004918647059903e-01
6.117674768625539494e-01 2.715375413820323991e-01 9.161004918647059903e-01
6.125749385149185100e-01 2.702120030174659515e-01 9.161444748409670602e-01
6.130946462465409752e-01 2.680347118546995144e-01 9.165158292386980099e-01
6.142937475653043045e-01 2.662367597718729439e-01 9.164107776447740772e-01
6.142937475653043045e-01 2.662367597718729439e-01 9.164107776447740772e-01
6.153248117957861307e-01 2.639672261634172790e-01 9.164746055419333848e-01
6.153248117957861307e-01 2.639672261634172790e-01 9.164746055419333848e-01
6.160661809544264456e-01 2.612879885650436496e-01 9.158082045761678502e-01
6.179875130723205823e-01 2.576414567113049503e-01 9.160340787093721460e-01
6.197982668232419057e-01 2.544410952619904909e-01 9.160231814987345178e-01
6.201059789598776240e-01 2.528562387781247978e-01 9.165511066529548057e-01
6.207666000300420261e-01 2.513557194340858558e-01 9.160621018432038021e-01
6.207666000300420261e-01 2.513557194340858558e-01 9.160621018432038021e-01
6.214197387956265084e-01 2.493200309439564943e-01 9.157769038896754754e-01
6.218407015454900932e-01 2.493772596666703478e-01 9.160494591186525426e-01
6.218407015454900932e-01 2.493772596666703478e-01 9.160494591186525426e-01
6.229129743921731910e-01 2.462155290435406041e-01 9.151841418309428766e-01
6.229129743921731910e-01 2.462155290435406041e-01 9.151841418309428766e-01
6.240187700555968053e-01 2.436933166128939787e-01 9.159426629926494812e-01
6.240187700555968053e-01 2.436933166128939787e-01 9.159426629926494812e-01
6.250330355949126337e-01 2.419031466717888323e-01 9.162164848776922499e-01
6.253833413105230887e-01 2.413370366721892535e-01 9.165068560706277623e-01
6.261110489285879321e-01 2.402082267724006681e-01 9.162694769582242493e-01
6.261110489285879321e-01 2.402082267724006681e-01 9.162694769582242493e-01
6.271020284677295553e-01 2.390729904123253258e-01 9.164565693196642382e-01
6.276159094106245062e-01 2.376567250383100904e-01 9.160645631598398619e-01
6.276159094106245062e-01 2.376567250383100904e-01 9.160645631598398619e-01
6.286623396957442544e-01 2.374277552242420319e-01 9.163160596236227251e-01
6.292235405970076911e-01 2.383973295067574882e-01 9.167264774304380026e-01
6.292235405970076911e-01 2.383973295067574882e-01 9.167264774304380026e-01
6.307844511769151730e-01 2.354227244008138542e-01 9.168272061917338567e-01
6.307844511769151730e-01 2.354227244008138542e-01 9.168272061917338567e-01
6.320943979921439526e-01 2.334382049563063499e-01 9.169385962113011379e-01
6.320943979921439526e-01 2.334382049563063499e-01 9.169385962113011379e-01
6.328246867666450504e-01 2.327541754519923400e-01 9.169710881316917028e-01
6.334357732749927861e-01 2.322216978100496432e-01 9.164053585007935210e-01
6.334357732749927861e-01 2.322216978100496432e-01 9.164053585007935210e-01
6.342756479457193342e-01 2.312138872392741629e-01 9.168850367144395497e-01
6.347356390540878079e-01 2.305035397779540696e-01 9.168545272095627308e-01
6.347356390540878079e-01 2.305035397779540696e-01 9.168545272095627308e-01
6.356744009570658438e-01 2.293052086317718952e-01 9.167102504046100719e-01
6.364392212242790947e-01 2.278363356786426985e-01 9.169969634683832194e-01
6.364392212242790947e-01 2.278363356786426985e-01 9.169969634683832194e-01
6.374704892391264144e-01 2.262619164137871508e-01 9.166824406931112224e-01
6.379751396811763620e-01 2.255159849278913775e-01 9.167685617059325720e-01
6.383028720915732146e-01 2.261803682658178327e-01 9.164772930780694660e-01
6.389688374131206050e-01 2.242876157878385124e-01 9.175077703310995370e-01
6.393616686461481846e-01 2.249584085177944170e-01 9.166864520595804366e-01
6.393616686461481846e-01 2.249584085177944170e-01 9.166864520595804366e-01
6.396213998699460390e-01 2.244942340225560828e-01 9.167339572545954995e-01
6.396213998699460390e-01 2.244942340225560828e-01 9.167339572545954995e-01
6.401341538084308613e-01 2.231086589724404212e-01 9.161294217305397947e-01
6.401341538084308613e-01 2.231086589724404212e-01 9.161294217305397947e-01
6.401778286194186318e-01 2.227391629086347136e-01 9.166794232394701591e-01
6.401778286194186318e-01 2.227391629086347136e-01 9.166794232394701591e-01
6.408030869346046376e-01 2.222333591704992450e-01 9.171707345790992560e-01
6.408030869346046376e-01 2.222333591704992450e-01 9.171707345790992560e-01
6.411622340951781407e-01 2.223797745965712669e-01 9.174555618702684434e-01
6.409019792393035875e-01 2.219161449998207636e-01 9.171517924285813583e-01
6.409019792393035875e-01 2.219161449998207636e-01 9.171517924285813583e-01
6.409656214233681037e-01 2.217559223862496376e-01 9.170225040182220511e-01
6.411080779114196604e-01 2.221184009876520093e-01 9.164694870152561013e-01
6.410862416092575344e-01 2.214690762495991061e-01 9.173908641331112168e-01
6.410862416092575344e-01 2.214690762495991061e-01 9.173908641331112168e-01
6.406079011882250818e-01 2.219290332466580806e-01 9.167401188882875473e-01
6.405831180985483986e-01 2.226155515995822398e-01 9.167758672104171502e-01
6.405831180985483986e-01 2.226155515995822398e-01 9.167758672104171502e-01
6.413104576375697752e-01 2.219538102558779313e-01 9.167413590850270744e-01
6.413104576375697752e-01 2.219538102558779313e-01 9.167413590850270744e-01
6.411388858579232242e-01 2.227918314724555149e-01 9.172863598847618150e-01
6.411388858579232242e-01 2.227918314724555149e-01 9.172863598847618150e-01
6.412411456441410307e-01 2.223082693712503111e-01 9.168016936949381357e-01
6.412411456441410307e-01 2.223082693712503111e-01 9.168016936949381357e-01
6.410565341445274568e-01 2.216093460746407229e-01 9.168739781683011847e-01
6.409608096501323571e-01 2.210250730789384277e-01 9.164215579443770743e-01
6.409989687863496544e-01 2.217846958980647654e-01 9.171044887583966743e-01
6.406920067110641881e-01 2.217043723895280039e-01 9.167120226158746998e-01
6.412859855196895165e-01 2.215210632736420160e-01 9.172911901616052077e-01
6.409225028572458349e-01 2.219865048182680933e-01 9.171063357428200780e-01
6.408676068746854693e-01 2.222609608473230802e-01 9.171281736771816906e-01
6.411531404602948125e-01 2.223750666133444964e-01 9.178394850103135383e-01
6.410921537353807542e-01 2.223710061071738631e-01 9.175183306001402084e-01
6.410921537353807542e-01 2.223710061071738631e-01 9.175183306001402084e-01
6.410595328511021762e-01 2.211185018413062697e-01 9.170633462527321145e-01
6.410595328511021762e-01 2.211185018413062697e-01 9.170633462527321145e-01
6.409146639860274774e-01 2.225266143767004878e-01 9.170307152528629491e-01
6.409146639860274774e-01 2.225266143767004878e-01 9.170307152528629491e-01
6.410343685939887681e-01 2.219135299458275812e-01 9.169545579356703779e-01
6.410343685939887681e-01 2.219135299458275812e-01 9.169545579356703779e-01
6.408566235541932610e-01 2.214506022570033039e-01 9.172076909112139020e-01
6.410678264146847383e-01 2.217998476373110317e-01 9.175510285557830770e-01
6.408092730951731042e-01 2.214314116572837499e-01 9.170273630397189901e-01
6.404699815573178245e-01 2.232058863715988828e-01 9.169002812922002477e-01
6.404699815573178245e-01 2.232058863715988828e-01 9.169002812922002477e-01
6.408947425290484334e-01 2.216387067857581994e-01 9.167549797148719648e-01
6.410545199879783551e-01 2.219494459850372969e-01 9.167876869934012962e-01
6.409537604900791274e-01 2.224299970816743799e-01 9.172806691432279225e-01
6.409537604900791274e-01 2.224299970816743799e-01 9.172806691432279225e-01
6.412167816154634714e-01 2.213656999529797775e-01 9.168657137994928874e-01
6.412167816154634714e-01 2.213656999529797775e-01 9.168657137994928874e-01
6.408345131370777326e-01 2.218609745345109518e-01 9.170847213538854126e-01
6.404622114868750993e-01 2.210617662701060415e-01 9.173353706565168242e-01
6.406050331627101135e-01 2.213296592882143532e-01 9.174920938261053038e-01
6.408958628255133627e-01 2.212236494627106975e-01 9.166325957231231669e-01
6.408245497873996666e-01 2.221603271636741206e-01 9.172620226722147940e-01
6.408245497873996666e-01 2.221603271636741206e-01 9.172620226722147940e-01
6.410626753676959000e-01 2.220654463352423336e-01 9.167104921377540183e-01
6.409252786082564324e-01 2.223845003493009898e-01 9.172755296879671061e-01
6.410131065328571465e-01 2.213629511788725579e-01 9.170866341337587935e-01
6.407747154746131768e-01 2.222181002713155551e-01 9.167537836884743774e-01
6.411813141586947262e-01 2.217892771846996791e-01 9.170650119895366048e-01
6.411813141586947262e-01 2.217892771846996791e-01 9.170650119895366048e-01
6.408267477304731008e-01 2.218499938006129879e-01 9.169363012903555266e-01
6.409099384412444422e-01 2.215150864011169174e-01 9.171384427997504307e-01
6.411683036192519225e-01 2.213194611755313068e-01 9.170734905903064060e-01
6.411683036192519225e-01 2.213194611755313068e-01 9.170734905903064060e-01
6.411420025100585951e-01 2.222500648559448400e-01 9.163184200889037401e-01
6.411420025100585951e-01 2.222500648559448400e-01 9.163184200889037401e-01
6.410834604976318740e-01 2.217807074982884596e-01 9.177390809564862639e-01
6.410834604976318740e-01 2.217807074982884596e-01 9.177390809564862639e-01
6.409126383780672231e-01 2.215782403379122911e-01 9.173838164036185461e-01
6.409364896771682085e-01 2.217118960991321108e-01 9.170168122906678931e-01
6.406805448695728211e-01 2.223068364994524038e-01 9.172350498417266573e-01
6.406805448695728211e-01 2.223068364994524038e-01 9.172350498417266573e-01
6.406904100955668202e-01 2.219734841923714508e-01 9.169366075767688695e-01
6.406904100955668202e-01 2.219734841923714508e-01 9.169366075767688695e-01
6.409941775609598880e-01 2.216952173116800706e-01 9.172463223521163389e-01
6.409941775609598880e-01 2.216952173116800706e-01 9.172463223521163389e-01
6.406984469622092337e-01 2.216842152316224890e-01 9.166925405648388425e-01
6.409367998361333862e-01 2.224519766980593005e-01 9.171298535290275389e-01
6.410102705870882600e-01 2.218164950016036918e-01 9.173291271467587382e-01
6.408026866359588514e-01 2.214175639414109886e-01 9.169257671126542775e-01
6.409630271051813821e-01 2.212843813560620987e-01 9.172471916807857228e-01
6.407718470679174549e-01 2.218595152860802500e-01 9.167398734541215566e-01
6.410999620943517163e-01 2.217079643830718316e-01 9.167559869676291662e-01
6.406465642216316869e-01 2.222107002537893061e-01 9.169776794843784717e-01
6.409724643264212984e-01 2.218693319810855491e-01 9.164935724380406379e-01
6.408793364838755169e-01 2.227660845711804116e-01 9.172558315464438561e-01
6.408793364838755169e-01 2.227660845711804116e-01 9.172558315464438561e-01
6.410735611022277958e-01 2.218522130577777474e-01 9.172813561632096047e-01
6.410735611022277958e-01 2.218522130577777474e-01 9.172813561632096047e-01
6.412255370705373103e-01 2.214442724847614230e-01 9.172355107923636508e-01
6.409200397267270644e-01 2.217325717862255463e-01 9.168588544227862513e-01
6.409200397267270644e-01 2.217325717862255463e-01 9.168588544227862513e-01
6.408667375749412809e-01 2.218555484937436983e-01 9.175747149663053825e-01
6.409045580168890588e-01 2.218732981337774024e-01 9.175855162856837444e-01
6.409045580168890588e-01 2.218732981337774024e-01 9.175855162856837444e-01
6.408755092184391655e-01 2.227056327930382329e-01 9.170240930108086719e-01
6.410555119700835913e-01 2.219109802182364366e-01 9.172355107923636508e-01
6.406320684556362499e-01 2.224666950184279735e-01 9.165401643341339888e-01
6.406436718024037802e-01 2.222518132076570230e-01 9.170809761137381777e-01
6.407364908291588446e-01 2.217307016075967807e-01 9.168669794545318830e-01
6.407255222245538118e-01 2.219268106536750051e-01 9.172849432297747185e-01
6.413030841370109814e-01 2.223452103637340027e-01 9.173058278308756641e-01
6.413030841370109814e-01 2.223452103637340027e-01 9.173058278308756641e-01
6.407487165824856667e-01 2.216905492519112564e-01 9.169252317117977391e-01
6.407487165824856667e-01 2.216905492519112564e-01 9.169252317117977391e-01
6.404165822300319499e-01 2.221512029781946285e-01 9.172377591262583785e-01
6.404165822300319499e-01 2.221512029781946285e-01 9.172377591262583785e-01
6.409495225193334589e-01 2.220757957663450355e-01 9.172269738849306853e-01
6.409495225193334589e-01 2.220757957663450355e-01 9.172269738849306853e-01
6.407878837695436536e-01 2.222458408158100585e-01 9.170639071906477868e-01
6.407878837695436536e-01 2.222458408158100585e-01 9.170639071906477868e-01
6.409510553915022113e-01 2.220659278236010448e-01 9.172556590365501528e-01
6.409784731321030993e-01 2.222900697443751517e-01 9.167080548095023484e-01
6.409784731321030993e-01 2.222900697443751517e-01 9.167080548095023484e-01
6.407217052371545485e-01 2.211649473581521474e-01 9.170962021401662945e-01
6.406941432183421714e-01 2.216291327685077917e-01 9.170315533392892071e-01
6.406941432183421714e-01 2.216291327685077917e-01 9.170315533392892071e-01
6.409583256791963057e-01 2.220798226715443580e-01 9.168508356566132944e-01
6.409278610213454686e-01 2.224438558339437988e-01 9.169575096033065753e-01
6.406897393543725672e-01 2.216038993038956795e-01 9.169440531243771009e-01
6.406897393543725672e-01 2.216038993038956795e-01 9.169440531243771009e-01
6.409397570013875001e-01 2.216988705580993368e-01 9.165097250037128607e-01
6.409397570013875001e-01 2.216988705580993368e-01 9.165097250037128607e-01
6.409409148048984539e-01 2.212187717626929728e-01 9.172300985050692024e-01
6.409409148048984539e-01 2.212187717626929728e-01 9.172300985050692024e-01
6.406861038607051251e-01 2.223590271192044110e-01 9.169271348093908092e-01
6.406861038607051251e-01 2.223590271192044110e-01 9.169271348093908092e-01
6.410176953754426199e-01 2.220922420624400484e-01 9.176807675490278315e-01
6.410176953754426199e-01 2.220922420624400484e-01 9.176807675490278315e-01
6.407353814592885444e-01 2.224430180205670682e-01 9.173753762270431267e-01
6.407074518075642766e-01 2.221271385050199720e-01 9.165965558298420079e-01
6.408167430311879631e-01 2.225548995142405673e-01 9.172652156560732184e-01
6.408167430311879631e-01 2.225548995142405673e-01 9.172652156560732184e-01
6.408604618404007969e-01 2.222485786942926811e-01 9.169803405950474051e-01
6.408604618404007969e-01 2.222485786942926811e-01 9.169803405950474051e-01
6.408935519809483283e-01 2.216415762323214467e-01 9.167235030357612224e-01
6.408935519809483283e-01 2.216415762323214467e-01 9.167235030357612224e-01
6.407500931663957511e-01 2.216167376620223617e-01 9.172216785006523931e-01
6.407500931663957511e-01 2.216167376620223617e-01 9.172216785006523931e-01
6.408540657504681048e-01 2.224797599078396915e-01 9.165326105344944185e-01
6.407732954988180074e-01 2.218153738999451008e-01 9.166015732997396803e-01
6.409866977915139596e-01 2.221236726228063563e-01 9.174010743203436791e-01
6.409866977915139596e-01 2.221236726228063563e-01 9.174010743203436791e-01
6.410233437364348807e-01 2.215043899689162488e-01 9.166064423252968663e-01
6.410233437364348807e-01 2.215043899689162488e-01 9.166064423252968663e-01
6.406692704974973340e-01 2.224858864049092944e-01 9.165583186885309930e-01
6.406692704974973340e-01 2.224858864049092944e-01 9.165583186885309930e-01
6.406418586474712518e-01 2.218210521330359897e-01 9.173398601945099706e-01
6.410269357734582618e-01 2.222723072636947350e-01 9.167984394688393213e-01
6.410269357734582618e-01 2.222723072636947350e-01 9.167984394688393213e-01
6.408851289583127331e-01 2.223775574064590088e-01 9.172202520033011508e-01
6.410241748573806131e-01 2.224538257851323420e-01 9.162829209953732290e-01
6.406465642216316869e-01 2.222107002537893061e-01 9.169853088789097217e-01
6.406465642216316869e-01 2.222107002537893061e-01 9.169853088789097217e-01
6.408388324151975679e-01 2.219159841481648243e-01 9.167606084213545392e-01
6.407255222245538118e-01 2.219268106536750051e-01 9.172849432297747185e-01
6.407255222245538118e-01 2.219268106536750051e-01 9.172849432297747185e-01
6.406123373326427783e-01 2.219543174438582123e-01 9.168277297704032769e-01
6.412155756070248014e-01 2.213386207365576064e-01 9.172842677004020562e-01
6.405982862917648513e-01 2.220686243876173194e-01 9.165036240774395715e-01
6.411180692016581473e-01 2.221948118011556894e-01 9.168254709322092300e-01
6.409590893534804490e-01 2.216359865585446620e-01 9.171241896176811625e-01
6.411557071984032019e-01 2.216598950315411820e-01 9.173695572706741519e-01
6.411557071984032019e-01 2.216598950315411820e-01 9.173695572706741519e-01
6.408508736991150867e-01 2.218404162464922558e-01 9.172655674198516573e-01
6.410599304386445096e-01 2.219661948563840248e-01 9.169114372405282598e-01
6.412489077391708703e-01 2.218783324046379735e-01 9.172609761421042229e-01
6.410786798714671608e-01 2.221092957719340011e-01 9.160475474522056238e-01
6.410786798714671608e-01 2.221092957719340011e-01 9.160475474522056238e-01
6.407431020315528247e-01 2.220432715831985315e-01 9.174072045363383943e-01
6.406616213296311146e-01 2.216632455502965393e-01 9.166977580338542264e-01
6.408395626167443515e-01 2.223201542863505187e-01 9.169202320330607225e-01
6.408395626167443515e-01 2.223201542863505187e-01 9.169202320330607225e-01
6.409525154757855780e-01 2.217269762764685070e-01 9.173105897653366370e-01
6.411404793231978427e-01 2.219428257995548770e-01 9.174310325270670363e-01
6.410506313013996094e-01 2.218589594273956411e-01 9.169834146688167209e-01
6.408626210734441608e-01 2.214958021511803099e-01 9.169351927718337736e-01
6.408626210734441608e-01 2.214958021511803099e-01 9.169351927718337736e-01
6.406970267272925623e-01 2.213160942986599211e-01 9.166841816164355006e-01
6.407722939008808627e-01 2.222291998905598920e-01 9.167248022461316204e-01
6.408481039570540494e-01 2.218830138728176693e-01 9.167860729173742396e-01
6.410879337211421447e-01 2.219069779607323878e-01 9.171193489157309919e-01
6.410879337211421447e-01 2.219069779607323878e-01 9.171193489157309919e-01
6.406611427951132143e-01 2.228095887854723567e-01 9.169235375556237244e-01
6.406611427951132143e-01 2.228095887854723567e-01 9.169235375556237244e-01
6.407196246613200419e-01 2.220515324983852457e-01 9.170786050417946145e-01
6.407196246613200419e-01 2.220515324983852457e-01 9.170786050417946145e-01
6.408591536840139158e-01 2.224268735920120754e-01 9.164808658198417834e-01
6.408591536840139158e-01 2.224268735920120754e-01 9.164808658198417834e-01
6.406895284049752837e-01 2.215399838057983684e-01 9.171658138202470889e-01
6.408488236147529271e-01 2.228668437282858572e-01 9.165914653699770431e-01
6.408559978521508604e-01 2.222995751413108789e-01 9.170553168795216870e-01
6.408183418440256407e-01 2.218105120479697268e-01 9.171916494314065194e-01
6.408183418440256407e-01 2.218105120479697268e-01 9.171916494314065194e-01
6.409922349632294347e-01 2.218770972253194806e-01 9.167308317807206786e-01
6.409706529634315864e-01 2.217033786673988094e-01 9.169480085301103811e-01
6.409497652469253737e-01 2.217751711018398630e-01 9.168573335054941431e-01
6.409497652469253737e-01 2.217751711018398630e-01 9.168573335054941431e-01
6.408799270756465605e-01 2.216195025750996306e-01 9.170298167884243234e-01
6.410490650384718103e-01 2.214550103479153154e-01 9.173685010469858625e-01
6.410490650384718103e-01 2.214550103479153154e-01 9.173685010469858625e-01
6.408826240284537512e-01 2.224601271029236216e-01 9.169185982394263412e-01
6.408826240284537512e-01 2.224601271029236216e-01 9.169185982394263412e-01
6.407778621221665860e-01 2.217345795644616868e-01 9.169308207591234661e-01
6.409007465878235887e-01 2.215478824680780501e-01 9.171129960919184310e-01
6.410361721164106186e-01 2.218326303051769144e-01 9.172480296420189028e-01
6.410361721164106186e-01 2.218326303051769144e-01 9.172480296420189028e-01
6.408000347175488720e-01 2.214643990066613166e-01 9.170095267585915977e-01
6.409236860635539879e-01 2.219836466747427406e-01 9.171301854787679009e-01
6.409236860635539879e-01 2.219836466747427406e-01 9.171301854787679009e-01
6.407281943840449356e-01 2.217904145447868458e-01 9.164461968862669394e-01
6.408268233587244289e-01 2.220259977711307176e-01 9.164303168470455674e-01
6.405436462595631708e-01 2.221668025847040595e-01 9.169856407262081399e-01
6.405399615483611253e-01 2.214052186560566127e-01 9.168196960119414651e-01
6.405399615483611253e-01 2.214052186560566127e-01 9.168196960119414651e-01
6.409091438528451423e-01 2.223339399084314216e-01 9.173825424021214703e-01
6.406413403146271612e-01 2.213207812515853579e-01 9.159552786255298340e-01
6.406677628725607754e-01 2.221190817705428200e-01 9.165570801278786206e-01
6.406677628725607754e-01 2.221190817705428200e-01 9.165570801278786206e-01
6.408578205017779750e-01 2.215538986619425277e-01 9.169974750191263180e-01
6.408578205017779750e-01 2.215538986619425277e-01 9.169974750191263180e-01
6.406834454717572624e-01 2.224359341788996469e-01 9.166222013533029678e-01
6.406834454717572624e-01 2.224359341788996469e-01 9.166222013533029678e-01
6.411116774715943656e-01 2.220744393053793175e-01 9.169651767824933408e-01
6.411116774715943656e-01 2.220744393053793175e-01 9.169651767824933408e-01
6.408963095238090490e-01 2.215988573207500478e-01 9.171877385664227722e-01
6.406904100955668202e-01 2.219734841923714508e-01 9.168984606041126195e-01
6.406904100955668202e-01 2.219734841923714508e-01 9.168984606041126195e-01
6.408506455834641624e-01 2.215414930010594086e-01 9.168955331822674637e-01
6.408506455834641624e-01 2.215414930010594086e-01 9.168955331822674637e-01
6.410241449037370476e-01 2.221734038926710397e-01 9.169918667205022578e-01
6.410241449037370476e-01 2.221734038926710397e-01 9.169918667205022578e-01
6.407546706181080909e-01 2.225162597565268074e-01 9.173214977522275992e-01
6.406948013681451615e-01 2.220625078904568395e-01 9.167412182413068322e-01
6.407971669027920925e-01 2.221068662741471633e-01 9.172926602589821510e-01
6.408676924361439431e-01 2.219958993313029816e-01 9.168870358308846003e-01
6.408676924361439431e-01 2.219958993313029816e-01 9.168870358308846003e-01
6.407870579746856032e-01 2.225461407155593652e-01 9.173954199389582342e-01
6.410810908847440759e-01 2.222681250079110438e-01 9.175736097523057300e-01
6.405853905757932232e-01 2.225743172956540505e-01 9.172091333348824094e-01
6.405495173254726060e-01 2.234305715197743292e-01 9.171185968837405333e-01
6.403586629890994919e-01 2.241172581226040794e-01 9.169717000184532951e-01
6.396335890881122976e-01 2.254913150303503588e-01 9.170854660991640817e-01
6.396335890881122976e-01 2.254913150303503588e-01 9.170854660991640817e-01
6.389526856449704306e-01 2.271539167052795960e-01 9.166760345153317502e-01
6.380138007323680194e-01 2.297288113169911328e-01 9.166243615011604451e-01
6.372150674442266238e-01 2.319404436218789889e-01 9.174852507002839719e-01
6.372150674442266238e-01 2.319404436218789889e-01 9.174852507002839719e-01
6.354253550472304113e-01 2.363699199011067842e-01 9.174584481375720468e-01
6.351012468960703927e-01 2.386504943501579490e-01 9.172350675792333430e-01
6.330375143843900432e-01 2.431941251941163729e-01 9.171134740422894893e-01
6.320271779987443050e-01 2.458477078128233906e-01 9.168133362778301265e-01
6.320271779987443050e-01 2.458477078128233906e-01 9.168133362778301265e-01
6.300279340608105905e-01 2.497224284111835835e-01 9.170444638355967903e-01
6.280644614465995534e-01 2.543532815291013605e-01 9.168444589991353588e-01
6.280644614465995534e-01 2.543532815291013605e-01 9.168444589991353588e-01
6.267317104394172222e-01 2.587703489735571072e-01 9.172953122951987837e-01
6.256669810499986273e-01 2.610012288348636522e-01 9.172365262734550884e-01
6.235152686165190694e-01 2.661999526324169141e-01 9.169768528847770384e-01
6.222852828247547041e-01 2.693174546663690827e-01 9.170123887304534316e-01
6.222852828247547041e-01 2.693174546663690827e-01 9.170123887304534316e-01
6.196126417764523664e-01 2.728192769441134535e-01 9.172296182453824054e-01
6.183611096425085663e-01 2.757376999810312035e-01 9.167373543668004832e-01
6.164001163131868077e-01 2.800027890196876146e-01 9.170831653097849534e-01
6.164001163131868077e-01 2.800027890196876146e-01 9.170831653097849534e-01
6.128315933339941735e-01 2.875228023034426261e-01 9.170395445697485659e-01
6.128315933339941735e-01 2.875228023034426261e-01 9.170395445697485659e-01
6.096323509880681168e-01 2.939031488337739417e-01 9.172395601230389772e-01
6.096323509880681168e-01 2.939031488337739417e-01 9.172395601230389772e-01
6.054374655999098520e-01 3.018515888108743717e-01 9.167052294023199099e-01
6.029736428376414326e-01 3.060774541063061016e-01 9.172874197973949206e-01
6.019671812105992226e-01 3.099399617530244067e-01 9.174732865255819103e-01
6.019671812105992226e-01 3.099399617530244067e-01 9.174732865255819103e-01
5.990329881177238747e-01 3.140971266828476161e-01 9.170398674745542378e-01
5.990329881177238747e-01 3.140971266828476161e-01 9.170398674745542378e-01
5.943345886419624247e-01 3.217852413230443132e-01 9.175032957686505286e-01
5.943345886419624247e-01 3.217852413230443132e-01 9.175032957686505286e-01
5.901636468451615380e-01 3.294251979431247479e-01 9.172438165008917066e-01
5.901636468451615380e-01 3.294251979431247479e-01 9.172438165008917066e-01
5.885708637457872650e-01 3.331917828306164564e-01 9.172752037467007957e-01
5.857557633133911867e-01 3.371442706106938525e-01 9.175454915728418204e-01
5.840108917003762334e-01 3.396435916196627325e-01 9.173921205875961160e-01
5.808490457930319817e-01 3.449140673668713575e-01 9.163683953925361170e-01
5.808490457930319817e-01 3.449140673668713575e-01 9.163683953925361170e-01
5.785087410391905882e-01 3.488219485717845014e-01 9.168058041012592252e-01
5.751400206226503498e-01 3.541401137799174981e-01 9.168858572175727639e-01
5.751400206226503498e-01 3.541401137799174981e-01 9.168858572175727639e-01
5.726171200790675098e-01 3.577080922118281991e-01 9.165906447196128237e-01
5.694994678142896172e-01 3.622598284053131223e-01 9.176625481110964877e-01
5.694994678142896172e-01 3.622598284053131223e-01 9.176625481110964877e-01
5.659594497621377451e-01 3.671873281029755520e-01 9.173864699010476631e-01
5.643473292918826933e-01 3.702924374010146957e-01 9.169656268790186138e-01
5.615702448570136784e-01 3.737646483205472880e-01 9.171944165267214011e-01
5.615702448570136784e-01 3.737646483205472880e-01 9.171944165267214011e-01
5.586052740832282426e-01 3.781960807867917884e-01 9.176758002465734698e-01
5.562016991530968069e-01 3.810266559704595934e-01 9.172700777011639772e-01
5.531508733462083827e-01 3.853052272886030583e-01 9.171710622261488588e-01
5.500343361643018625e-01 3.893720738836215500e-01 9.174561961158673729e-01
5.480943922060118600e-01 3.923851708854813047e-01 9.169543132883575254e-01
5.452627907632220383e-01 3.964086497594752068e-01 9.168566321926446827e-01
5.425486846585380052e-01 3.992095913258153494e-01 9.167683404937321257e-01
5.425486846585380052e-01 3.992095913258153494e-01 9.167683404937321257e-01
5.397184402751147303e-01 4.028695891742996582e-01 9.175638805505428319e-01
5.364180306157245726e-01 4.071499540354194813e-01 9.170915902264216157e-01
5.340442859105521967e-01 4.100562926999033464e-01 9.169255302386657425e-01
5.293525847583162580e-01 4.160059018230555239e-01 9.171256102091112083e-01
5.233387968440410543e-01 4.228113108405355813e-01 9.168893584348450920e-01
5.233387968440410543e-01 4.228113108405355813e-01 9.168893584348450920e-01
5.194267543246092744e-01 4.268815762689870397e-01 9.171828678202349483e-01
5.158271601759656377e-01 4.309970813688033253e-01 9.171250652566597106e-01
5.158271601759656377e-01 4.309970813688033253e-01 9.171250652566597106e-01
5.125951904322448849e-01 4.353360467423691427e-01 9.175952584361291020e-01
5.089299257776186414e-01 4.387744554474812264e-01 9.167168415548143656e-01
5.062607194774707553e-01 4.415096029219810481e-01 9.171554757900367560e-01
5.035881930550699659e-01 4.448535216591082420e-01 9.172351793462236724e-01
5.001688339618481915e-01 4.480723258783162466e-01 9.172528271779790687e-01
4.978032502834797701e-01 4.512139534762324988e-01 9.174532161800473817e-01
4.978032502834797701e-01 4.512139534762324988e-01 9.174532161800473817e-01
4.945402354387760657e-01 4.538400859165300782e-01 9.167373757316186200e-01
4.909457246426607857e-01 4.575175790845106283e-01 9.173562339842442626e-01
4.885443084529515478e-01 4.606418382034950243e-01 9.175836680216860053e-01
4.858102683344709960e-01 4.624733739096142382e-01 9.171999410339408687e-01
4.858102683344709960e-01 4.624733739096142382e-01 9.171999410339408687e-01
4.826398773787054508e-01 4.660892405318192711e-01 9.172931829379493696e-01
4.804629250813934882e-01 4.678154122876833632e-01 9.171109842001683443e-01
4.766646014977748425e-01 4.718632400592304155e-01 9.167926846710718891e-01
4.766646014977748425e-01 4.718632400592304155e-01 9.167926846710718891e-01
4.731841174666693850e-01 4.741580489411899024e-01 9.169678278295423368e-01
4.708717576030367336e-01 4.765506995211489238e-01 9.173416607728760441e-01
4.664288242942823959e-01 4.810899397909330633e-01 9.170481819962197356e-01
4.664288242942823959e-01 4.810899397909330633e-01 9.170481819962197356e-01
4.633530508088483102e-01 4.833955356455137409e-01 9.172478531134855562e-01
4.601762841311656804e-01 4.865210835007734436e-01 9.175389163073960352e-01
4.601762841311656804e-01 4.865210835007734436e-01 9.175389163073960352e-01
4.565939446636009813e-01 4.893682063977301544e-01 9.168993665943798721e-01
4.545617566311946356e-01 4.917319884084148107e-01 9.176124772077207670e-01
4.505304915177600900e-01 4.948786478580496917e-01 9.173218028132641422e-01
4.505304915177600900e-01 4.948786478580496917e-01 9.173218028132641422e-01
4.477739042227192878e-01 4.965600123487828310e-01 9.172140491061211431e-01
4.453896305635126063e-01 4.991726073218943349e-01 9.167822999676573659e-01
4.423464803398047818e-01 5.013137577120743149e-01 9.170617037341015632e-01
4.404262586148723346e-01 5.033266898731099115e-01 9.172785857359477824e-01
4.377572278650956883e-01 5.049985532383379772e-01 9.173589772160971600e-01
4.377572278650956883e-01 5.049985532383379772e-01 9.173589772160971600e-01
4.348051080926768619e-01 5.071816140958408381e-01 9.171156868377026150e-01
4.334729434847620078e-01 5.086774010373925625e-01 9.174139417191611301e-01
4.306883349804539463e-01 5.102985876191284964e-01 9.164316898313993320e-01
4.306883349804539463e-01 5.102985876191284964e-01 9.164316898313993320e-01
4.276676153206820374e-01 5.132501132432303326e-01 9.165621042584581879e-01
4.265631463915134369e-01 5.143180208120728958e-01 9.173951921861438485e-01
4.254407329212480104e-01 5.146763266090589317e-01 9.172168750576279450e-01
4.254407329212480104e-01 5.146763266090589317e-01 9.172168750576279450e-01
4.229695555169167842e-01 5.170644331508346125e-01 9.169789028808084108e-01
4.229695555169167842e-01 5.170644331508346125e-01 9.169789028808084108e-01
4.205763880096907159e-01 5.188920279018691684e-01 9.172156028687487028e-01
4.205763880096907159e-01 5.188920279018691684e-01 9.172156028687487028e-01
4.185992869880408862e-01 5.198627728173094154e-01 9.168607154775367807e-01
4.185992869880408862e-01 5.198627728173094154e-01 9.168607154775367807e-01
4.188071525806824069e-01 5.198647999441528000e-01 9.168991485561863719e-01
4.186325209211459453e-01 5.200969159762953709e-01 9.169732283742222378e-01
4.185648609226507166e-01 5.203385260720303496e-01 9.166376911835485419e-01
4.188301994161231501e-01 5.199245856825133183e-01 9.172254137858517620e-01
4.186923310301031154e-01 5.196539274425702182e-01 9.172234878735048280e-01
4.183843804735401517e-01 5.204434089957949983e-01 9.169287606488601972e-01
4.183843804735401517e-01 5.204434089957949983e-01 9.169287606488601972e-01
4.187167079624445898e-01 5.205050743734731533e-01 9.167564690713310149e-01
4.187167079624445898e-01 5.205050743734731533e-01 9.167564690713310149e-01
4.186136593052490196e-01 5.202703782333477633e-01 9.169857511911236880e-01
4.186136593052490196e-01 5.202703782333477633e-01 9.169857511911236880e-01
4.192076613925806439e-01 5.198034531544337700e-01 9.172294987606885996e-01
4.192076613925806439e-01 5.198034531544337700e-01 9.172294987606885996e-01
4.187447984498602893e-01 5.194251711389218373e-01 9.169737891680056485e-01
4.189765501861092978e-01 5.196890196470188572e-01 9.168667488944367561e-01
4.191697320896600742e-01 5.195340389465716857e-01 9.166978502825056108e-01
4.185708794302758773e-01 5.197810176352813949e-01 9.162710165749741176e-01
4.187672700360503542e-01 5.198329617584110940e-01 9.166735872966804699e-01
4.187672700360503542e-01 5.198329617584110940e-01 9.166735872966804699e-01
4.186068771088501950e-01 5.203023823076813326e-01 9.172190018291790370e-01
4.186068771088501950e-01 5.203023823076813326e-01 9.172190018291790370e-01
4.184220695611178820e-01 5.200437246857081419e-01 9.168673671387634894e-01
4.191858710591440107e-01 5.197428161328963014e-01 9.169341589124522240e-01
4.188870566013496721e-01 5.201120449272738089e-01 9.176002467029017451e-01
4.188870566013496721e-01 5.201120449272738089e-01 9.176002467029017451e-01
4.192845377418567554e-01 5.189099064547273432e-01 9.167461889627595006e-01
4.187673093643667355e-01 5.201078553454830944e-01 9.163747646781165157e-01
4.187673093643667355e-01 5.201078553454830944e-01 9.163747646781165157e-01
4.185398113380454643e-01 5.194987148145960854e-01 9.172108589600433959e-01
4.184236171728208942e-01 5.198838324041886727e-01 9.163142590902246809e-01
4.184236171728208942e-01 5.198838324041886727e-01 9.163142590902246809e-01
4.182490782128951978e-01 5.200375283027127704e-01 9.172104575791271142e-01
4.188513323602835459e-01 5.196965153623649414e-01 9.172004410080276671e-01
4.190734456887096893e-01 5.197003079577896534e-01 9.174126196835494795e-01
4.185533795886309805e-01 5.201237864130665578e-01 9.164445340786866456e-01
4.189270083867867034e-01 5.196909726051206491e-01 9.163801686535550939e-01
4.186031677184927635e-01 5.200826175013540942e-01 9.170283601383861782e-01
4.188687104548352580e-01 5.195234837401488948e-01 9.171872390578574841e-01
4.192968842453149159e-01 5.192549084526540959e-01 9.172350498417266573e-01
4.186293003473351981e-01 5.198346355567234900e-01 9.168980730680560409e-01
4.183829086625061033e-01 5.202610751449435744e-01 9.166343909905367848e-01
4.185644536757975875e-01 5.203497516215906948e-01 9.167660616700008536e-01
4.188711180208163909e-01 5.196140300489782149e-01 9.170665240381103978e-01
4.186183750656991553e-01 5.203837955041136221e-01 9.171425189304229786e-01
4.186041479468240456e-01 5.201739112214147642e-01 9.168917925185189333e-01
4.186041479468240456e-01 5.201739112214147642e-01 9.168917925185189333e-01
4.188690171382247196e-01 5.196291371890463529e-01 9.171833274605978303e-01
4.184361041980484974e-01 5.203867162714362893e-01 9.173955662171425773e-01
4.185452337799085432e-01 5.199874514671790626e-01 9.165165620414471581e-01
4.185452337799085432e-01 5.199874514671790626e-01 9.165165620414471581e-01
4.184487069789429303e-01 5.199173990895505915e-01 9.169013835761838926e-01
4.184735257720099688e-01 5.198035768263771228e-01 9.170709756472633645e-01
4.186198260512835057e-01 5.199242863596602593e-01 9.171630776736199309e-01
4.190269934813220520e-01 5.197781989057292940e-01 9.172091959665554795e-01
4.186036624866626421e-01 5.198851087564959617e-01 9.166172122106552855e-01
4.186036624866626421e-01 5.198851087564959617e-01 9.166172122106552855e-01
4.192903645214637876e-01 5.190896088086601745e-01 9.170568834739412090e-01
4.185754808286342166e-01 5.200925811576491142e-01 9.168694641847360272e-01
4.186828532166705918e-01 5.193319574310087949e-01 9.169968760180953193e-01
4.186828532166705918e-01 5.193319574310087949e-01 9.169968760180953193e-01
4.187808677558836901e-01 5.193199628311992999e-01 9.163412648077083889e-01
4.187909679502023752e-01 5.204173997488978909e-01 9.171263908663886966e-01
4.187776174170842469e-01 5.200201277137682654e-01 9.171451197776103736e-01
4.187048546024584872e-01 5.203184019319871956e-01 9.168367822378737930e-01
4.185819642982337441e-01 5.200995069826885864e-01 9.164631295451410864e-01
4.187645537422301500e-01 5.200038974016740756e-01 9.163550202868473438e-01
4.188248098200640368e-01 5.197978562271019509e-01 9.168897144549357225e-01
4.188248098200640368e-01 5.197978562271019509e-01 9.168897144549357225e-01
4.190331491640014172e-01 5.198660824728535967e-01 9.171049571484900520e-01
4.190331491640014172e-01 5.198660824728535967e-01 9.171049571484900520e-01
4.189598100569314476e-01 5.199393612119667107e-01 9.166174673885505442e-01
4.185889604853087476e-01 5.196997008345314306e-01 9.166733601070602422e-01
4.185889604853087476e-01 5.196997008345314306e-01 9.166733601070602422e-01
4.181835977148665173e-01 5.200319606252563620e-01 9.154497898319046145e-01
4.181835977148665173e-01 5.200319606252563620e-01 9.154497898319046145e-01
4.179577961920740159e-01 5.197753610179515205e-01 9.123550420926744842e-01
4.179577961920740159e-01 5.197753610179515205e-01 9.123550420926744842e-01
4.176322417842232571e-01 5.202396650357292707e-01 9.082691487270599939e-01
4.176322417842232571e-01 5.202396650357292707e-01 9.082691487270599939e-01
4.168677098845388618e-01 5.204848945356191914e-01 9.061718327017853625e-01
4.168677098845388618e-01 5.204848945356191914e-01 9.061718327017853625e-01
4.164580217950883401e-01 5.208072910304288872e-01 9.051080174179568782e-01
4.171487560206366685e-01 5.202345245062055534e-01 9.056007309816127560e-01
4.166126598460336283e-01 5.209269157977051146e-01 9.048337308709032412e-01
4.166126598460336283e-01 5.209269157977051146e-01 9.048337308709032412e-01
4.169392424018491528e-01 5.204272913758267727e-01 9.054377416910774912e-01
4.166065957363838668e-01 5.203003926772330479e-01 9.047238998864808313e-01
4.169008667228297216e-01 5.204790707698111474e-01 9.043893566579864762e-01
4.170308835974330663e-01 5.201271499603126180e-01 9.038773187545778853e-01
4.170308835974330663e-01 5.201271499603126180e-01 9.038773187545778853e-01
4.163162819609193543e-01 5.204848185224458801e-01 9.020237147630811858e-01
4.164550826256904759e-01 5.201177271898341781e-01 9.007511987868390690e-01
4.164550826256904759e-01 5.201177271898341781e-01 9.007511987868390690e-01
4.161953016761366642e-01 5.205107973192607540e-01 8.991968673631069997e-01
4.160389283763206714e-01 5.209834518388933855e-01 8.984979354340125735e-01
4.161812401600643585e-01 5.198436228057028430e-01 8.979566353058743289e-01
4.161812401600643585e-01 5.198436228057028430e-01 8.979566353058743289e-01
4.152672940968338833e-01 5.213489677114236942e-01 8.978855038105639785e-01
4.152672940968338833e-01 5.213489677114236942e-01 8.978855038105639785e-01
4.154821733126974892e-01 5.206250910679504074e-01 8.975190585389883902e-01
4.149490792569716091e-01 5.216391536591137301e-01 8.973832279896962749e-01
4.149490792569716091e-01 5.216391536591137301e-01 8.973832279896962749e-01
4.154649173325206113e-01 5.206716138731025678e-01 8.973723188633523362e-01
4.155744455935362347e-01 5.208053441391440330e-01 8.983729525027650542e-01
4.155744455935362347e-01 5.208053441391440330e-01 8.983729525027650542e-01
4.154491277219476975e-01 5.202100070960653522e-01 8.972717792652691315e-01
4.158452453387561643e-01 5.201815143620861503e-01 8.973226014181572285e-01
4.148506362116745616e-01 5.213926040154139852e-01 8.978154910686710899e-01
4.151453100158612464e-01 5.209259626126662157e-01 8.979809857084748437e-01
4.151453100158612464e-01 5.209259626126662157e-01 8.979809857084748437e-01
4.156658763343686336e-01 5.208131367578781035e-01 8.979518997560994586e-01
4.156658763343686336e-01 5.208131367578781035e-01 8.979518997560994586e-01
4.154969659596519649e-01 5.206645652984659423e-01 8.975672545265458435e-01
4.154969659596519649e-01 5.206645652984659423e-01 8.975672545265458435e-01
4.154823921145729959e-01 5.200666325879106378e-01 8.978748934528715253e-01
4.150828185611801779e-01 5.214651305093509492e-01 8.967939406273426339e-01
4.150828185611801779e-01 5.214651305093509492e-01 8.967939406273426339e-01
4.152654384550398814e-01 5.209030407289542142e-01 8.972570949251824635e-01
4.155103350800036233e-01 5.204610721484715929e-01 8.976513680290787445e-01
4.153048218853780393e-01 5.211283553015846337e-01 8.979974016109218971e-01
4.153048218853780393e-01 5.211283553015846337e-01 8.979974016109218971e-01
4.154818795881736748e-01 5.208683796272709499e-01 8.974597590365328559e-01
4.151683318793427113e-01 5.206763836922584376e-01 8.978311108891022796e-01
4.151683318793427113e-01 5.206763836922584376e-01 8.978311108891022796e-01
4.156547461072876426e-01 5.207824155160438728e-01 8.976832097294228374e-01
4.155595837244690505e-01 5.207248714034151682e-01 8.980270781384692702e-01
4.155595837244690505e-01 5.207248714034151682e-01 8.980270781384692702e-01
4.150845944166821622e-01 5.213965593466803883e-01 8.980040569301636078e-01
4.151870293934886713e-01 5.209492522910081913e-01 8.984617203795484119e-01
4.153173350467296854e-01 5.206365582633734057e-01 8.975477379220546670e-01
4.155164717125569562e-01 5.211487129149658948e-01 8.981891672012656258e-01
4.155164717125569562e-01 5.211487129149658948e-01 8.981891672012656258e-01
4.152758407592379020e-01 5.210921678666022849e-01 8.975588668262726166e-01
4.149482980818169353e-01 5.213500239388969559e-01 8.968187523062086663e-01
4.155105022520791391e-01 5.207989908512391519e-01 8.978876486767743970e-01
4.155105022520791391e-01 5.207989908512391519e-01 8.978876486767743970e-01
4.152506245129395368e-01 5.211842113032565393e-01 8.977078430034386436e-01
4.154726340566702869e-01 5.209887580297013487e-01 8.978481927890824554e-01
4.150188301824924708e-01 5.210214603627677521e-01 8.974483899763440187e-01
4.149337016862945648e-01 5.213996178587638752e-01 8.970439012269557644e-01
4.149337016862945648e-01 5.213996178587638752e-01 8.970439012269557644e-01
4.154479103955434627e-01 5.205063008092006838e-01 8.971795018768067287e-01
4.154479103955434627e-01 5.205063008092006838e-01 8.971795018768067287e-01
4.154232558058959524e-01 5.204823954976026679e-01 8.975389479088673461e-01
4.155300334119284567e-01 5.205189742906137784e-01 8.978651338892698064e-01
4.154609644594625117e-01 5.202715093784949785e-01 8.974297751280113644e-01
4.154047330471310473e-01 5.208781273505964649e-01 8.973742826846832221e-01
4.154047330471310473e-01 5.208781273505964649e-01 8.973742826846832221e-01
4.156200002421632234e-01 5.206540979100219291e-01 8.976029502302489416e-01
4.154603345064973863e-01 5.207478676267075501e-01 8.975024102168975837e-01
4.154603345064973863e-01 5.207478676267075501e-01 8.975024102168975837e-01
4.150215131002515379e-01 5.208612641589339676e-01 8.974636560627533566e-01
4.150286835336091662e-01 5.210484062775513348e-01 8.973456152219051463e-01
4.158284650629704982e-01 5.209075342166258338e-01 8.980119305928777607e-01
4.158284650629704982e-01 5.209075342166258338e-01 8.980119305928777607e-01
4.152607538566931988e-01 5.209474642370703901e-01 8.975230063975930817e-01
4.152607538566931988e-01 5.209474642370703901e-01 8.975230063975930817e-01
4.150441593790764050e-01 5.209179520494100490e-01 8.976298110840584821e-01
4.152314683982737953e-01 5.208262239921704895e-01 8.971922306390099910e-01
4.152223310371672693e-01 5.209996863707391235e-01 8.976392245865114639e-01
4.153187554049084240e-01 5.205828451771726817e-01 8.975352369859089796e-01
4.158652759496446749e-01 5.202712962025490828e-01 8.973774586130274233e-01
4.156551877460416544e-01 5.205923866331483296e-01 8.977933335729548769e-01
4.156551877460416544e-01 5.205923866331483296e-01 8.977933335729548769e-01
4.156887607552284813e-01 5.208801900083053216e-01 8.978892229800873315e-01
4.156887607552284813e-01 5.208801900083053216e-01 8.978892229800873315e-01
4.156754310866156987e-01 5.205024060162725119e-01 8.976432897366655173e-01
4.156754310866156987e-01 5.205024060162725119e-01 8.976432897366655173e-01
4.158237579315246513e-01 5.203571455629271147e-01 8.973264781602787732e-01
4.158237579315246513e-01 5.203571455629271147e-01 8.973264781602787732e-01
4.154078067041357403e-01 5.211720365823764300e-01 8.972903814914598986e-01
4.154078067041357403e-01 5.211720365823764300e-01 8.972903814914598986e-01
4.152393029464025997e-01 5.208474045727536916e-01 8.977597793756770805e-01
4.152393029464025997e-01 5.208474045727536916e-01 8.977597793756770805e-01
4.155722038972365362e-01 5.207065307742040350e-01 8.973152620058324480e-01
4.155743237702630988e-01 5.204353465896707220e-01 8.982645850243575758e-01
4.150515521631450988e-01 5.207241495330573455e-01 8.970492480547604952e-01
4.153036074975900438e-01 5.204700441958550750e-01 8.973557957759232817e-01
4.148224031192900285e-01 5.212192328412383890e-01 8.974546017849303059e-01
4.156524811704291333e-01 5.210370226212570621e-01 8.980319644534920931e-01
4.154289143959700170e-01 5.208847639095274262e-01 8.978937329699197001e-01
4.155306460431625326e-01 5.210471039399611204e-01 8.979658323094378281e-01
4.155306460431625326e-01 5.210471039399611204e-01 8.979658323094378281e-01
4.157247768127496079e-01 5.203707401026732571e-01 8.974445687109622316e-01
4.152357255763468591e-01 5.210923231126922683e-01 8.976543184011961385e-01
4.152357255763468591e-01 5.210923231126922683e-01 8.976543184011961385e-01
4.151972592385866911e-01 5.207283205825873340e-01 8.970397313222004954e-01
4.151972592385866911e-01 5.207283205825873340e-01 8.970397313222004954e-01
4.155463614676702666e-01 5.206316210470866013e-01 8.980118875629469199e-01
4.151864336215797535e-01 5.211983889833946559e-01 8.973790215556982641e-01
4.151864336215797535e-01 5.211983889833946559e-01 8.973790215556982641e-01
4.152864862349847086e-01 5.205370468073398094e-01 8.973426926068596154e-01
4.153491450071755131e-01 5.203128500960271241e-01 8.976172479148895045e-01
4.154438198554589179e-01 5.210262540624793770e-01 8.975715408078399626e-01
4.149545384474025433e-01 5.214577807978105772e-01 8.972100049491822382e-01
4.149545384474025433e-01 5.214577807978105772e-01 8.972100049491822382e-01
4.155138106841745338e-01 5.208294199350191889e-01 8.977448286677605083e-01
4.155138106841745338e-01 5.208294199350191889e-01 8.977448286677605083e-01
4.147081915624566961e-01 5.215137942420451367e-01 8.980386191791731587e-01
4.151404656270097360e-01 5.210072135260243043e-01 8.971432793434742647e-01
4.154405636833061188e-01 5.209959397688634919e-01 8.976684780647188333e-01
4.154405636833061188e-01 5.209959397688634919e-01 8.976684780647188333e-01
4.157289370757864533e-01 5.205843129991792884e-01 8.978782817619104240e-01
4.150827947980686994e-01 5.209504114431334765e-01 8.973755865912311780e-01
4.154831754970076951e-01 5.204766254243388124e-01 8.971960771970579618e-01
4.154831754970076951e-01 5.204766254243388124e-01 8.971960771970579618e-01
4.156796256280618773e-01 5.203413962122613867e-01 8.976361310431595353e-01
4.155418619004618841e-01 5.207975196760565861e-01 8.970283339958973201e-01
4.155418619004618841e-01 5.207975196760565861e-01 8.970283339958973201e-01
4.150972028948294867e-01 5.214842490831315125e-01 8.973260595823661090e-01
4.157837766955282954e-01 5.200839876557794561e-01 8.979440382520366137e-01
4.153360543790617920e-01 5.209067254002114344e-01 8.977744241668221825e-01
4.158652992966325734e-01 5.205459307012879622e-01 8.971745821894787642e-01
4.158652992966325734e-01 5.205459307012879622e-01 8.971745821894787642e-01
4.154216400005086851e-01 5.210109042183567185e-01 8.976954891628646793e-01
4.152162826998646028e-01 5.209981504838906430e-01 8.972129969854825138e-01
4.154632673585534897e-01 5.203973179596463883e-01 8.975895514403652298e-01
4.154632673585534897e-01 5.203973179596463883e-01 8.975895514403652298e-01
4.150590275579748023e-01 5.209893172812372075e-01 8.975042838257709654e-01
4.157105864866710854e-01 5.207578567410371395e-01 8.978829998264603596e-01
4.155291446641689590e-01 5.200717102303318295e-01 8.972376498034335679e-01
4.155291446641689590e-01 5.200717102303318295e-01 8.972376498034335679e-01
4.151482915019920061e-01 5.208507349161641820e-01 8.978353997360670746e-01
4.151482915019920061e-01 5.208507349161641820e-01 8.978353997360670746e-01
4.156850476514187265e-01 5.204766194147377734e-01 8.975427151591224284e-01
4.156850476514187265e-01 5.204766194147377734e-01 8.975427151591224284e-01
4.154690588002559193e-01 5.208847466452654063e-01 8.978214035711404861e-01
4.154690588002559193e-01 5.208847466452654063e-01 8.978214035711404861e-01
4.151677221015646624e-01 5.213190023650435823e-01 8.973860773803117308e-01
4.151677221015646624e-01 5.213190023650435823e-01 8.973860773803117308e-01
4.156673090565234374e-01 5.207594871025325034e-01 8.979926984894749387e-01
4.152856994578317251e-01 5.210904904776679780e-01 8.980189421627121638e-01
4.155263200600238238e-01 5.208064081011100077e-01 8.980086601873402685e-01
4.155055510305027400e-01 5.207693749960393692e-01 8.979840431990255833e-01
4.162268412351434743e-01 5.202200133413144023e-01 8.973738183303470173e-01
4.154261742141107105e-01 5.206500619738746449e-01 8.973192902330007215e-01
4.154261742141107105e-01 5.206500619738746449e-01 8.973192902330007215e-01
4.157041992942422381e-01 5.207497579802647936e-01 8.981431270455964011e-01
4.152909880298142897e-01 5.208563568237009056e-01 8.978403390884982516e-01
4.153355021519747337e-01 5.209158383285085181e-01 8.971549380357985992e-01
4.157637673273174017e-01 5.205019252312621525e-01 8.978969739356817970e-01
4.157637673273174017e-01 5.205019252312621525e-01 8.978969739356817970e-01
4.150065938558137879e-01 5.211178305190095061e-01 8.973617381088040412e-01
4.156464272728692122e-01 5.207511526672954361e-01 8.973975181181181870e-01
4.159255537176003714e-01 5.199304930705253014e-01 8.979022541581700434e-01
4.150640679769306840e-01 5.210397021046225818e-01 8.975337345183036497e-01
4.150640679769306840e-01 5.210397021046225818e-01 8.975337345183036497e-01
4.154466929820482268e-01 5.208979920772458527e-01 8.974127769071806870e-01
4.154384907709400276e-01 5.208702093960624335e-01 8.975085902093983270e-01
4.154928525182611243e-01 5.204506926868633920e-01 8.971033580479347291e-01
4.154928525182611243e-01 5.204506926868633920e-01 8.971033580479347291e-01
4.152746181723990238e-01 5.212404421166031421e-01 8.978592453103784177e-01
4.154575800494665905e-01 5.202113163879131807e-01 8.980285848811478955e-01
4.154065167042081952e-01 5.205654339714976819e-01 8.990881376886403764e-01
4.167931877358980741e-01 5.206213714070334619e-01 9.031037363887619573e-01
4.167931877358980741e-01 5.206213714070334619e-01 9.031037363887619573e-01
4.171072397866096293e-01 5.203189624554557247e-01 9.063800740532476086e-01
4.171072397866096293e-01 5.203189624554557247e-01 9.063800740532476086e-01
4.175188987725104162e-01 5.197107419365840641e-01 9.072058275766454738e-01
4.170593523135526781e-01 5.205045235865116693e-01 9.082818109304782173e-01
4.170593523135526781e-01 5.205045235865116693e-01 9.082818109304782173e-01
4.179046623262663851e-01 5.198196480155976573e-01 9.100394920549674804e-01
4.179640956211187475e-01 5.201838486696296338e-01 9.106414497688704035e-01
4.180912418974719880e-01 5.198451243632611352e-01 9.109946974969218569e-01
4.177545950219224147e-01 5.204440199771784847e-01 9.128942667009672940e-01
4.177545950219224147e-01 5.204440199771784847e-01 9.128942667009672940e-01
4.179297193652646292e-01 5.203675376387020268e-01 9.128479829107435384e-01
4.181989806648203634e-01 5.200198049653308452e-01 9.130526115284872679e-01
4.181989806648203634e-01 5.200198049653308452e-01 9.130526115284872679e-01
4.178068110262839752e-01 5.205493274106202106e-01 9.133842334339430380e-01
4.184099270327664155e-01 5.200198914112663662e-01 9.131063659822558076e-01
4.178133863632205736e-01 5.206774763141543971e-01 9.137047777266921189e-01
4.180580802723876110e-01 5.195542633637734165e-01 9.131298651533448218e-01
4.180584099597284831e-01 5.199739831212650820e-01 9.132510451176394373e-01
4.181629313111462909e-01 5.198099560913679307e-01 9.127032130030302559e-01
4.181629313111462909e-01 5.198099560913679307e-01 9.127032130030302559e-01
4.179088462800843451e-01 5.207161367829538090e-01 9.130404617357870123e-01
4.179995266554175637e-01 5.201676233237785274e-01 9.130297233448935179e-01
4.179995266554175637e-01 5.201676233237785274e-01 9.130297233448935179e-01
4.178046754510023608e-01 5.209167282343706296e-01 9.134683361613465946e-01
4.178906807163274562e-01 5.202540090617293611e-01 9.132940512596875449e-01
4.178840533089868692e-01 5.196149890234242896e-01 9.130206930189346259e-01
4.178840533089868692e-01 5.196149890234242896e-01 9.130206930189346259e-01
4.178532573195382072e-01 5.195727435116140880e-01 9.128255174789101645e-01
4.181841581177888068e-01 5.202813657093521282e-01 9.129597165609271148e-01
4.182182200957806351e-01 5.196337532803128045e-01 9.130104118711439565e-01
4.187585078292029306e-01 5.198709420777432033e-01 9.130870343144958934e-01
4.178786401011393425e-01 5.202267621451649449e-01 9.134223109999916046e-01
4.178786401011393425e-01 5.202267621451649449e-01 9.134223109999916046e-01
4.184331565726296387e-01 5.198129882467302787e-01 9.128292059015069571e-01
4.179374773300777446e-01 5.205435397591393620e-01 9.126750572770085945e-01
4.178144224818496899e-01 5.202723337058235975e-01 9.128168708971473588e-01
4.178144224818496899e-01 5.202723337058235975e-01 9.128168708971473588e-01
4.182379548659687640e-01 5.194170648887134201e-01 9.125891361081548414e-01
4.182198690485077752e-01 5.201960793186976018e-01 9.130149923208151774e-01
4.182198690485077752e-01 5.201960793186976018e-01 9.130149923208151774e-01
4.179285246427630329e-01 5.202883405869282996e-01 9.125732647975841605e-01
4.179285246427630329e-01 5.202883405869282996e-01 9.125732647975841605e-01
4.180017348081763173e-01 5.200981369449244607e-01 9.129071498585463740e-01
4.180017348081763173e-01 5.200981369449244607e-01 9.129071498585463740e-01
4.178376950818534774e-01 5.199301029462217727e-01 9.131166632930985960e-01
4.184111454707169497e-01 5.199662304233801935e-01 9.131012632128319151e-01
4.187687050587213800e-01 5.200197668477718471e-01 9.131249836691751609e-01
4.182340257315410592e-01 5.199231014354960267e-01 9.129568049930359974e-01
4.181889442449928107e-01 5.202901805002093649e-01 9.130971549733057913e-01
4.181889442449928107e-01 5.202901805002093649e-01 9.130971549733057913e-01
4.184225685402129247e-01 5.195579949899625793e-01 9.127495387497701618e-01
4.184702850291333598e-01 5.196967034306044786e-01 9.135114691270782572e-01
4.184702850291333598e-01 5.196967034306044786e-01 9.135114691270782572e-01
4.175306325669012053e-01 5.207685546966395185e-01 9.128821278816630080e-01
4.179667997797815171e-01 5.205760542414542558e-01 9.132513139844846695e-01
4.180736065107201749e-01 5.197376354509684049e-01 9.130960106794707709e-01
4.186768324036561073e-01 5.194230726018583821e-01 9.133928795320410687e-01
4.180561156339971940e-01 5.201341802339979337e-01 9.132363417728658339e-01
4.180385422357938974e-01 5.195544282374131573e-01 9.129774497153216872e-01
4.180385422357938974e-01 5.195544282374131573e-01 9.129774497153216872e-01
4.178025212203758110e-01 5.202079747663438392e-01 9.130500015117859469e-01
4.184473233860975250e-01 5.196345664558623678e-01 9.132011360714341608e-01
4.184473233860975250e-01 5.196345664558623678e-01 9.132011360714341608e-01
4.183934311858217847e-01 5.197994713252312993e-01 9.133134543018666118e-01
4.180642829351273737e-01 5.195729330300173920e-01 9.128795124615525225e-01
4.186684092136267465e-01 5.198368063891962709e-01 9.133213293173790825e-01
4.186684092136267465e-01 5.198368063891962709e-01 9.133213293173790825e-01
4.180194515497933083e-01 5.199400495875297068e-01 9.130424681482227633e-01
4.181443178608431066e-01 5.199838759338090144e-01 9.127082142751420379e-01
4.181443178608431066e-01 5.199838759338090144e-01 9.127082142751420379e-01
4.180141713794995328e-01 5.202302659647609628e-01 9.128279728448418506e-01
4.175953497865435016e-01 5.202425944826397641e-01 9.128852167998479095e-01
4.180906507728820443e-01 5.197427554779240344e-01 9.137613881272869110e-01
4.180906507728820443e-01 5.197427554779240344e-01 9.137613881272869110e-01
4.179994078894049836e-01 5.201148225724174790e-01 9.130241166607671044e-01
4.182449240020501002e-01 5.196785443316775943e-01 9.131736898579182471e-01
4.184827111751128759e-01 5.196963952093424099e-01 9.131526330191337415e-01
4.184071572385401061e-01 5.198780300853729219e-01 9.132295272559799448e-01
4.184071572385401061e-01 5.198780300853729219e-01 9.132295272559799448e-01
4.179780912031926809e-01 5.203428163933572215e-01 9.130490531404554799e-01
4.181616685053029525e-01 5.204195610018110818e-01 9.130681363847958920e-01
4.181795539788757954e-01 5.200302131209216805e-01 9.124958698420618797e-01
4.182329099677125073e-01 5.198860590300651285e-01 9.131146372697842573e-01
4.187626183589819306e-01 5.200009330748697201e-01 9.133760934728226699e-01
4.178029733248816435e-01 5.201243092074343544e-01 9.127554980876668722e-01
4.183336047559241266e-01 5.200005918480686828e-01 9.127416308585598603e-01
4.183336047559241266e-01 5.200005918480686828e-01 9.127416308585598603e-01
