4.219628500956870698e-01 4.920011065297941744e-01 1.008472456682358853e+00
4.223515646358113051e-01 4.918073450173207073e-01 1.008071045389268505e+00
4.219222656583378472e-01 4.926038418305817568e-01 1.008433558155728438e+00
4.219222656583378472e-01 4.926038418305817568e-01 1.008433558155728438e+00
4.219031920061255270e-01 4.924465499971600879e-01 1.008843118415310380e+00
4.219093276265025172e-01 4.926626198974314863e-01 1.008836504746993601e+00
4.219093276265025172e-01 4.926626198974314863e-01 1.008836504746993601e+00
4.217530649157781864e-01 4.929841841183789097e-01 1.008654217083306381e+00
4.221178867449373873e-01 4.923347666775934606e-01 1.008339511494424245e+00
4.220599620722721990e-01 4.928011093818121524e-01 1.008981594067043241e+00
4.220599620722721990e-01 4.928011093818121524e-01 1.008981594067043241e+00
4.222800802726906499e-01 4.924414728639457950e-01 1.008789098950131802e+00
4.222800802726906499e-01 4.924414728639457950e-01 1.008789098950131802e+00
4.213093152150733656e-01 4.930224812908237109e-01 1.009301452934918908e+00
4.219177395888525361e-01 4.926179625721172073e-01 1.008165213740467081e+00
4.219607903057170373e-01 4.925413521363244396e-01 1.008561677031029502e+00
4.219141198715682939e-01 4.926084705969751010e-01 1.008932379186735728e+00
4.219141198715682939e-01 4.926084705969751010e-01 1.008932379186735728e+00
4.217594649885335056e-01 4.927362253090098454e-01 1.008793692658987329e+00
4.217594649885335056e-01 4.927362253090098454e-01 1.008793692658987329e+00
4.217281388979575163e-01 4.929770891117850606e-01 1.008470173188816377e+00
4.217281388979575163e-01 4.929770891117850606e-01 1.008470173188816377e+00
4.217339022534074000e-01 4.926420967511868643e-01 1.008798754668418063e+00
4.219373215385299747e-01 4.927068193962474973e-01 1.008292658071694436e+00
4.221072603961703584e-01 4.928225949706749875e-01 1.008570260974010369e+00
4.221072603961703584e-01 4.928225949706749875e-01 1.008570260974010369e+00
4.222559276203964873e-01 4.924348023305486488e-01 1.008410765484488936e+00
4.222559276203964873e-01 4.924348023305486488e-01 1.008410765484488936e+00
4.219257750100112170e-01 4.925864166382735165e-01 1.008531652406886359e+00
4.219257750100112170e-01 4.925864166382735165e-01 1.008531652406886359e+00
4.221415795004034854e-01 4.921978716910174190e-01 1.008423178199672865e+00
4.221276800238016880e-01 4.923508569442357485e-01 1.008142501151657378e+00
4.215444193560953789e-01 4.925646234033653204e-01 1.008369739929131814e+00
4.215744192702484683e-01 4.926858843693564527e-01 1.008603413386991665e+00
4.218868786446206554e-01 4.932834340541932261e-01 1.008908309157548144e+00
4.220659088609668985e-01 4.927351312346851531e-01 1.008210161324434972e+00
4.219328928091269915e-01 4.928632217708661667e-01 1.008976833714787524e+00
4.225034261466957264e-01 4.924259671867188826e-01 1.008425852298181713e+00
4.220825986487912185e-01 4.930405514192279237e-01 1.008675474592659604e+00
4.217161006404111512e-01 4.924059775889944590e-01 1.009011423365632876e+00
4.217161006404111512e-01 4.924059775889944590e-01 1.009011423365632876e+00
4.224762314113568729e-01 4.923276501760386892e-01 1.008470415316926605e+00
4.224762314113568729e-01 4.923276501760386892e-01 1.008470415316926605e+00
4.221119794844396256e-01 4.918260884109160735e-01 1.008407462427517665e+00
4.228819595477325000e-01 4.915141826700379912e-01 1.008710650024988276e+00
4.228819595477325000e-01 4.915141826700379912e-01 1.008710650024988276e+00
4.264715722788083307e-01 4.884557077706368489e-01 1.008374759924798969e+00
4.279552920686447437e-01 4.875026397348372065e-01 1.008285871415288026e+00
4.279552920686447437e-01 4.875026397348372065e-01 1.008285871415288026e+00
4.312690387756398791e-01 4.843761053813728235e-01 1.008867256557407943e+00
4.331457646028505359e-01 4.831818061580249735e-01 1.008346137547475596e+00
4.358014301424598114e-01 4.801991398806764733e-01 1.008142985025957783e+00
4.399699979629304036e-01 4.770478161317989185e-01 1.009151693792367688e+00
4.427305345097397038e-01 4.752163922909976579e-01 1.008179926456996389e+00
4.456782709151793642e-01 4.722619418593183571e-01 1.008134637567316583e+00
4.477810300445424496e-01 4.699560482733906586e-01 1.008905529785744992e+00
4.477810300445424496e-01 4.699560482733906586e-01 1.008905529785744992e+00
4.554954360514272271e-01 4.632715188375650106e-01 1.008426653685963181e+00
4.554954360514272271e-01 4.632715188375650106e-01 1.008426653685963181e+00
4.630952952099358089e-01 4.566112590516482328e-01 1.008614305546297274e+00
4.630952952099358089e-01 4.566112590516482328e-01 1.008614305546297274e+00
4.700141694485603927e-01 4.497164832932001866e-01 1.008366634975780940e+00
4.748425105054264184e-01 4.449966062611797613e-01 1.008550373719377502e+00
4.792251094810428547e-01 4.407201021227130089e-01 1.008685802839097700e+00
4.834435616701502902e-01 4.361269043045229443e-01 1.008395443357830157e+00
4.861278250384782340e-01 4.336735931746141803e-01 1.008191320645424049e+00
4.861278250384782340e-01 4.336735931746141803e-01 1.008191320645424049e+00
4.907676331652204849e-01 4.286625999114992425e-01 1.008553021041526776e+00
4.948548579115093493e-01 4.243521738216829986e-01 1.008681148354453772e+00
4.996471837079182188e-01 4.184870294064255147e-01 1.008248335564669862e+00
5.015973831453006682e-01 4.170864385411670594e-01 1.008659418272436437e+00
5.042829227918340651e-01 4.134502119026911005e-01 1.008297726130845451e+00
5.042829227918340651e-01 4.134502119026911005e-01 1.008297726130845451e+00
5.125636323429718644e-01 4.037360144164089393e-01 1.008796491012020624e+00
5.125636323429718644e-01 4.037360144164089393e-01 1.008796491012020624e+00
5.187687008844438230e-01 3.967841844486689196e-01 1.008747607636569565e+00
5.187687008844438230e-01 3.967841844486689196e-01 1.008747607636569565e+00
5.223603468152944185e-01 3.918498418410873985e-01 1.008383070054187147e+00
5.255246947189063933e-01 3.890468272811596906e-01 1.008517168791686291e+00
5.278919715150670600e-01 3.847816152923909105e-01 1.008308808903711551e+00
5.278919715150670600e-01 3.847816152923909105e-01 1.008308808903711551e+00
5.309533601753778642e-01 3.807953741568699813e-01 1.008413733704988768e+00
5.309533601753778642e-01 3.807953741568699813e-01 1.008413733704988768e+00
5.355541379581900685e-01 3.745904875934248923e-01 1.008618523207021056e+00
5.355541379581900685e-01 3.745904875934248923e-01 1.008618523207021056e+00
5.393967296971490244e-01 3.699535991939281176e-01 1.007763068231415149e+00
5.393967296971490244e-01 3.699535991939281176e-01 1.007763068231415149e+00
5.436023907249145637e-01 3.632353363393455159e-01 1.007752501312658922e+00
5.436023907249145637e-01 3.632353363393455159e-01 1.007752501312658922e+00
5.459061715203445964e-01 3.612684045294413115e-01 1.008076512276542047e+00
5.482365374880708853e-01 3.579019648491669758e-01 1.008281145714458704e+00
5.504878029955991847e-01 3.542678623326906417e-01 1.008129233436334538e+00
5.518995824765581260e-01 3.525376418814732404e-01 1.008006928190042339e+00
5.518995824765581260e-01 3.525376418814732404e-01 1.008006928190042339e+00
5.542235701897110234e-01 3.492770061832140560e-01 1.008232353378371471e+00
5.542235701897110234e-01 3.492770061832140560e-01 1.008232353378371471e+00
5.569234489743078997e-01 3.440007878857577195e-01 1.007894839762710326e+00
5.569234489743078997e-01 3.440007878857577195e-01 1.007894839762710326e+00
5.600636066315307637e-01 3.398764311941110394e-01 1.008009794143762239e+00
5.624772692578525746e-01 3.363408421099299273e-01 1.008085746683923700e+00
5.641763712798855135e-01 3.339732800354867082e-01 1.008065189300660025e+00
5.654436455459763700e-01 3.317235159787663146e-01 1.008448782783308406e+00
5.654436455459763700e-01 3.317235159787663146e-01 1.008448782783308406e+00
5.671507845670420433e-01 3.282675443932092096e-01 1.008972998606268323e+00
5.686341519548164802e-01 3.262304889235179695e-01 1.008681840356802972e+00
5.697698371964784458e-01 3.243121669050860190e-01 1.008548651282480613e+00
5.708274808059289329e-01 3.230682365705733750e-01 1.008493330587387771e+00
5.708274808059289329e-01 3.230682365705733750e-01 1.008493330587387771e+00
5.724772906833973662e-01 3.204252657254864634e-01 1.008448370948120676e+00
5.730540412458738908e-01 3.192612182369696239e-01 1.008435560521412366e+00
5.736179647583600216e-01 3.179482923863400368e-01 1.007624642812495530e+00
5.736179647583600216e-01 3.179482923863400368e-01 1.007624642812495530e+00
5.745684491278304495e-01 3.162394075892667189e-01 1.008033451532946989e+00
5.745684491278304495e-01 3.162394075892667189e-01 1.008033451532946989e+00
5.758814186520486711e-01 3.144140076279630658e-01 1.008108275294180345e+00
5.766979680052581880e-01 3.129578721479480130e-01 1.007729852015762706e+00
5.770865394697309858e-01 3.124467158972258352e-01 1.008317362853085708e+00
5.766617179206817712e-01 3.123983006577037425e-01 1.008267554758022211e+00
5.766617179206817712e-01 3.123983006577037425e-01 1.008267554758022211e+00
5.769182237001132529e-01 3.131131884238765872e-01 1.008743490854951741e+00
5.770744059831680595e-01 3.128401867141094028e-01 1.008189810196458813e+00
5.766144995973810916e-01 3.127282102805129527e-01 1.007979132062506444e+00
5.766144995973810916e-01 3.127282102805129527e-01 1.007979132062506444e+00
5.766755787278742273e-01 3.129511385100502419e-01 1.008582972094024699e+00
5.768411580640635528e-01 3.122750358801096304e-01 1.007783018217877968e+00
5.770521438726814445e-01 3.123304629839008806e-01 1.007486381479826276e+00
5.772365908245029598e-01 3.119974913160063479e-01 1.006087142906344267e+00
5.774103127535027413e-01 3.121465775852729219e-01 1.004094817975794918e+00
5.774943434079264915e-01 3.126087456068681880e-01 1.001009182345583337e+00
5.789247136417882134e-01 3.108027814982540216e-01 9.978957299634589884e-01
5.791817452331755600e-01 3.096884173264165541e-01 9.958160792484618273e-01
5.791817452331755600e-01 3.096884173264165541e-01 9.958160792484618273e-01
5.801609723775101868e-01 3.095478352774990727e-01 9.915768429643827542e-01
5.812499055917996760e-01 3.080818735720767254e-01 9.888114824262455027e-01
5.819755252262481804e-01 3.073647171517629451e-01 9.856221357998017352e-01
5.825971155098782495e-01 3.057432457266968662e-01 9.824105441251493875e-01
5.825971155098782495e-01 3.057432457266968662e-01 9.824105441251493875e-01
5.830554707740863707e-01 3.060705258664085937e-01 9.781444152404412673e-01
5.837886733459811683e-01 3.049797530517815991e-01 9.755755450130207951e-01
5.844749816791822150e-01 3.042946627270270987e-01 9.733767043908853056e-01
5.846534393993071399e-01 3.038811269363725920e-01 9.710588240918822667e-01
5.856074463935919683e-01 3.018512719422772883e-01 9.688932358490291996e-01
5.856074463935919683e-01 3.018512719422772883e-01 9.688932358490291996e-01
5.861694793075302723e-01 3.010500096541222081e-01 9.665988416388388016e-01
5.869552258313476267e-01 3.002471692522346580e-01 9.647456548235413543e-01
5.875894959360787873e-01 2.984413867630618666e-01 9.628983129891932613e-01
5.878228606772614162e-01 2.992613584251760384e-01 9.616516655013749304e-01
5.878228606772614162e-01 2.992613584251760384e-01 9.616516655013749304e-01
5.884963803409705152e-01 2.970756340466474410e-01 9.601373952427783021e-01
5.889209209692020108e-01 2.964132475024037761e-01 9.584727988375533192e-01
5.897730017894565746e-01 2.943062891307123286e-01 9.567445733391382046e-01
5.903424202215475924e-01 2.934276722441471197e-01 9.561450216376166100e-01
5.903424202215475924e-01 2.934276722441471197e-01 9.561450216376166100e-01
5.908539524909103280e-01 2.924888428618674929e-01 9.545919961473611215e-01
5.925288045611500909e-01 2.893150380906786556e-01 9.513808304509406844e-01
5.925288045611500909e-01 2.893150380906786556e-01 9.513808304509406844e-01
5.939092490738487884e-01 2.869351009537182140e-01 9.487022831963211056e-01
5.939092490738487884e-01 2.869351009537182140e-01 9.487022831963211056e-01
5.940854011230799481e-01 2.864925363345756648e-01 9.485121448239272057e-01
5.946185970079038707e-01 2.860328739301928880e-01 9.473126140931353856e-01
5.946185970079038707e-01 2.860328739301928880e-01 9.473126140931353856e-01
5.950387722975679639e-01 2.848936589952125176e-01 9.456943918317227693e-01
5.950387722975679639e-01 2.848936589952125176e-01 9.456943918317227693e-01
5.956010635449077162e-01 2.835541897031109149e-01 9.427242942719640251e-01
5.956010635449077162e-01 2.835541897031109149e-01 9.427242942719640251e-01
5.960304301514628422e-01 2.830375032779872124e-01 9.413854480178592832e-01
5.964280724603183703e-01 2.817712526758960889e-01 9.409115804702290475e-01
5.966437481357539374e-01 2.816004873214394411e-01 9.398999373068560592e-01
5.966437481357539374e-01 2.816004873214394411e-01 9.398999373068560592e-01
5.970551145247010583e-01 2.799476706103391499e-01 9.385700747868721550e-01
5.972799317475840919e-01 2.800737525449792376e-01 9.383887926129090840e-01
5.979318312927931478e-01 2.800101640257620650e-01 9.380065537154733679e-01
5.979617393082639065e-01 2.784095974904162163e-01 9.370698752347621507e-01
5.979609153770947261e-01 2.784842704330838248e-01 9.360837409940201415e-01
5.979140775277054232e-01 2.775908523040003795e-01 9.360828662708202685e-01
5.982837637091759087e-01 2.780203617472042366e-01 9.357793019535023404e-01
5.982837637091759087e-01 2.780203617472042366e-01 9.357793019535023404e-01
5.982773758697097488e-01 2.784428364111796173e-01 9.359747357484181629e-01
5.982118964512544990e-01 2.784460396272892546e-01 9.354827296772157963e-01
5.983222870973686769e-01 2.778137693190678159e-01 9.352624641115308002e-01
5.983222870973686769e-01 2.778137693190678159e-01 9.352624641115308002e-01
5.981349315830596369e-01 2.791285701228841676e-01 9.357372577289471138e-01
5.983269533507836746e-01 2.782239023083509788e-01 9.355837899668495439e-01
5.980830756858390718e-01 2.790064197438398841e-01 9.356685540204336959e-01
5.981810337737383243e-01 2.778364160825046447e-01 9.354189892828528308e-01
5.981810337737383243e-01 2.778364160825046447e-01 9.354189892828528308e-01
5.983169860790699124e-01 2.777241296247566771e-01 9.351777412397017653e-01
5.983373115094497985e-01 2.788459436694995519e-01 9.348065951545738717e-01
5.983035472885699368e-01 2.776816089165488610e-01 9.355539277915904117e-01
5.983035472885699368e-01 2.776816089165488610e-01 9.355539277915904117e-01
5.985250513279621876e-01 2.780847390980605294e-01 9.362947458710142445e-01
5.983079904349629663e-01 2.783305161567842800e-01 9.352399866970086961e-01
5.983079904349629663e-01 2.783305161567842800e-01 9.352399866970086961e-01
5.983530632957608786e-01 2.778580831806484741e-01 9.349412669329630887e-01
5.982786680449980743e-01 2.777160391955277863e-01 9.352157354903749553e-01
5.982786680449980743e-01 2.777160391955277863e-01 9.352157354903749553e-01
5.984663385152727555e-01 2.781204272714750125e-01 9.351242675650405234e-01
5.980125748604291358e-01 2.779710949465312719e-01 9.353924806687800020e-01
5.980125748604291358e-01 2.779710949465312719e-01 9.353924806687800020e-01
5.984003071554545583e-01 2.775670754432028597e-01 9.350078528551779566e-01
5.982369916815154509e-01 2.779170852610777787e-01 9.356311732470525833e-01
5.984152436566669842e-01 2.780107688446665226e-01 9.351324126134519243e-01
5.984152436566669842e-01 2.780107688446665226e-01 9.351324126134519243e-01
5.980814906499524186e-01 2.782120004889402365e-01 9.353657901855761958e-01
5.980814906499524186e-01 2.782120004889402365e-01 9.353657901855761958e-01
5.980481779408248766e-01 2.785581534540815252e-01 9.349843515418139184e-01
5.980481779408248766e-01 2.785581534540815252e-01 9.349843515418139184e-01
5.983818439939946332e-01 2.785912388364619185e-01 9.351491279833726855e-01
5.981285260352525723e-01 2.783945850864801841e-01 9.332005936181329009e-01
5.979324837617022714e-01 2.783090562265894130e-01 9.315160296184926692e-01
5.979324837617022714e-01 2.783090562265894130e-01 9.315160296184926692e-01
5.979310738932838154e-01 2.793538322560139009e-01 9.304554844280421566e-01
5.979498385365867863e-01 2.784792160316980070e-01 9.283005512493682776e-01
5.979498385365867863e-01 2.784792160316980070e-01 9.283005512493682776e-01
5.973704584468720880e-01 2.791039806708154880e-01 9.249868600697770393e-01
5.968137251973254509e-01 2.791622379704508106e-01 9.221528589886381910e-01
5.965840398003803280e-01 2.795096201224085419e-01 9.209314705647356769e-01
5.965840398003803280e-01 2.795096201224085419e-01 9.209314705647356769e-01
5.967443129452206785e-01 2.797801276020451811e-01 9.188068316260354917e-01
5.967443129452206785e-01 2.797801276020451811e-01 9.188068316260354917e-01
5.967635767334109609e-01 2.796802525840462739e-01 9.166322404829704285e-01
5.967635767334109609e-01 2.796802525840462739e-01 9.166322404829704285e-01
5.962031507186474899e-01 2.800628676698956321e-01 9.159944276155508325e-01
5.963112365603093767e-01 2.808934735491750434e-01 9.158788484106359373e-01
5.966121419005959714e-01 2.800948920464241265e-01 9.159271966973299151e-01
5.966121419005959714e-01 2.800948920464241265e-01 9.159271966973299151e-01
5.963750844341249024e-01 2.805254280425225066e-01 9.154600992738772813e-01
5.963750844341249024e-01 2.805254280425225066e-01 9.154600992738772813e-01
5.968693875411896776e-01 2.803078609716815883e-01 9.155132432414354593e-01
5.968693875411896776e-01 2.803078609716815883e-01 9.155132432414354593e-01
5.964914073729129518e-01 2.803429919193080044e-01 9.158874941176486928e-01
5.964914073729129518e-01 2.803429919193080044e-01 9.158874941176486928e-01
5.970754917413905183e-01 2.802548132800894987e-01 9.157822299170115254e-01
5.970754917413905183e-01 2.802548132800894987e-01 9.157822299170115254e-01
5.966386994426833290e-01 2.806026101884995794e-01 9.156939619343469339e-01
5.966888362058463402e-01 2.806495140160443769e-01 9.159551452442560304e-01
5.965389384377398629e-01 2.803556575980364340e-01 9.152605835225217090e-01
5.965360027493717965e-01 2.799589904481851743e-01 9.156980255563696991e-01
5.965360027493717965e-01 2.799589904481851743e-01 9.156980255563696991e-01
5.966011650739284633e-01 2.803944585720928862e-01 9.162021920230409844e-01
5.966011650739284633e-01 2.803944585720928862e-01 9.162021920230409844e-01
5.975042230411671262e-01 2.788797736348773704e-01 9.156093897411961002e-01
5.975042230411671262e-01 2.788797736348773704e-01 9.156093897411961002e-01
5.985976047949147505e-01 2.762175337562188804e-01 9.157506587346611049e-01
5.985976047949147505e-01 2.762175337562188804e-01 9.157506587346611049e-01
5.999821403861297364e-01 2.740220691278429932e-01 9.157397685512311813e-01
6.010295536171111896e-01 2.721862228279691709e-01 9.160791534944379144e-01
6.015315169898505232e-01 2.704989937282932799e-01 9.160125015562555761e-01
6.023833703041107102e-01 2.682687676037253666e-01 9.163922029710688255e-01
6.032701518392465934e-01 2.679051032952157740e-01 9.165810647399961208e-01
6.039313646613216902e-01 2.665242114765105086e-01 9.158733399600440528e-01
6.042882167394814097e-01 2.646645318786521872e-01 9.155251808252156120e-01
6.042882167394814097e-01 2.646645318786521872e-01 9.155251808252156120e-01
6.055683662272334233e-01 2.621311374662990135e-01 9.156505118234308238e-01
6.055683662272334233e-01 2.621311374662990135e-01 9.156505118234308238e-01
6.068501973611961642e-01 2.593971635122910846e-01 9.161846388283352294e-01
6.068501973611961642e-01 2.593971635122910846e-01 9.161846388283352294e-01
6.075590374064963051e-01 2.580384921836856860e-01 9.161189938120796183e-01
6.075590374064963051e-01 2.580384921836856860e-01 9.161189938120796183e-01
6.088105537839098025e-01 2.561380865501823312e-01 9.161939898805380178e-01
6.105188337561666678e-01 2.543508291837004998e-01 9.157839769440092592e-01
6.105188337561666678e-01 2.543508291837004998e-01 9.157839769440092592e-01
6.112377825139690968e-01 2.529896611794776318e-01 9.163732257859795727e-01
6.126151793154920311e-01 2.518792200998206665e-01 9.160292430039385092e-01
6.132804285171906677e-01 2.514528046485871582e-01 9.157674702222224905e-01
6.132804285171906677e-01 2.514528046485871582e-01 9.157674702222224905e-01
6.139711674617249759e-01 2.504234649351143038e-01 9.162237614388641926e-01
6.139711674617249759e-01 2.504234649351143038e-01 9.162237614388641926e-01
6.150661096105191072e-01 2.493429825700715086e-01 9.164071138214328061e-01
6.171987671539179710e-01 2.471131746294042697e-01 9.164020223263723564e-01
6.185028802996452857e-01 2.459622646219005726e-01 9.164505239849930485e-01
6.197311076608666980e-01 2.448658696026990711e-01 9.167174176752604930e-01
6.210863733581003521e-01 2.436591430706424033e-01 9.166454147010740794e-01
6.210863733581003521e-01 2.436591430706424033e-01 9.166454147010740794e-01
6.219134807254889097e-01 2.422570702711148438e-01 9.167266361148833642e-01
6.225952514195237653e-01 2.414401981978953615e-01 9.166884326234890912e-01
6.232122184975620316e-01 2.405114495102748384e-01 9.165608868441079693e-01
6.232122184975620316e-01 2.405114495102748384e-01 9.165608868441079693e-01
6.242038076104119426e-01 2.402128648046484849e-01 9.162446751969991476e-01
6.250785217735774779e-01 2.391390482694703001e-01 9.170351575660560250e-01
6.256899767198247364e-01 2.383179799452469216e-01 9.168401863942865493e-01
6.263459583805738307e-01 2.379018460733041684e-01 9.164667681539074851e-01
6.268280417888364431e-01 2.369582199233497555e-01 9.165482715151946902e-01
6.268280417888364431e-01 2.369582199233497555e-01 9.165482715151946902e-01
6.277302568233558144e-01 2.368623003756706868e-01 9.167911416543921277e-01
6.285030556525527112e-01 2.360437771573682397e-01 9.171843058687877415e-01
6.288009237358829218e-01 2.353056558664277653e-01 9.171890204161254889e-01
6.299163453568101811e-01 2.354431617606959348e-01 9.166914137637236504e-01
6.299163453568101811e-01 2.354431617606959348e-01 9.166914137637236504e-01
6.306776717548187028e-01 2.347616392105342786e-01 9.170030585567551240e-01
6.307318441492194561e-01 2.347663836827756922e-01 9.169239359982865878e-01
6.320426344554368470e-01 2.333743577740017283e-01 9.176135602095292221e-01
6.320026088807281228e-01 2.336801499083244749e-01 9.172958286782764148e-01
6.323128104214104095e-01 2.330729339019033119e-01 9.175126325778919512e-01
6.331418987275839738e-01 2.329253041758205800e-01 9.174838034202555948e-01
6.331418987275839738e-01 2.329253041758205800e-01 9.174838034202555948e-01
6.332727168329586043e-01 2.326278875627192377e-01 9.176614974153851634e-01
6.338378551024766994e-01 2.329211612617099192e-01 9.175818968496209926e-01
6.337780355483860761e-01 2.323452366459896612e-01 9.173934528062834826e-01
6.343912676409442231e-01 2.317573897637104363e-01 9.177722466567661552e-01
6.343912676409442231e-01 2.317573897637104363e-01 9.177722466567661552e-01
6.345609393690406774e-01 2.316547582635646862e-01 9.176120799875294720e-01
6.349518055931003824e-01 2.320475813649359176e-01 9.175013057693554019e-01
6.349327419513447479e-01 2.312017470896331750e-01 9.172146762516433238e-01
6.352669506546342326e-01 2.316932137087876209e-01 9.176143037897587229e-01
6.351213303805505195e-01 2.306748727437478441e-01 9.176507486803981983e-01
6.351213303805505195e-01 2.306748727437478441e-01 9.176507486803981983e-01
6.348795874023845931e-01 2.318127156258056321e-01 9.178005633919510409e-01
6.348949249081238255e-01 2.310266206949650458e-01 9.176263421392625297e-01
6.353399813494136072e-01 2.314803347001052058e-01 9.174738197197767064e-01
6.349054950385529805e-01 2.314469694733999883e-01 9.174884981118240912e-01
6.349489049138251628e-01 2.319598130175447581e-01 9.176635681614819795e-01
6.349489049138251628e-01 2.319598130175447581e-01 9.176635681614819795e-01
6.353217810487805650e-01 2.310125239725808188e-01 9.178537879736550220e-01
6.353217810487805650e-01 2.310125239725808188e-01 9.178537879736550220e-01
6.349970114723810788e-01 2.320433233647750393e-01 9.180789683909710286e-01
6.349970114723810788e-01 2.320433233647750393e-01 9.180789683909710286e-01
6.352629032413972254e-01 2.306467863356691517e-01 9.169354884051756915e-01
6.349554637264005486e-01 2.312404697138536469e-01 9.170524864533977638e-01
6.351568259899641467e-01 2.310844205124927553e-01 9.178431702286611316e-01
6.350593125351335910e-01 2.317622428847226634e-01 9.175199251430383729e-01
6.350593125351335910e-01 2.317622428847226634e-01 9.175199251430383729e-01
6.349559807964649805e-01 2.308873147429735817e-01 9.170132337639574915e-01
6.353542861525982577e-01 2.314735924373897413e-01 9.175751633128399476e-01
6.350756620556397003e-01 2.312093892068474155e-01 9.171035447994630996e-01
6.352381369095613239e-01 2.317514270685050726e-01 9.173969154562406914e-01
6.348779461483392561e-01 2.315022835111778532e-01 9.173119006086296601e-01
6.349209489485017066e-01 2.315987736962401011e-01 9.171898533660609587e-01
6.349921959454620790e-01 2.309350835467804397e-01 9.171648603094163521e-01
6.351620239482200780e-01 2.312037502597090732e-01 9.177595108496916509e-01
6.350927806006498866e-01 2.315026359974383385e-01 9.177694455110971816e-01
6.349617414019630424e-01 2.312543765778022342e-01 9.171834393420748022e-01
6.348835732119156861e-01 2.309594046526809719e-01 9.178034025677641594e-01
6.349177273119287479e-01 2.317308032606820722e-01 9.180365519750708359e-01
6.352916854881357489e-01 2.314258236341790731e-01 9.176741946585073029e-01
6.352916854881357489e-01 2.314258236341790731e-01 9.176741946585073029e-01
6.350486131273421764e-01 2.308874400064666876e-01 9.178216093365625383e-01
6.349192528707235939e-01 2.319536817364462877e-01 9.172353025635107127e-01
6.345889154899985174e-01 2.321263801373277258e-01 9.178748236078866363e-01
6.349554859558645958e-01 2.316216960443895356e-01 9.177386734896761933e-01
6.353467746732434085e-01 2.311039051098571773e-01 9.179720867154956832e-01
6.353467746732434085e-01 2.311039051098571773e-01 9.179720867154956832e-01
6.350976484556047907e-01 2.311018215428432554e-01 9.175868387714736230e-01
6.349995740952045775e-01 2.311655270504456017e-01 9.174244572099472528e-01
6.350287885195853299e-01 2.313050232564516362e-01 9.178116871299195623e-01
6.349380155835009365e-01 2.311231351924137312e-01 9.175273061465392122e-01
6.348707538874420742e-01 2.318416975602762276e-01 9.172352482681435104e-01
6.348707538874420742e-01 2.318416975602762276e-01 9.172352482681435104e-01
6.353812783355236027e-01 2.312958261787419756e-01 9.174713384172247244e-01
6.350553280188766525e-01 2.321600946675245747e-01 9.176900338593625417e-01
6.350553280188766525e-01 2.321600946675245747e-01 9.176900338593625417e-01
6.350031880330054834e-01 2.308997163017092458e-01 9.172151704387532245e-01
6.352277623693798336e-01 2.317485408951559522e-01 9.178079441838071784e-01
6.352022876593600431e-01 2.312406805461236226e-01 9.173999314771069669e-01
6.352249611046919542e-01 2.315565765591897640e-01 9.181529626041717851e-01
6.351682410075801810e-01 2.317087577081128891e-01 9.172904959766030597e-01
6.350546488424516633e-01 2.313935788918941028e-01 9.173510056755156405e-01
6.349845151850840308e-01 2.316658044534926075e-01 9.177366226660979009e-01
6.355173889422867095e-01 2.318908336260167014e-01 9.175603946779320452e-01
6.355173889422867095e-01 2.318908336260167014e-01 9.175603946779320452e-01
6.349275993598877399e-01 2.311654916226770773e-01 9.174645337653513089e-01
6.349774010032601668e-01 2.315511600404183412e-01 9.178009686407746504e-01
6.350817596549598321e-01 2.322404041675113773e-01 9.178554702681966937e-01
6.349816844695570506e-01 2.322786541489575973e-01 9.180286929730762102e-01
6.349816844695570506e-01 2.322786541489575973e-01 9.180286929730762102e-01
6.351909170917480196e-01 2.308217629839458551e-01 9.175517111177617924e-01
6.348620311746082656e-01 2.322886242933201728e-01 9.174709142892565339e-01
6.351792735470609408e-01 2.316732886721281637e-01 9.173405720383432937e-01
6.350681994274094411e-01 2.317697522886562611e-01 9.177099032298785541e-01
6.356327365423565245e-01 2.307990276647288175e-01 9.178436518178954007e-01
6.350261929042226861e-01 2.317656128796615478e-01 9.176120634678784915e-01
6.350261929042226861e-01 2.317656128796615478e-01 9.176120634678784915e-01
6.348790827350498933e-01 2.310813466733712407e-01 9.170496342301491799e-01
6.349372397032836401e-01 2.319966766612608922e-01 9.176273222569409915e-01
6.348081735860772179e-01 2.316703021940591523e-01 9.179104979182681756e-01
6.347741866869298644e-01 2.320636040906376707e-01 9.176359495492283358e-01
6.350227495379224818e-01 2.318483174575052541e-01 9.173125923712011076e-01
6.348260032051642465e-01 2.308697189924857063e-01 9.178090490550072644e-01
6.351533749974405119e-01 2.314891890673848596e-01 9.174190330409104366e-01
6.349685721641218361e-01 2.312300513969681171e-01 9.177445403976798310e-01
6.349685721641218361e-01 2.312300513969681171e-01 9.177445403976798310e-01
6.350725138527092417e-01 2.310550542262718998e-01 9.170413723068184808e-01
6.354506799131901529e-01 2.312446486445628446e-01 9.177607227583971516e-01
6.354506799131901529e-01 2.312446486445628446e-01 9.177607227583971516e-01
6.352507465815745435e-01 2.313610597605792463e-01 9.173710544725419691e-01
6.352856595037464915e-01 2.322832269045288223e-01 9.176614482962855979e-01
6.349669080151737477e-01 2.320392403546794324e-01 9.176265843886994844e-01
6.349669080151737477e-01 2.320392403546794324e-01 9.176265843886994844e-01
6.350989056700020452e-01 2.314504932004072257e-01 9.176989283462143598e-01
6.351148038846802235e-01 2.319890367493151473e-01 9.174713384172247244e-01
6.353817051135318694e-01 2.311916336308342812e-01 9.176921549811472012e-01
6.353817051135318694e-01 2.311916336308342812e-01 9.176921549811472012e-01
6.348885300733411174e-01 2.317822051204685707e-01 9.178162274298371504e-01
6.351978474008090902e-01 2.316486046697820989e-01 9.175167556341230490e-01
6.348988072302060859e-01 2.315669214431136103e-01 9.173168929079511535e-01
6.348988072302060859e-01 2.315669214431136103e-01 9.173168929079511535e-01
6.351321704217390840e-01 2.310953173774109026e-01 9.175356994816665779e-01
6.346193448009365135e-01 2.314278700813610090e-01 9.171232437877716581e-01
6.349113029491292304e-01 2.310445910993407792e-01 9.179419668313701930e-01
6.354811240330539013e-01 2.309335895795563975e-01 9.177208838816302006e-01
6.354811240330539013e-01 2.309335895795563975e-01 9.177208838816302006e-01
6.351074920092317777e-01 2.309740793965836536e-01 9.178111403521331813e-01
6.347784789351303969e-01 2.318034888301049867e-01 9.168493763473998248e-01
6.351462718949765218e-01 2.312137267710556721e-01 9.176175908552275384e-01
6.352370466759486023e-01 2.308528039891435402e-01 9.176562087315257576e-01
6.352370466759486023e-01 2.308528039891435402e-01 9.176562087315257576e-01
6.352461010324450541e-01 2.314380661033247355e-01 9.170977797762118744e-01
6.352261898159715647e-01 2.312398309703049271e-01 9.176923561031653520e-01
6.352261898159715647e-01 2.312398309703049271e-01 9.176923561031653520e-01
6.352781989101171645e-01 2.309540603975759887e-01 9.175301362804921812e-01
6.349666678415842869e-01 2.314907291497698694e-01 9.179807776938352371e-01
6.349666678415842869e-01 2.314907291497698694e-01 9.179807776938352371e-01
6.351853408616363605e-01 2.307397861435701580e-01 9.182213149080458159e-01
6.348978014729198538e-01 2.319202170246376093e-01 9.173712312957471582e-01
6.353276710787665316e-01 2.308428857981729698e-01 9.168715023280152865e-01
6.353276710787665316e-01 2.308428857981729698e-01 9.168715023280152865e-01
6.351991398876773998e-01 2.313807188264561110e-01 9.173082911370724624e-01
6.351099429774902383e-01 2.310633667468841024e-01 9.176627041388403239e-01
6.351099429774902383e-01 2.310633667468841024e-01 9.176627041388403239e-01
6.351877132798664505e-01 2.316738407974839875e-01 9.175199033038798913e-01
6.351877132798664505e-01 2.316738407974839875e-01 9.175199033038798913e-01
6.349219908758531039e-01 2.311049484369819551e-01 9.177775410345823115e-01
6.349219908758531039e-01 2.311049484369819551e-01 9.177775410345823115e-01
6.348704217259641958e-01 2.309419215804638381e-01 9.175034141035343094e-01
6.348704217259641958e-01 2.309419215804638381e-01 9.175034141035343094e-01
6.349850170378880110e-01 2.312099541912855105e-01 9.179167771704317413e-01
6.353290443492354278e-01 2.319619699385020439e-01 9.172964731243535841e-01
6.350948331214136822e-01 2.305949301831946019e-01 9.175084618199558228e-01
6.350948331214136822e-01 2.305949301831946019e-01 9.175084618199558228e-01
6.353754894028874611e-01 2.311778921527629371e-01 9.175684905221543897e-01
6.351476539867892956e-01 2.316650401386886604e-01 9.174643199850418540e-01
6.350574519664595741e-01 2.314534202592823386e-01 9.175962169760706333e-01
6.347946502693595505e-01 2.320046525413644867e-01 9.176664224558797045e-01
6.352756853160258510e-01 2.314528176908288715e-01 9.174895516728611700e-01
6.349562851516399320e-01 2.313328448213560762e-01 9.168860666410048044e-01
6.350486533603277861e-01 2.317019343682146792e-01 9.176847267086341020e-01
6.350486533603277861e-01 2.317019343682146792e-01 9.176847267086341020e-01
6.350747089731291206e-01 2.314684051285605948e-01 9.173409579570168670e-01
6.346355919066110074e-01 2.309623931862418711e-01 9.174378621181105142e-01
6.346355919066110074e-01 2.309623931862418711e-01 9.174378621181105142e-01
6.348963321790733749e-01 2.314408586313624894e-01 9.178862595923067413e-01
6.348963321790733749e-01 2.314408586313624894e-01 9.178862595923067413e-01
6.351993239393586288e-01 2.312482611204049188e-01 9.179291438634029632e-01
6.353110990204818842e-01 2.315386567599631296e-01 9.172411928425403538e-01
6.351650896586334971e-01 2.313282608444630073e-01 9.171607541316775247e-01
6.352758924103247828e-01 2.310925807477919314e-01 9.174474565691593808e-01
6.350026570628718448e-01 2.310038970672915470e-01 9.169864252578958652e-01
6.350551121202061555e-01 2.317437797306630687e-01 9.174309883075633110e-01
6.350096372661387933e-01 2.318885983772612236e-01 9.172432614288711372e-01
6.348999440134955874e-01 2.314316110693318829e-01 9.173970318280113556e-01
6.349951545910261785e-01 2.321214819135498375e-01 9.172092753496287054e-01
6.351648590831866503e-01 2.314076868768266126e-01 9.178979273485898815e-01
6.351648590831866503e-01 2.314076868768266126e-01 9.178979273485898815e-01
6.351326530354421962e-01 2.307421182991365449e-01 9.174584164302694855e-01
6.350261929042226861e-01 2.317656128796615478e-01 9.176044340733472415e-01
6.349359453900318417e-01 2.314795658758077024e-01 9.175485768091182770e-01
6.349359453900318417e-01 2.314795658758077024e-01 9.175485768091182770e-01
6.351036397346878637e-01 2.314015683278819457e-01 9.176103019141651496e-01
6.348376335143194327e-01 2.318452449858927067e-01 9.173196722209704390e-01
6.347904480102609659e-01 2.317301602587986398e-01 9.173221903528898657e-01
6.349216305268827742e-01 2.315972127463711838e-01 9.172064631700836967e-01
6.349216305268827742e-01 2.315972127463711838e-01 9.172064631700836967e-01
6.349270454959289323e-01 2.312974828608114763e-01 9.168439065547142608e-01
6.350597230824086559e-01 2.315429024342277875e-01 9.174326657417708475e-01
6.351939160098605264e-01 2.316875816353594630e-01 9.176663030111147368e-01
6.351976889973450779e-01 2.313925160476463239e-01 9.172691285172321907e-01
6.351976889973450779e-01 2.313925160476463239e-01 9.172691285172321907e-01
6.351101423436193993e-01 2.315177685730244739e-01 9.175142066359438520e-01
6.353834000141300731e-01 2.311206062311901843e-01 9.179525216698062318e-01
6.351297006074730911e-01 2.310060347516214307e-01 9.176842260031785603e-01
6.352640515956404776e-01 2.310633383672707208e-01 9.172093791538475926e-01
6.352640515956404776e-01 2.310633383672707208e-01 9.172093791538475926e-01
6.349146772739461264e-01 2.312333829682105546e-01 9.169877749143477974e-01
6.349146772739461264e-01 2.312333829682105546e-01 9.169877749143477974e-01
6.349789062670420092e-01 2.315845731334459923e-01 9.174204848261380274e-01
6.349789062670420092e-01 2.315845731334459923e-01 9.174204848261380274e-01
6.349229529000293137e-01 2.317909782881772407e-01 9.168220343734116984e-01
6.352630194304939026e-01 2.318431981701322697e-01 9.174926804741225794e-01
6.350458558311748991e-01 2.315183534066413418e-01 9.171601647601250740e-01
6.349811553272581843e-01 2.305236045132071365e-01 9.172658519151631884e-01
6.349811553272581843e-01 2.305236045132071365e-01 9.172658519151631884e-01
6.348542243651913441e-01 2.313709235861083346e-01 9.176251193463096367e-01
6.352313365405595214e-01 2.312847852955229599e-01 9.173978068021904075e-01
6.351377162183181602e-01 2.311106409274071849e-01 9.176655085506090215e-01
6.351377162183181602e-01 2.311106409274071849e-01 9.176655085506090215e-01
6.350637342002414254e-01 2.307751352348995366e-01 9.181450950106384568e-01
6.351852170066093484e-01 2.311300779584380405e-01 9.178396943585629408e-01
6.355919254458232137e-01 2.307259910004346160e-01 9.175998672366747488e-01
6.355919254458232137e-01 2.307259910004346160e-01 9.175998672366747488e-01
6.349020690825757374e-01 2.315293931085688484e-01 9.171965448992038805e-01
6.348667428297135595e-01 2.326557776794956622e-01 9.176565496140760558e-01
6.348667428297135595e-01 2.326557776794956622e-01 9.176565496140760558e-01
6.353040190422741817e-01 2.310356228976852278e-01 9.176788269505444795e-01
6.348325321412017219e-01 2.312800387313586337e-01 9.175532702069981728e-01
6.351386741311956241e-01 2.310706286706215029e-01 9.180892694780101726e-01
6.350338118116966024e-01 2.308658925010397822e-01 9.180820315850877211e-01
6.352158075481255661e-01 2.316170929191258832e-01 9.177282010029802484e-01
6.352158075481255661e-01 2.316170929191258832e-01 9.177282010029802484e-01
6.350553295234858675e-01 2.310403111031433809e-01 9.173042712140984101e-01
6.353449774485295798e-01 2.307850114294175414e-01 9.174740737506233978e-01
6.353449774485295798e-01 2.307850114294175414e-01 9.174740737506233978e-01
6.351666744050421531e-01 2.315723779881691535e-01 9.179133600648563540e-01
6.352147011910834751e-01 2.317226624034053328e-01 9.175061374540223191e-01
6.350572918528962774e-01 2.307783677953794688e-01 9.170617411375350247e-01
6.352324683502009739e-01 2.308933372053694200e-01 9.177888821459285751e-01
6.349729992387266320e-01 2.317308364893043982e-01 9.172852283055532574e-01
6.349729992387266320e-01 2.317308364893043982e-01 9.172852283055532574e-01
6.350434743487358702e-01 2.313264218629478841e-01 9.175433288761978279e-01
6.349864652257531938e-01 2.322809595598381571e-01 9.165981865941164042e-01
6.354652515833670856e-01 2.315026410166411419e-01 9.171715038720652524e-01
6.354652515833670856e-01 2.315026410166411419e-01 9.171715038720652524e-01
6.350586243734475111e-01 2.316314812869012252e-01 9.181319765678666034e-01
6.348817703013590608e-01 2.319088377718978022e-01 9.170582056514696712e-01
6.351262378047431989e-01 2.314693352762624001e-01 9.180939394815645915e-01
6.350462986270849486e-01 2.318318319048232323e-01 9.176310166707455362e-01
6.352160723897294359e-01 2.312650845821915269e-01 9.176954367148186797e-01
6.351014169287545474e-01 2.310260960453819346e-01 9.178891590013192880e-01
6.353563375627274690e-01 2.310718044846785668e-01 9.179737908469092211e-01
6.352412084840413087e-01 2.310330649164243355e-01 9.173274833134242856e-01
6.352412084840413087e-01 2.310330649164243355e-01 9.173274833134242856e-01
6.349076520686447456e-01 2.315448322199297193e-01 9.173034877016601474e-01
6.350574519664595741e-01 2.314534202592823386e-01 9.175809581870081333e-01
6.350574519664595741e-01 2.314534202592823386e-01 9.175809581870081333e-01
6.352027094080568981e-01 2.316654588072578624e-01 9.176147893578543435e-01
6.352027094080568981e-01 2.316654588072578624e-01 9.176147893578543435e-01
6.349259919299113930e-01 2.314177303925880058e-01 9.177145485453259699e-01
6.351573681629344437e-01 2.315003421382817450e-01 9.181249031635821956e-01
6.351573681629344437e-01 2.315003421382817450e-01 9.181249031635821956e-01
6.347790598131618500e-01 2.321171073589828326e-01 9.173507373008595867e-01
6.351840535733401794e-01 2.311697388493273997e-01 9.174004169705192169e-01
6.348537399310449914e-01 2.321769428631147714e-01 9.175323411622862135e-01
6.348537399310449914e-01 2.321769428631147714e-01 9.175323411622862135e-01
6.349266888526309272e-01 2.315475080123058638e-01 9.181265830582299170e-01
6.348945184460232927e-01 2.314822824643582577e-01 9.174383836685333637e-01
6.348945184460232927e-01 2.314822824643582577e-01 9.174383836685333637e-01
6.348882396104388315e-01 2.322364161901527835e-01 9.176601328889529841e-01
6.348840676166345176e-01 2.322179818624442449e-01 9.175633983005612171e-01
6.348883191115193281e-01 2.317248652001974718e-01 9.176008017668427774e-01
6.348299161287289660e-01 2.317319835746507739e-01 9.173825927412724290e-01
6.353144932402623457e-01 2.327720681334827235e-01 9.175562460428776657e-01
6.346581655600881389e-01 2.313162102595938685e-01 9.177829655032044842e-01
6.351212207051762926e-01 2.323534976652717465e-01 9.176673033239678423e-01
6.348316202718683465e-01 2.325978517552039770e-01 9.175122739093486413e-01
6.348316202718683465e-01 2.325978517552039770e-01 9.175122739093486413e-01
6.346594504047972096e-01 2.322129796796430223e-01 9.175178505849612698e-01
6.351789493522961294e-01 2.323393332304087289e-01 9.179206472398006023e-01
6.351789493522961294e-01 2.323393332304087289e-01 9.179206472398006023e-01
6.346237852888034769e-01 2.320243700752370186e-01 9.179776954856766480e-01
6.346237852888034769e-01 2.320243700752370186e-01 9.179776954856766480e-01
6.347099388808163933e-01 2.326982600896570497e-01 9.176677622834842341e-01
6.347099388808163933e-01 2.326982600896570497e-01 9.176677622834842341e-01
6.338178173017897654e-01 2.362912304379763406e-01 9.176917301837488328e-01
6.323989269383974987e-01 2.387930570253717910e-01 9.175096816515008191e-01
6.316803098638558156e-01 2.410858608650759682e-01 9.176692778944034457e-01
6.308091829567372688e-01 2.425715898924027114e-01 9.178579647204987424e-01
6.308091829567372688e-01 2.425715898924027114e-01 9.178579647204987424e-01
6.292895278968405615e-01 2.459402625502861706e-01 9.175719993435269561e-01
6.292895278968405615e-01 2.459402625502861706e-01 9.175719993435269561e-01
6.278198519161732882e-01 2.499892048181864834e-01 9.175577872998792461e-01
6.240201124019003620e-01 2.581968922547539513e-01 9.167009696152236264e-01
6.240201124019003620e-01 2.581968922547539513e-01 9.167009696152236264e-01
6.208181223463170584e-01 2.657073536425501592e-01 9.179502486244517367e-01
6.208181223463170584e-01 2.657073536425501592e-01 9.179502486244517367e-01
6.182860851687627113e-01 2.715028775516732384e-01 9.176652687799768948e-01
6.182860851687627113e-01 2.715028775516732384e-01 9.176652687799768948e-01
6.143578675493994723e-01 2.799291662834442196e-01 9.175545202735679862e-01
6.125506657389947485e-01 2.830769898884831215e-01 9.177965115404598251e-01
6.125506657389947485e-01 2.830769898884831215e-01 9.177965115404598251e-01
6.109097737716129295e-01 2.870272692604354248e-01 9.173428315419095425e-01
6.093220534965503310e-01 2.898370480222819401e-01 9.175700590166331327e-01
6.073820742546860441e-01 2.935236695891296210e-01 9.178150272713345714e-01
6.052576012213937151e-01 2.983704985641230656e-01 9.176510196311007395e-01
6.038296023632644394e-01 3.013423522301336144e-01 9.175714500479765778e-01
6.038296023632644394e-01 3.013423522301336144e-01 9.175714500479765778e-01
6.021334342670680018e-01 3.040481804758099482e-01 9.180261077385581947e-01
6.021334342670680018e-01 3.040481804758099482e-01 9.180261077385581947e-01
5.973595679472064601e-01 3.129558178905533783e-01 9.174705832958962581e-01
5.927715731817051470e-01 3.213370378991485810e-01 9.173180210587748018e-01
5.904384193203388032e-01 3.247913403088946716e-01 9.174709142892565339e-01
5.883992921094081119e-01 3.279426522315458392e-01 9.176592297918562124e-01
5.870584413689740044e-01 3.315575617870352154e-01 9.179195073447264930e-01
5.870584413689740044e-01 3.315575617870352154e-01 9.179195073447264930e-01
5.836723202457110293e-01 3.358089020242146505e-01 9.175354610668398081e-01
5.820239447789167242e-01 3.384894002396176549e-01 9.175796780014638943e-01
5.794599297741768185e-01 3.430280371791848970e-01 9.174920746992895060e-01
5.794599297741768185e-01 3.430280371791848970e-01 9.174920746992895060e-01
5.765984221289560674e-01 3.482099807376686229e-01 9.179077359157831184e-01
5.747571252958294519e-01 3.507193608748759850e-01 9.175923529567262538e-01
5.717990446876662913e-01 3.547285192341763649e-01 9.176607813735581098e-01
5.717990446876662913e-01 3.547285192341763649e-01 9.176607813735581098e-01
5.662455826644592349e-01 3.637221442762460510e-01 9.175807929753376779e-01
5.662455826644592349e-01 3.637221442762460510e-01 9.175807929753376779e-01
5.614894435271665651e-01 3.703431853870682300e-01 9.181504985439067346e-01
5.614894435271665651e-01 3.703431853870682300e-01 9.181504985439067346e-01
5.558704011755662977e-01 3.783770336593803019e-01 9.179679353088348037e-01
5.529716476900123912e-01 3.825921659807728359e-01 9.175225220753093769e-01
5.504128645187450486e-01 3.856007018767294015e-01 9.179165128244564098e-01
5.481981849213294344e-01 3.883355864690846704e-01 9.180072456443280071e-01
5.481981849213294344e-01 3.883355864690846704e-01 9.180072456443280071e-01
5.450060621404214656e-01 3.934030035788717017e-01 9.175914818755199764e-01
5.427636371093887968e-01 3.955944573670357456e-01 9.173828804876172915e-01
5.388139371572303604e-01 4.002964199642229381e-01 9.181357262212299641e-01
5.367139149044291013e-01 4.037334788925098783e-01 9.178596076176372964e-01
5.367139149044291013e-01 4.037334788925098783e-01 9.178596076176372964e-01
5.332207775787959347e-01 4.075523528228822689e-01 9.175221458094831029e-01
5.300745260441757090e-01 4.114363000156537886e-01 9.173918016884821114e-01
5.274593942757141996e-01 4.149533463131653832e-01 9.178811877465573588e-01
5.250117672057263984e-01 4.176925098945272752e-01 9.175624781045860212e-01
5.221205788958477312e-01 4.211958235133393402e-01 9.174101796440825574e-01
5.221205788958477312e-01 4.211958235133393402e-01 9.174101796440825574e-01
5.186333934809526092e-01 4.245312322121599924e-01 9.175834224480031720e-01
5.155623938561444408e-01 4.283599494519275686e-01 9.172422169734432140e-01
5.126149101792389917e-01 4.321440515535941995e-01 9.175071020413394507e-01
5.126149101792389917e-01 4.321440515535941995e-01 9.175071020413394507e-01
5.081106165711437583e-01 4.365967347552566769e-01 9.176623841467161924e-01
5.048256674140624289e-01 4.404897555132554765e-01 9.180190502012876008e-01
5.023567071703586295e-01 4.423913641419797704e-01 9.175253072352191896e-01
5.023567071703586295e-01 4.423913641419797704e-01 9.175253072352191896e-01
4.982772489516572034e-01 4.467562138285804396e-01 9.176894430083187837e-01
4.945382558894025338e-01 4.510658189892838288e-01 9.178712784704978755e-01
4.945382558894025338e-01 4.510658189892838288e-01 9.178712784704978755e-01
4.907335757732783077e-01 4.550357927121083113e-01 9.177585910604302288e-01
4.882344905419318537e-01 4.572839932832766796e-01 9.180534206926753704e-01
4.882344905419318537e-01 4.572839932832766796e-01 9.180534206926753704e-01
4.843660347523835452e-01 4.612556929667422367e-01 9.178351183674469116e-01
4.803033578633813527e-01 4.650182119342692322e-01 9.178745552553596587e-01
4.727535266850486084e-01 4.723304656413789826e-01 9.177144172702569325e-01
4.727535266850486084e-01 4.723304656413789826e-01 9.177144172702569325e-01
4.659686324898384968e-01 4.785691414643831743e-01 9.171524649689495323e-01
4.659686324898384968e-01 4.785691414643831743e-01 9.171524649689495323e-01
4.603332482634973633e-01 4.836065976242820974e-01 9.168258006680263250e-01
4.563251141970618430e-01 4.870418580729887204e-01 9.173706439311049010e-01
4.540990571154762123e-01 4.892350066682987220e-01 9.178077275523449652e-01
4.503546541644562473e-01 4.920990813320637591e-01 9.178104745217697813e-01
4.474164927449537088e-01 4.947963308648516412e-01 9.170569395506302790e-01
4.474164927449537088e-01 4.947963308648516412e-01 9.170569395506302790e-01
4.444621311205618208e-01 4.971932130778184411e-01 9.176950011358473436e-01
4.414049803934175231e-01 4.996576740343572354e-01 9.171413772781622509e-01
4.393141981205264668e-01 5.012751934302811518e-01 9.173996227469419784e-01
4.365806726363060108e-01 5.037410485005527905e-01 9.178367261043731684e-01
4.365806726363060108e-01 5.037410485005527905e-01 9.178367261043731684e-01
4.340934959305547403e-01 5.054382767716990577e-01 9.176614637914420891e-01
4.340934959305547403e-01 5.054382767716990577e-01 9.176614637914420891e-01
4.287028600595307881e-01 5.093587682379777659e-01 9.178366926664687231e-01
4.287028600595307881e-01 5.093587682379777659e-01 9.178366926664687231e-01
4.247631683396937974e-01 5.125052001007601721e-01 9.178328373344916136e-01
4.247631683396937974e-01 5.125052001007601721e-01 9.178328373344916136e-01
4.227219164700724563e-01 5.136695156119940320e-01 9.173645281629330128e-01
4.219972654261038847e-01 5.144517150112987158e-01 9.177719278754608023e-01
4.217956281838861066e-01 5.147654769732065150e-01 9.172997774511691960e-01
4.217956281838861066e-01 5.147654769732065150e-01 9.172997774511691960e-01
4.215726507988512561e-01 5.150004592100364542e-01 9.174290555813529036e-01
4.215726507988512561e-01 5.150004592100364542e-01 9.174290555813529036e-01
4.211578496507334957e-01 5.155278050777005738e-01 9.174283843311528130e-01
4.211578496507334957e-01 5.155278050777005738e-01 9.174283843311528130e-01
4.216131008781070499e-01 5.148866255208821574e-01 9.177016824442498777e-01
4.216131008781070499e-01 5.148866255208821574e-01 9.177016824442498777e-01
4.215539717866571556e-01 5.147527352116788579e-01 9.173256773305541456e-01
4.208878222956056736e-01 5.159119924981704353e-01 9.174756265917394238e-01
4.217228436131129077e-01 5.151854409772141929e-01 9.176641790086073058e-01
4.211825172741810452e-01 5.155465981201965420e-01 9.178594896025449312e-01
4.217588382204026654e-01 5.149266448407969765e-01 9.180602046377179803e-01
4.217588382204026654e-01 5.149266448407969765e-01 9.180602046377179803e-01
4.216685083730757344e-01 5.151918189535557024e-01 9.171589558687853749e-01
4.207983876863594097e-01 5.158355487424517438e-01 9.183741645279227539e-01
4.217793404789317857e-01 5.147235354701783505e-01 9.177846865428639367e-01
4.217793404789317857e-01 5.147235354701783505e-01 9.177846865428639367e-01
4.217971885428201673e-01 5.146566705360762217e-01 9.177810852158128085e-01
4.216846811535643336e-01 5.153244235167441234e-01 9.170935655479057758e-01
4.216846811535643336e-01 5.153244235167441234e-01 9.170935655479057758e-01
4.215865297650389087e-01 5.149635307992758149e-01 9.176647518595292263e-01
4.213389689876094191e-01 5.152065369286508156e-01 9.176141275649529749e-01
4.213389689876094191e-01 5.152065369286508156e-01 9.176141275649529749e-01
4.213510304386551275e-01 5.148518506668179340e-01 9.173008320408637672e-01
4.218874401445609768e-01 5.148890338853263637e-01 9.174636749941107450e-01
4.218874401445609768e-01 5.148890338853263637e-01 9.174636749941107450e-01
4.213390896142750752e-01 5.152871884633430932e-01 9.178921875930277086e-01
4.217901566361394461e-01 5.148501983904995027e-01 9.175722194908464413e-01
4.217901566361394461e-01 5.148501983904995027e-01 9.175722194908464413e-01
4.221671055227052549e-01 5.146723056717772415e-01 9.175723603853125354e-01
4.221671055227052549e-01 5.146723056717772415e-01 9.175723603853125354e-01
4.213618863667566994e-01 5.149781454259947377e-01 9.170503132263436719e-01
4.213618863667566994e-01 5.149781454259947377e-01 9.170503132263436719e-01
4.215258555659580630e-01 5.147770129263499195e-01 9.172754186048598379e-01
4.219148490507301230e-01 5.149325403356876940e-01 9.176275363012449393e-01
4.217815346568498103e-01 5.146989309046181571e-01 9.175039039088952464e-01
4.215391249526309614e-01 5.149747042455677937e-01 9.173234569364998592e-01
4.216003971730313826e-01 5.146843893720808305e-01 9.176251193463096367e-01
4.208480453463028792e-01 5.149843359613641702e-01 9.176144023105174963e-01
4.210951893191092199e-01 5.154636279978939140e-01 9.171635700285259984e-01
4.210951893191092199e-01 5.154636279978939140e-01 9.171635700285259984e-01
4.214911599042772683e-01 5.151787302073418395e-01 9.172973335821386076e-01
4.212479996322092135e-01 5.154586468458836057e-01 9.171379350497650407e-01
4.218914742241591243e-01 5.148051529929095205e-01 9.172201101359420683e-01
4.222032566764543637e-01 5.143460354405707813e-01 9.178322011699192595e-01
4.217099181918346207e-01 5.154198223926638178e-01 9.178356414148669540e-01
4.217099181918346207e-01 5.154198223926638178e-01 9.178356414148669540e-01
4.211483134669523065e-01 5.152698655009280149e-01 9.173581458030295455e-01
4.217813028808172215e-01 5.147624749941658306e-01 9.176502497615465215e-01
4.212322973985658803e-01 5.149861930595855952e-01 9.179476321012146611e-01
4.217875877242506788e-01 5.142773079970545114e-01 9.176003118491202759e-01
4.217875877242506788e-01 5.142773079970545114e-01 9.176003118491202759e-01
4.216168018623296931e-01 5.143495778177151756e-01 9.176147121810698248e-01
4.217318503534677743e-01 5.145424298676501973e-01 9.177794946955053490e-01
4.214831747455951017e-01 5.140035399132623084e-01 9.173589813580785846e-01
4.216605545704788516e-01 5.125855990575985954e-01 9.168182423931867664e-01
4.216817941877535891e-01 5.115007836951961373e-01 9.175968093039421625e-01
4.216817941877535891e-01 5.115007836951961373e-01 9.175968093039421625e-01
4.215279607725909705e-01 5.100967535618393667e-01 9.169782697759822909e-01
4.215943551574707349e-01 5.088619192623964338e-01 9.166795754905417981e-01
4.213725342309249666e-01 5.075808761364498656e-01 9.171467874705155898e-01
4.213725342309249666e-01 5.075808761364498656e-01 9.171467874705155898e-01
4.210034513089671582e-01 5.058563972727673219e-01 9.164061241120853296e-01
4.210034513089671582e-01 5.058563972727673219e-01 9.164061241120853296e-01
4.207635581403130209e-01 5.043240957244784495e-01 9.162594551374522167e-01
4.207635581403130209e-01 5.043240957244784495e-01 9.162594551374522167e-01
4.206180008286240501e-01 5.020164644993291292e-01 9.163874861467098398e-01
4.206180008286240501e-01 5.020164644993291292e-01 9.163874861467098398e-01
4.198613581042541232e-01 5.013828662451317308e-01 9.159126172865799109e-01
4.198309549040411537e-01 5.015290316307804419e-01 9.162080676393720147e-01
4.198309549040411537e-01 5.015290316307804419e-01 9.162080676393720147e-01
4.200582880710514444e-01 5.016028116847117690e-01 9.160299910989065930e-01
4.200798719468202269e-01 5.013451697525641571e-01 9.164261679773629821e-01
4.200798719468202269e-01 5.013451697525641571e-01 9.164261679773629821e-01
4.198305902508428500e-01 5.012667105018108193e-01 9.156248770852903895e-01
4.198484218940303214e-01 5.016029473755997392e-01 9.159581592175192188e-01
4.200996714013400246e-01 5.012511003938038279e-01 9.167071758078830790e-01
4.200996714013400246e-01 5.012511003938038279e-01 9.167071758078830790e-01
4.204792865538313218e-01 5.008860595467165000e-01 9.165844087261330042e-01
4.203026948059648826e-01 5.011813967011473636e-01 9.164071278340337745e-01
4.203026948059648826e-01 5.011813967011473636e-01 9.164071278340337745e-01
4.201231115024428031e-01 5.010849425120293965e-01 9.162939278937289878e-01
4.200011923919732548e-01 5.013125648603073969e-01 9.157420747524296356e-01
4.198631975068300437e-01 5.013881247527721685e-01 9.157458318461797475e-01
4.198631975068300437e-01 5.013881247527721685e-01 9.157458318461797475e-01
4.198410429727970627e-01 5.010799027810843853e-01 9.154671661561297746e-01
4.201177503493260246e-01 5.026000213804608929e-01 9.136242351406985707e-01
4.201177503493260246e-01 5.026000213804608929e-01 9.136242351406985707e-01
4.200013280035109209e-01 5.029367919842624435e-01 9.121515695461061002e-01
4.193640321070353782e-01 5.041576466870619777e-01 9.111656795516872576e-01
4.191485436884610505e-01 5.051876700721779079e-01 9.107543822824697433e-01
4.191485436884610505e-01 5.051876700721779079e-01 9.107543822824697433e-01
4.194273757770850541e-01 5.062353766413758560e-01 9.096165992785480992e-01
4.194273757770850541e-01 5.062353766413758560e-01 9.096165992785480992e-01
4.194953583635213090e-01 5.077116787712895318e-01 9.083314070636563375e-01
4.194953583635213090e-01 5.077116787712895318e-01 9.083314070636563375e-01
4.193987317378384261e-01 5.095740736977508734e-01 9.071326146684484115e-01
4.190646686645162489e-01 5.103713930240477703e-01 9.062956139262245969e-01
4.192430626250142622e-01 5.105332303300439412e-01 9.058140623132839853e-01
4.193782002854481994e-01 5.113126826478641140e-01 9.048029556026158104e-01
4.193096955834169637e-01 5.118330983953699453e-01 9.044450368676169028e-01
4.191247109628654655e-01 5.119807633282096315e-01 9.032534069002919885e-01
4.191247109628654655e-01 5.119807633282096315e-01 9.032534069002919885e-01
4.183118462092832446e-01 5.127700092554404732e-01 9.022621536198661696e-01
4.187313179646571792e-01 5.124970113038008757e-01 9.004052474107446802e-01
4.176942930373941931e-01 5.130231152667621419e-01 8.992759800611488386e-01
4.178388793417446290e-01 5.130061945510980825e-01 8.986780408885572946e-01
4.179170308607442208e-01 5.130587296154073274e-01 8.981704021228462675e-01
4.179170308607442208e-01 5.130587296154073274e-01 8.981704021228462675e-01
4.182929416349094320e-01 5.120846997461383499e-01 8.977719845186887815e-01
4.175764893052283377e-01 5.129577055630434312e-01 8.986470777760686701e-01
4.175764893052283377e-01 5.129577055630434312e-01 8.986470777760686701e-01
4.185509155943390458e-01 5.118566880811150632e-01 8.979886519675708278e-01
4.185509155943390458e-01 5.118566880811150632e-01 8.979886519675708278e-01
4.180683627477969622e-01 5.126749455292034519e-01 8.976766869024190854e-01
4.181006604166662144e-01 5.125099832737062266e-01 8.982156532544509631e-01
4.186929014483989353e-01 5.115524302817381352e-01 8.976123775668726212e-01
4.186929014483989353e-01 5.115524302817381352e-01 8.976123775668726212e-01
4.180679393716195125e-01 5.128380036327516711e-01 8.980677939654004849e-01
4.180679393716195125e-01 5.128380036327516711e-01 8.980677939654004849e-01
4.179111910012767717e-01 5.127696540654687052e-01 8.975882224219742245e-01
4.179111910012767717e-01 5.127696540654687052e-01 8.975882224219742245e-01
4.179412874324363592e-01 5.127223656880688374e-01 8.985206142969881515e-01
4.178312549015740784e-01 5.129847623480729979e-01 8.981769787268589766e-01
4.180933778486826680e-01 5.122429647104838057e-01 8.977668838650482153e-01
4.182052708402680952e-01 5.121550412159844301e-01 8.982304644663698934e-01
4.182052708402680952e-01 5.121550412159844301e-01 8.982304644663698934e-01
4.177512657434160892e-01 5.124097306751076442e-01 8.979221639264475252e-01
4.177125238474968527e-01 5.125165232846501384e-01 8.980049428573553261e-01
4.179895041982665815e-01 5.126028042327205325e-01 8.980489447735645614e-01
4.176727892668242181e-01 5.128422086270341129e-01 8.975291064169172994e-01
4.176727892668242181e-01 5.128422086270341129e-01 8.975291064169172994e-01
4.179413293164777055e-01 5.129133859193529821e-01 8.984532307362338432e-01
4.177311127115780898e-01 5.121366480244132768e-01 8.977467613132508184e-01
4.178928598178838771e-01 5.123928014406773368e-01 8.977692411941089468e-01
4.178928598178838771e-01 5.123928014406773368e-01 8.977692411941089468e-01
4.180919198796317349e-01 5.126386409958498813e-01 8.979539927265720589e-01
4.175537006143830721e-01 5.130603751339242180e-01 8.985384919384165059e-01
4.178747304820957242e-01 5.125346228910743207e-01 8.975170384580352101e-01
4.178920703696396566e-01 5.130747347352601073e-01 8.981443153423016579e-01
4.178920703696396566e-01 5.130747347352601073e-01 8.981443153423016579e-01
4.183578204695875269e-01 5.125272665337714528e-01 8.982879897435879224e-01
4.183578204695875269e-01 5.125272665337714528e-01 8.982879897435879224e-01
4.181509145021165552e-01 5.122522273537668536e-01 8.982258144074979356e-01
4.181509145021165552e-01 5.122522273537668536e-01 8.982258144074979356e-01
4.182607107412154579e-01 5.129120543922142117e-01 8.981431049022634561e-01
4.182607107412154579e-01 5.129120543922142117e-01 8.981431049022634561e-01
4.178889659505117815e-01 5.127020225470232395e-01 8.980771373519325085e-01
4.182795577569630718e-01 5.122171808718880559e-01 8.981494577254280909e-01
4.182795577569630718e-01 5.122171808718880559e-01 8.981494577254280909e-01
4.176877099416724248e-01 5.130640080771005085e-01 8.977122493450750973e-01
4.178804801814999803e-01 5.121488782630669867e-01 8.974482091357685043e-01
4.178804801814999803e-01 5.121488782630669867e-01 8.974482091357685043e-01
4.182896362514290645e-01 5.121703129599110005e-01 8.979019151950244915e-01
4.182285688680592028e-01 5.125576821949425765e-01 8.976426620040363069e-01
4.178606567085441648e-01 5.126866921800676824e-01 8.977926235005659894e-01
4.181225004530956801e-01 5.125777198627413656e-01 8.981212645848219989e-01
4.183241683737078387e-01 5.120655308541011141e-01 8.978213382847386459e-01
4.185187687484211438e-01 5.124636829035860153e-01 8.982790034536047852e-01
4.175675448316970573e-01 5.130867158648653170e-01 8.984541583210797766e-01
4.178450692821411017e-01 5.127034405561583519e-01 8.977181103616835856e-01
4.180589721018561078e-01 5.126132301558774529e-01 8.979685620770936350e-01
4.180589721018561078e-01 5.126132301558774529e-01 8.979685620770936350e-01
4.176368920596777445e-01 5.133217185835410312e-01 8.976715253200142630e-01
4.176368920596777445e-01 5.133217185835410312e-01 8.976715253200142630e-01
4.179067245742016934e-01 5.125062743293310463e-01 8.979327169098596517e-01
4.179067245742016934e-01 5.125062743293310463e-01 8.979327169098596517e-01
4.185025386178110041e-01 5.122638059001152211e-01 8.982436547853049902e-01
4.185025386178110041e-01 5.122638059001152211e-01 8.982436547853049902e-01
4.171087859424894018e-01 5.133431427335736208e-01 8.981178245660226267e-01
4.179044734517743387e-01 5.124952662796358194e-01 8.978020606629526501e-01
4.179044734517743387e-01 5.124952662796358194e-01 8.978020606629526501e-01
4.177961142252641369e-01 5.128311036897988950e-01 8.976036379854703817e-01
4.177365902395177577e-01 5.131686336953878991e-01 8.980810417643518839e-01
4.177365902395177577e-01 5.131686336953878991e-01 8.980810417643518839e-01
4.180821459061064282e-01 5.125230185529782156e-01 8.978033165300070007e-01
4.185347392970463765e-01 5.122353795622727191e-01 8.982498294241123560e-01
4.185347392970463765e-01 5.122353795622727191e-01 8.982498294241123560e-01
4.179360934017137263e-01 5.124129494400531115e-01 8.978364323546268455e-01
4.179360934017137263e-01 5.124129494400531115e-01 8.978364323546268455e-01
4.178682712697167623e-01 5.125378848170820678e-01 8.979262788662656369e-01
4.178682712697167623e-01 5.125378848170820678e-01 8.979262788662656369e-01
4.177331023078541539e-01 5.126390771978414085e-01 8.979409390378498834e-01
4.177331023078541539e-01 5.126390771978414085e-01 8.979409390378498834e-01
4.179682428602319866e-01 5.126234876331322576e-01 8.970251166168772272e-01
4.179682428602319866e-01 5.126234876331322576e-01 8.970251166168772272e-01
4.180223280428111976e-01 5.122612613491620559e-01 8.973944638916326877e-01
4.176804838107601170e-01 5.126934625721545347e-01 8.976324327111351309e-01
4.172874282853999417e-01 5.131594842560958103e-01 8.980460201975966061e-01
4.182751429722266212e-01 5.122265452867881264e-01 8.975124790612655223e-01
4.182751429722266212e-01 5.122265452867881264e-01 8.975124790612655223e-01
4.181909599248981313e-01 5.125603940799459135e-01 8.984911589248575359e-01
4.181909599248981313e-01 5.125603940799459135e-01 8.984911589248575359e-01
4.180976365631336455e-01 5.126689900987764226e-01 8.978360279835781999e-01
4.183745790909813578e-01 5.120120571563142597e-01 8.981042279291513442e-01
4.183745790909813578e-01 5.120120571563142597e-01 8.981042279291513442e-01
4.180703204965692810e-01 5.129659250129472436e-01 8.982157835700923521e-01
4.180703204965692810e-01 5.129659250129472436e-01 8.982157835700923521e-01
4.180172872022377972e-01 5.128914272402048669e-01 8.977848029536813490e-01
4.176872965803535842e-01 5.127441667711203355e-01 8.976654395364751515e-01
4.176872965803535842e-01 5.127441667711203355e-01 8.976654395364751515e-01
4.181648440873094175e-01 5.122784903510492205e-01 8.981262945021833977e-01
4.180589721018561078e-01 5.126132301558774529e-01 8.979533032880311350e-01
4.183567337527377972e-01 5.125070542390438577e-01 8.981599394803052583e-01
4.179794322891967062e-01 5.126495758585244422e-01 8.982738883308907241e-01
4.179794322891967062e-01 5.126495758585244422e-01 8.982738883308907241e-01
4.181675802465782410e-01 5.123312966126012391e-01 8.981387592384730834e-01
4.177506048853993348e-01 5.130165533209504192e-01 8.981694774942818871e-01
4.177158905780450904e-01 5.128886902322223884e-01 8.980952633582879319e-01
4.182673417364838886e-01 5.124506752358690687e-01 8.975441652417559535e-01
4.181164780017095350e-01 5.124935008654031288e-01 8.978195658166076010e-01
4.181164780017095350e-01 5.124935008654031288e-01 8.978195658166076010e-01
4.176734197515962754e-01 5.128960594847473686e-01 8.975389291355678756e-01
4.176734197515962754e-01 5.128960594847473686e-01 8.975389291355678756e-01
4.179907498071469552e-01 5.123695407648674038e-01 8.982678263567240862e-01
4.179907498071469552e-01 5.123695407648674038e-01 8.982678263567240862e-01
4.179916049756248753e-01 5.124646783063975253e-01 8.985383325554663347e-01
4.183234229065200815e-01 5.123524442114955058e-01 8.980065115670281539e-01
4.179206353368976612e-01 5.128239023241381034e-01 8.983689230145157634e-01
4.184449240586001761e-01 5.115360965115278713e-01 8.978406906620619576e-01
4.175020855117976271e-01 5.131356253882857210e-01 8.983733488694647384e-01
4.175020855117976271e-01 5.131356253882857210e-01 8.983733488694647384e-01
4.180072042101463103e-01 5.121692890549345289e-01 8.973790314418822467e-01
4.181275462562872858e-01 5.125542767483417528e-01 8.980010844016791394e-01
4.178087840709073242e-01 5.125974056313502558e-01 8.981779946112977697e-01
4.178087840709073242e-01 5.125974056313502558e-01 8.981779946112977697e-01
4.176720593059569109e-01 5.129928700705544964e-01 8.977995531268516682e-01
4.176233742161778451e-01 5.129347633454615085e-01 8.984894282216445704e-01
4.182798551794756903e-01 5.132340579767280531e-01 9.001581555002815538e-01
4.186633870473359109e-01 5.124570036494258130e-01 9.017442959331785080e-01
4.192559348033274014e-01 5.117609761218347986e-01 9.041841595316832958e-01
4.189793556415014053e-01 5.125488555489920994e-01 9.048552809695660226e-01
4.189793556415014053e-01 5.125488555489920994e-01 9.048552809695660226e-01
4.193014820408332288e-01 5.125916330088230444e-01 9.065214080560450860e-01
4.193014820408332288e-01 5.125916330088230444e-01 9.065214080560450860e-01
4.200534900055890586e-01 5.120759099621990940e-01 9.089429921008180813e-01
4.200534900055890586e-01 5.120759099621990940e-01 9.089429921008180813e-01
4.200878879500963836e-01 5.120541549401307346e-01 9.112306977096393812e-01
4.200878879500963836e-01 5.120541549401307346e-01 9.112306977096393812e-01
4.206180635561302394e-01 5.118634580761628472e-01 9.125015253090360545e-01
4.209196473855582599e-01 5.114308714002879785e-01 9.127563570835486306e-01
4.208666884104123596e-01 5.119411083664060502e-01 9.126384556573245987e-01
4.204254434495482973e-01 5.121090864943339538e-01 9.133001097584596550e-01
4.204254434495482973e-01 5.121090864943339538e-01 9.133001097584596550e-01
4.208898016145567467e-01 5.115794877260185780e-01 9.138053315848033709e-01
4.210192424859326432e-01 5.116532106618389975e-01 9.133391636312075956e-01
4.210192424859326432e-01 5.116532106618389975e-01 9.133391636312075956e-01
4.210135307225318368e-01 5.115691895462213257e-01 9.134682496636836735e-01
4.209907511856482709e-01 5.116081828403038489e-01 9.131863638713202391e-01
4.209768988620183339e-01 5.117963289608006283e-01 9.133515222064414463e-01
4.208665351349005213e-01 5.116341853176190613e-01 9.136180636288477874e-01
4.204405618167022518e-01 5.117481061840625234e-01 9.130452364756280748e-01
4.204405618167022518e-01 5.117481061840625234e-01 9.130452364756280748e-01
4.206152736028311856e-01 5.116526227687501205e-01 9.128912393733144004e-01
4.209737644156520964e-01 5.114517955866988430e-01 9.139123565335476318e-01
4.209737644156520964e-01 5.114517955866988430e-01 9.139123565335476318e-01
4.205947212093224530e-01 5.120775825808192572e-01 9.137012935144532833e-01
4.210620061167058004e-01 5.113526842314854992e-01 9.133623371261350155e-01
4.206184650496131439e-01 5.122291199231526759e-01 9.133895550361682547e-01
4.204502847037931423e-01 5.120473625306856125e-01 9.134756285780245566e-01
4.206164790488562955e-01 5.118548006527959826e-01 9.133048389857079119e-01
4.203834706533157717e-01 5.122363605146202925e-01 9.131642671074877704e-01
4.209754081177617402e-01 5.118032417603740614e-01 9.133479250651657111e-01
4.199729633275934293e-01 5.122636594400178378e-01 9.129739568787468285e-01
4.199729633275934293e-01 5.122636594400178378e-01 9.129739568787468285e-01
4.207954751659495618e-01 5.118110658459258389e-01 9.131583784285530747e-01
4.203808461936361929e-01 5.121835836157883071e-01 9.131666927036345971e-01
4.204371447741330203e-01 5.117895741619364891e-01 9.134485822454867510e-01
4.204371447741330203e-01 5.117895741619364891e-01 9.134485822454867510e-01
4.207717642784642442e-01 5.121931708685720785e-01 9.130955117022769851e-01
4.205226756622909012e-01 5.117161339459884717e-01 9.125777447782164042e-01
4.204756965820264925e-01 5.120150663081951548e-01 9.139188140067042720e-01
4.204756965820264925e-01 5.120150663081951548e-01 9.139188140067042720e-01
4.211282303788112524e-01 5.112481104313658653e-01 9.139488107366150471e-01
4.204280320468661292e-01 5.116230584790892877e-01 9.132587555798923340e-01
4.202396802474708815e-01 5.119239224980804970e-01 9.132829395542247930e-01
4.207481655465409864e-01 5.118783141061253872e-01 9.128406131967026216e-01
4.207481655465409864e-01 5.118783141061253872e-01 9.128406131967026216e-01
4.210653625846916825e-01 5.110293163728636401e-01 9.132880765346557128e-01
4.206760676133972088e-01 5.112949074509318681e-01 9.130107567723810824e-01
4.206760676133972088e-01 5.112949074509318681e-01 9.130107567723810824e-01
4.204514471411914811e-01 5.120616201697887337e-01 9.136184075524536041e-01
4.208718276376317013e-01 5.116369311059770775e-01 9.136784670969998468e-01
4.214501574217958679e-01 5.111965063640088180e-01 9.136016100833134201e-01
4.210682176877620919e-01 5.115907569026886259e-01 9.136590796551862237e-01
4.210682176877620919e-01 5.115907569026886259e-01 9.136590796551862237e-01
4.207825756617133428e-01 5.119681733236001175e-01 9.130504623345435666e-01
4.207825756617133428e-01 5.119681733236001175e-01 9.130504623345435666e-01
4.209863206910977040e-01 5.116413460211373110e-01 9.134233332445418352e-01
4.209863206910977040e-01 5.116413460211373110e-01 9.134233332445418352e-01
4.203116977434532830e-01 5.121077340629888175e-01 9.127424645248847224e-01
4.210280289100993278e-01 5.117565364926921490e-01 9.133626016453348928e-01
4.210280289100993278e-01 5.117565364926921490e-01 9.133626016453348928e-01
4.208214015059599800e-01 5.117636467833998060e-01 9.134846032078436373e-01
4.208214015059599800e-01 5.117636467833998060e-01 9.134846032078436373e-01
4.204872568085478712e-01 5.116962997644863842e-01 9.134727823422998938e-01
4.204872568085478712e-01 5.116962997644863842e-01 9.134727823422998938e-01
4.204954454018540733e-01 5.116846894219273523e-01 9.135327988105491626e-01
4.204954454018540733e-01 5.116846894219273523e-01 9.135327988105491626e-01
4.209833327477042197e-01 5.118709140935979729e-01 9.130659740480862041e-01
4.201002233109698003e-01 5.122070573283912243e-01 9.140725121427619726e-01
4.204565704227283818e-01 5.116679243458328585e-01 9.134267767069979005e-01
4.206620134145430678e-01 5.119976320560599703e-01 9.135476591032694049e-01
4.207723445037319654e-01 5.118716266659419922e-01 9.130084047535556024e-01
4.208493093391046380e-01 5.118239064066605337e-01 9.137928568749789093e-01
4.206326563171089439e-01 5.120861711347322043e-01 9.136710002039152290e-01
4.206326563171089439e-01 5.120861711347322043e-01 9.136710002039152290e-01
4.206987006285353714e-01 5.117249955354093993e-01 9.138133038161246890e-01
4.204549354257228200e-01 5.115841942985636104e-01 9.131566794605433524e-01
4.207290464620287440e-01 5.116395909359581218e-01 9.129308476105342240e-01
4.202792938023797720e-01 5.112588432697048324e-01 9.133693231563619896e-01
4.202792938023797720e-01 5.112588432697048324e-01 9.133693231563619896e-01
4.209082314993403684e-01 5.109585677189678599e-01 9.135967882347597602e-01
4.212463539886956432e-01 5.112565261094441649e-01 9.137360959348972411e-01
4.212463539886956432e-01 5.112565261094441649e-01 9.137360959348972411e-01
4.210981501390978488e-01 5.112044149351780975e-01 9.137475105934649289e-01
4.210981501390978488e-01 5.112044149351780975e-01 9.137475105934649289e-01
4.210367232727648124e-01 5.108992788152113551e-01 9.128758039813466008e-01
4.210367232727648124e-01 5.108992788152113551e-01 9.128758039813466008e-01
4.202560026664273196e-01 5.116800408880640694e-01 9.131438330921851643e-01
4.207804234014164702e-01 5.115148685010831864e-01 9.126822310550304351e-01
4.209892301959428651e-01 5.116155057426965413e-01 9.131601786589838010e-01
4.209892301959428651e-01 5.116155057426965413e-01 9.131601786589838010e-01
4.207429574740765843e-01 5.119213901597340355e-01 9.132567590851150552e-01
4.207429574740765843e-01 5.119213901597340355e-01 9.132567590851150552e-01
4.198070310401093574e-01 5.125254108496588579e-01 9.132721130289607192e-01
4.206218726499466043e-01 5.123747069819483135e-01 9.138064868762840742e-01
4.206218726499466043e-01 5.123747069819483135e-01 9.138064868762840742e-01
4.212831942152773235e-01 5.112112759308743426e-01 9.136654045400387503e-01
4.212831942152773235e-01 5.112112759308743426e-01 9.136654045400387503e-01
4.208812436621434672e-01 5.117429436193801084e-01 9.132975364151441067e-01
4.209621815771548703e-01 5.116088327152465975e-01 9.128314902970768863e-01
4.204008361244233050e-01 5.120855573962616036e-01 9.134516487116923766e-01
4.208585206899267406e-01 5.115215057726794079e-01 9.134613267647055945e-01
4.204236887883671669e-01 5.123767690427030175e-01 9.133922116770092359e-01
4.210608287062978516e-01 5.114231016235686322e-01 9.134795122560654956e-01
4.210608287062978516e-01 5.114231016235686322e-01 9.134795122560654956e-01
4.206304503855278765e-01 5.121025870578119754e-01 9.137780235480352786e-01
4.205578082782250315e-01 5.117265577938735488e-01 9.131140316414555480e-01
4.205578082782250315e-01 5.117265577938735488e-01 9.131140316414555480e-01
4.205824627073445066e-01 5.119465238181696298e-01 9.129298804178740401e-01
4.206559652660640247e-01 5.119012367425334054e-01 9.137013402906585258e-01
4.208001859832600222e-01 5.119713913018031359e-01 9.137561884791601807e-01
4.210008049046283785e-01 5.116410769568892070e-01 9.130621900993012297e-01
4.204616981960857536e-01 5.118519791551774389e-01 9.137513547239597411e-01
