4.253239702986009729e-01 5.045333818182358154e-01 1.015990423037141044e+00
4.248988598269149430e-01 5.047492541867474314e-01 1.018819833718058065e+00
4.251601197923983722e-01 5.043831431698010404e-01 1.022959852965135363e+00
4.249347957386394037e-01 5.037854868619516813e-01 1.025599098316062108e+00
4.249347957386394037e-01 5.037854868619516813e-01 1.025599098316062108e+00
4.246919224854517894e-01 5.031380909295465331e-01 1.029115596949548017e+00
4.246624919045592361e-01 5.030168551182203629e-01 1.032746335701715701e+00
4.246624919045592361e-01 5.030168551182203629e-01 1.032746335701715701e+00
4.235237019730264119e-01 5.029789086518732244e-01 1.036735480141933285e+00
4.233382482176641370e-01 5.026219449784372628e-01 1.039341718156781447e+00
4.227969295524046101e-01 5.028020515461786299e-01 1.042093734362956159e+00
4.227969295524046101e-01 5.028020515461786299e-01 1.042093734362956159e+00
4.226529455401090707e-01 5.021459393511010783e-01 1.045025377564884117e+00
4.224443424037642170e-01 5.018308983730599415e-01 1.046896686870453230e+00
4.224443424037642170e-01 5.018308983730599415e-01 1.046896686870453230e+00
4.227100915886350951e-01 5.012136116188040669e-01 1.048994064273944593e+00
4.227100915886350951e-01 5.012136116188040669e-01 1.048994064273944593e+00
4.217562047208961995e-01 5.012305079448985401e-01 1.052805831469746378e+00
4.217562047208961995e-01 5.012305079448985401e-01 1.052805831469746378e+00
4.214616590716896982e-01 5.006501403330704258e-01 1.055315117367766842e+00
4.205722253779561881e-01 5.015913000706587743e-01 1.056945277212244072e+00
4.209150422351184972e-01 5.009424446801075126e-01 1.057012058922325970e+00
4.209150422351184972e-01 5.009424446801075126e-01 1.057012058922325970e+00
4.209649360173761123e-01 5.008113086582801632e-01 1.058130329694186633e+00
4.207016604536582549e-01 5.007531288577148354e-01 1.058345178201335335e+00
4.207016604536582549e-01 5.007531288577148354e-01 1.058345178201335335e+00
4.209485187276789664e-01 5.005142433008318292e-01 1.058282840747903020e+00
4.207414929445041918e-01 5.008389932349291973e-01 1.058278841623957911e+00
4.205444789887688439e-01 5.010771164748837325e-01 1.058179229729615756e+00
4.201255442066880730e-01 5.012500871620673148e-01 1.058356020202625869e+00
4.201255442066880730e-01 5.012500871620673148e-01 1.058356020202625869e+00
4.208877360040382265e-01 5.007521962113808955e-01 1.058628962104696036e+00
4.208877360040382265e-01 5.007521962113808955e-01 1.058628962104696036e+00
4.208353468909004635e-01 5.012569880845086923e-01 1.058127648389981523e+00
4.208353468909004635e-01 5.012569880845086923e-01 1.058127648389981523e+00
4.208001246768516279e-01 5.004446021406921963e-01 1.057700728118260436e+00
4.208001246768516279e-01 5.004446021406921963e-01 1.057700728118260436e+00
4.205293297597457181e-01 5.012529342907198204e-01 1.058190426752315894e+00
4.208815880422687727e-01 5.006170667999163548e-01 1.058767533672133609e+00
4.208815880422687727e-01 5.006170667999163548e-01 1.058767533672133609e+00
4.206512647960979900e-01 5.012549480171003546e-01 1.058706536651430552e+00
4.205097483319112928e-01 5.010469045148516765e-01 1.058210113799714636e+00
4.205097483319112928e-01 5.010469045148516765e-01 1.058210113799714636e+00
4.205236931990333216e-01 5.009296152273182701e-01 1.058597644498974422e+00
4.209188170414422392e-01 5.009167813968241623e-01 1.058316216717114511e+00
4.209010195978382662e-01 5.006690431654411411e-01 1.058482244373125880e+00
4.203989586249882726e-01 5.010980491961547489e-01 1.057837804673401383e+00
4.203989586249882726e-01 5.010980491961547489e-01 1.057837804673401383e+00
4.209656664908941193e-01 5.010787111406428407e-01 1.057719821804703919e+00
4.204833721341023067e-01 5.013152025011068380e-01 1.058525298605553777e+00
4.204833721341023067e-01 5.013152025011068380e-01 1.058525298605553777e+00
4.205085227994662112e-01 5.012504552644732048e-01 1.058474108078913956e+00
4.207020472978672543e-01 5.013983623902712461e-01 1.057926338939996658e+00
4.207020472978672543e-01 5.013983623902712461e-01 1.057926338939996658e+00
4.205227170268731052e-01 5.013407924717495634e-01 1.058085497164981126e+00
4.206311752560101813e-01 5.014907510612212072e-01 1.058248836747649246e+00
4.206311752560101813e-01 5.014907510612212072e-01 1.058248836747649246e+00
4.205543208989324655e-01 5.015334375377574760e-01 1.057612407966661561e+00
4.210483210147092925e-01 5.005846517649987781e-01 1.057642499332449360e+00
4.210483210147092925e-01 5.005846517649987781e-01 1.057642499332449360e+00
4.207063015467742972e-01 5.011350346389462640e-01 1.058313665036520801e+00
4.207063015467742972e-01 5.011350346389462640e-01 1.058313665036520801e+00
4.207129091263390186e-01 5.010887162789731120e-01 1.058058943121140461e+00
4.206792608871566252e-01 5.007490422475021630e-01 1.058631349859646686e+00
4.204189498629899435e-01 5.010717178047511267e-01 1.057675952177840939e+00
4.208643979279168001e-01 5.008255223167598080e-01 1.058262459533639621e+00
4.210730087084562645e-01 5.008795545196514931e-01 1.058232569929342448e+00
4.203903318474004336e-01 5.011652680163246609e-01 1.058250463282947473e+00
4.206243627511224159e-01 5.009843082494893629e-01 1.058581409831697018e+00
4.206243627511224159e-01 5.009843082494893629e-01 1.058581409831697018e+00
4.210623678873603448e-01 5.001400428657618580e-01 1.057543078629336941e+00
4.210623678873603448e-01 5.001400428657618580e-01 1.057543078629336941e+00
4.211229918090843571e-01 5.006606974221242679e-01 1.058031848087876980e+00
4.209519818414500514e-01 5.005682213205097097e-01 1.058280780776132968e+00
4.209519818414500514e-01 5.005682213205097097e-01 1.058280780776132968e+00
4.205971199070204780e-01 5.013738183096125844e-01 1.057459272570678177e+00
4.205971199070204780e-01 5.013738183096125844e-01 1.057459272570678177e+00
4.203685603365828194e-01 5.015945215964880965e-01 1.057709607196409607e+00
4.204733125010542971e-01 5.010151076628165390e-01 1.058236200535736415e+00
4.209029130632790383e-01 5.012650542660894715e-01 1.058057884055400688e+00
4.207020261100933856e-01 5.003835943163480460e-01 1.058505702081206312e+00
4.211200167347160517e-01 5.001083140786238834e-01 1.058314767036209858e+00
4.211200167347160517e-01 5.001083140786238834e-01 1.058314767036209858e+00
4.208749151678300993e-01 5.007992402982007762e-01 1.058524902518227728e+00
4.208775488020501387e-01 5.009744542027977365e-01 1.058257564539368367e+00
4.208775488020501387e-01 5.009744542027977365e-01 1.058257564539368367e+00
4.206550453073474860e-01 5.008375612120042897e-01 1.058843121277587063e+00
4.207121439150565689e-01 5.008210429817594456e-01 1.058461680580645492e+00
4.208676263957332186e-01 5.011116960592681968e-01 1.058379449740798783e+00
4.204300104132418503e-01 5.016032190963451987e-01 1.058467925070765370e+00
4.204300104132418503e-01 5.016032190963451987e-01 1.058467925070765370e+00
4.209027446889117008e-01 5.008155690010741568e-01 1.058352345315504373e+00
4.205989985952786614e-01 5.009362770175931345e-01 1.058113812821614319e+00
4.209938416080141743e-01 5.006746140427948966e-01 1.057689398723011154e+00
4.209938416080141743e-01 5.006746140427948966e-01 1.057689398723011154e+00
4.210717871594235606e-01 5.009086696098071778e-01 1.058277919368342257e+00
4.204790173127323505e-01 5.017329840577394728e-01 1.058388664784800870e+00
4.204790173127323505e-01 5.017329840577394728e-01 1.058388664784800870e+00
4.201253526179368758e-01 5.011992002739410479e-01 1.058345178201335335e+00
4.205820836464015389e-01 5.009560635003390550e-01 1.057869617541917107e+00
4.208874843062805904e-01 5.007013224859661049e-01 1.058602825812432036e+00
4.209371395735547750e-01 5.006499766539782570e-01 1.058437699357297479e+00
4.209371395735547750e-01 5.006499766539782570e-01 1.058437699357297479e+00
4.210712684526872196e-01 5.007330232547245741e-01 1.058378013373359128e+00
4.208624722675728402e-01 5.011502757894228388e-01 1.058253426544430553e+00
4.211315581663526708e-01 5.007702699046688855e-01 1.058024913404369993e+00
4.211315581663526708e-01 5.007702699046688855e-01 1.058024913404369993e+00
4.205661171946293853e-01 5.008134730079780716e-01 1.058287817682483034e+00
4.204441064516724613e-01 5.007682509796448356e-01 1.057905264729424699e+00
4.204441064516724613e-01 5.007682509796448356e-01 1.057905264729424699e+00
4.208563682281785678e-01 5.007759754927405549e-01 1.058665475510438991e+00
4.204566009544158933e-01 5.011893851636805008e-01 1.058303314110231375e+00
4.208134568366282413e-01 5.006034755077723997e-01 1.058073031394042074e+00
4.207919885565450380e-01 5.008671123733969832e-01 1.057972172703946168e+00
4.207919885565450380e-01 5.008671123733969832e-01 1.057972172703946168e+00
4.204818403302494345e-01 5.008855135097691758e-01 1.058510091887469695e+00
4.209285650425398928e-01 5.003080849720104029e-01 1.058318004834213788e+00
4.209285650425398928e-01 5.003080849720104029e-01 1.058318004834213788e+00
4.209753746395408780e-01 5.004190107947287247e-01 1.057703648359058946e+00
4.209753746395408780e-01 5.004190107947287247e-01 1.057703648359058946e+00
4.231989272547988512e-01 4.979077603764410775e-01 1.057899758762104181e+00
4.273245371310435137e-01 4.929510657451843247e-01 1.057367485087706171e+00
4.308791585740736063e-01 4.880485546565510035e-01 1.057970158769676372e+00
4.343154015960951075e-01 4.834898316107399951e-01 1.056832303011753016e+00
4.377756157708426188e-01 4.769456842805920305e-01 1.056605313029119309e+00
4.377756157708426188e-01 4.769456842805920305e-01 1.056605313029119309e+00
4.422447135973270327e-01 4.691187315605785391e-01 1.056395001778263287e+00
4.471637721961144174e-01 4.595486794160671962e-01 1.055730355639353579e+00
4.497188482293454359e-01 4.542552383738998056e-01 1.055852048086251882e+00
4.497188482293454359e-01 4.542552383738998056e-01 1.055852048086251882e+00
4.543461727088145552e-01 4.442272883215103163e-01 1.054871135902235357e+00
4.568726197062865091e-01 4.375526479850072592e-01 1.054719247934613247e+00
4.568726197062865091e-01 4.375526479850072592e-01 1.054719247934613247e+00
4.612414459043958082e-01 4.278731322644964141e-01 1.054022157364721934e+00
4.612414459043958082e-01 4.278731322644964141e-01 1.054022157364721934e+00
4.676482515502608517e-01 4.087098863426702477e-01 1.052765745973551326e+00
4.676482515502608517e-01 4.087098863426702477e-01 1.052765745973551326e+00
4.697730880940492182e-01 4.023213523848840345e-01 1.052523839834933472e+00
4.716833910021119292e-01 3.939978071121856273e-01 1.052278227456972637e+00
4.737834609988612056e-01 3.855853355045181230e-01 1.051526502947120800e+00
4.748567654288679551e-01 3.802802383870483860e-01 1.051169140617821629e+00
4.756212534877512499e-01 3.750636871770418046e-01 1.050508284771866307e+00
4.756212534877512499e-01 3.750636871770418046e-01 1.050508284771866307e+00
4.771916541468876338e-01 3.636457398025214616e-01 1.049401260118128842e+00
4.771916541468876338e-01 3.636457398025214616e-01 1.049401260118128842e+00
4.779441889918926711e-01 3.548433054131761577e-01 1.047909822344854414e+00
4.778426992871360190e-01 3.498936073383274725e-01 1.047952107787514464e+00
4.779814717028350590e-01 3.471705994051653144e-01 1.047745030210210038e+00
4.783010318979984965e-01 3.417401587789060668e-01 1.046832110737450527e+00
4.778923036573446415e-01 3.389038606762921901e-01 1.046052642905293428e+00
4.778923036573446415e-01 3.389038606762921901e-01 1.046052642905293428e+00
4.780600315227540587e-01 3.346157883448318549e-01 1.044322414072095473e+00
4.784390858042900097e-01 3.275375642820264055e-01 1.038974633834211847e+00
4.784390858042900097e-01 3.275375642820264055e-01 1.038974633834211847e+00
4.789480786236062770e-01 3.219508951995433965e-01 1.032782512314749823e+00
4.789480786236062770e-01 3.219508951995433965e-01 1.032782512314749823e+00
4.798100038652255983e-01 3.181164775882070472e-01 1.029530558783034122e+00
4.797229306388742232e-01 3.152439744148746170e-01 1.024947279752726370e+00
4.801697513985637156e-01 3.124655883556264335e-01 1.022444920746214514e+00
4.804978876199468840e-01 3.097987545414883637e-01 1.018076194966904602e+00
4.814266459380538987e-01 3.064052116726351249e-01 1.013452634726909496e+00
4.817670241779332119e-01 3.032508577597731181e-01 1.008892933564059957e+00
4.820442658248445533e-01 3.004498782474780971e-01 1.003861294118845837e+00
4.825681022521339236e-01 2.971972709256083256e-01 1.000165432441292523e+00
4.834569994649558500e-01 2.944717624142409451e-01 9.958677309247652154e-01
4.834569994649558500e-01 2.944717624142409451e-01 9.958677309247652154e-01
4.843455285724975190e-01 2.913870438200173441e-01 9.909811836173931798e-01
4.845282616648401430e-01 2.895418982596779101e-01 9.881400558979951398e-01
4.845282616648401430e-01 2.895418982596779101e-01 9.881400558979951398e-01
4.853310975640840463e-01 2.869754026959224213e-01 9.836763952918210485e-01
4.853310975640840463e-01 2.869754026959224213e-01 9.836763952918210485e-01
4.864238909340172223e-01 2.823901923610601661e-01 9.767303907144802011e-01
4.870153782545126320e-01 2.801138872821236081e-01 9.732020844512601077e-01
4.873165353008736544e-01 2.776855090973774365e-01 9.699169186022127409e-01
4.882663661614495276e-01 2.765709821206454588e-01 9.678368010508713315e-01
4.882663661614495276e-01 2.765709821206454588e-01 9.678368010508713315e-01
4.890439436051235433e-01 2.737032013498464922e-01 9.647005397908867685e-01
4.898511033776284385e-01 2.714122489305813013e-01 9.610387696800214430e-01
4.913604775807106084e-01 2.693436720754952551e-01 9.585364754048497637e-01
4.928779291844495591e-01 2.666585558258005584e-01 9.552334665483122045e-01
4.928779291844495591e-01 2.666585558258005584e-01 9.552334665483122045e-01
4.944607311548409601e-01 2.649275942352601332e-01 9.525583138568083363e-01
4.958605206844436952e-01 2.613325956992508248e-01 9.499705781740407362e-01
4.972546331396113239e-01 2.592388884767932167e-01 9.477834545556301782e-01
4.972546331396113239e-01 2.592388884767932167e-01 9.477834545556301782e-01
4.988572232887188984e-01 2.559272679586034882e-01 9.464044237832969220e-01
5.001864541918038531e-01 2.527642403097592472e-01 9.450810020664031086e-01
5.024664089262939060e-01 2.494502854617648147e-01 9.441046153322254497e-01
5.043862039064239688e-01 2.466289395745606960e-01 9.431932263000466499e-01
5.043862039064239688e-01 2.466289395745606960e-01 9.431932263000466499e-01
5.068382286507160384e-01 2.430806283243055477e-01 9.428394505751426236e-01
5.117345332362961408e-01 2.371517148051202895e-01 9.414895194237877796e-01
5.179807045808085819e-01 2.294152863587690105e-01 9.415120933343800180e-01
5.205184256473366355e-01 2.249349642361624657e-01 9.416666340411268266e-01
5.227107546579660147e-01 2.225892410482006589e-01 9.421584950975319117e-01
5.252916229834448947e-01 2.188592091145080687e-01 9.419911524336257447e-01
5.252916229834448947e-01 2.188592091145080687e-01 9.419911524336257447e-01
5.298173836305212214e-01 2.126073745324101594e-01 9.418010783235033490e-01
5.298173836305212214e-01 2.126073745324101594e-01 9.418010783235033490e-01
5.337465120045179479e-01 2.086388081719243448e-01 9.420446565328407518e-01
5.356163885358967702e-01 2.052135523205178558e-01 9.417681548313197037e-01
5.374392491431647656e-01 2.036580303870991759e-01 9.419917382072280354e-01
5.391308739581076592e-01 2.025145932663801607e-01 9.419956550696284570e-01
5.391308739581076592e-01 2.025145932663801607e-01 9.419956550696284570e-01
5.411475083612364845e-01 2.007760322449489709e-01 9.420115420115400262e-01
5.440230499960519994e-01 1.988957984670544632e-01 9.424871197317759020e-01
5.475208897519021622e-01 1.975200227862320967e-01 9.429364965575806057e-01
5.484761543584912857e-01 1.977486499418727728e-01 9.431419402244456407e-01
5.484761543584912857e-01 1.977486499418727728e-01 9.431419402244456407e-01
5.491429315912746967e-01 1.979304372791153011e-01 9.430990979210573943e-01
5.511979344250856894e-01 2.001752384868746015e-01 9.436168486597596994e-01
5.511979344250856894e-01 2.001752384868746015e-01 9.436168486597596994e-01
5.524292225148023094e-01 2.020986128008459004e-01 9.428899072978007556e-01
5.533808046290787930e-01 2.036752732057478810e-01 9.432199143606243563e-01
5.543635894265664943e-01 2.046424100736636831e-01 9.435958852703032473e-01
5.545531266565223438e-01 2.051206074180202399e-01 9.441754942666562567e-01
5.550744176991825318e-01 2.065011000076246717e-01 9.442260955384674803e-01
5.565585588538431994e-01 2.079959425605553414e-01 9.442258716726985579e-01
5.565585588538431994e-01 2.079959425605553414e-01 9.442258716726985579e-01
5.570594208873709263e-01 2.083052156207760297e-01 9.447552024140137839e-01
5.574496766421151994e-01 2.095613849676913887e-01 9.444572727730250472e-01
5.574496766421151994e-01 2.095613849676913887e-01 9.444572727730250472e-01
5.584011256879792828e-01 2.109701909614095372e-01 9.447807918086680301e-01
5.584011256879792828e-01 2.109701909614095372e-01 9.447807918086680301e-01
5.588278251656179085e-01 2.116849992863899521e-01 9.446440379388848507e-01
5.590884289369636440e-01 2.121557662998899141e-01 9.441658051264792961e-01
5.592691909699317732e-01 2.129576697556834763e-01 9.431376108774821576e-01
5.596750939042250961e-01 2.141734377260400835e-01 9.414358410381208353e-01
5.596750939042250961e-01 2.141734377260400835e-01 9.414358410381208353e-01
5.601184186996704950e-01 2.157757029341061950e-01 9.386830558504104527e-01
5.602689837565554276e-01 2.162452664683902070e-01 9.355405380728061271e-01
5.605687983405885921e-01 2.170267517699243642e-01 9.325331857871321795e-01
5.605687983405885921e-01 2.170267517699243642e-01 9.325331857871321795e-01
5.608234197674603072e-01 2.177111916582070150e-01 9.300789748928881551e-01
5.608234197674603072e-01 2.177111916582070150e-01 9.300789748928881551e-01
5.602168633212933901e-01 2.201601435024139186e-01 9.241241076284492095e-01
5.602168633212933901e-01 2.201601435024139186e-01 9.241241076284492095e-01
5.588704764580736395e-01 2.275822330257149528e-01 9.194379875641802702e-01
5.582731449154193504e-01 2.315456817349152985e-01 9.184133043864531887e-01
5.582731449154193504e-01 2.315456817349152985e-01 9.184133043864531887e-01
5.577242661593458939e-01 2.339423413818290109e-01 9.169958939402930165e-01
5.572110096343977359e-01 2.358994431783733026e-01 9.159573351877838832e-01
5.569554457059534558e-01 2.376702843318507508e-01 9.149474053111391614e-01
5.569554457059534558e-01 2.376702843318507508e-01 9.149474053111391614e-01
5.569606252142017544e-01 2.394264518442467127e-01 9.132380195326286199e-01
5.567157732729494102e-01 2.395626559584861925e-01 9.122747836802009846e-01
5.567157732729494102e-01 2.395626559584861925e-01 9.122747836802009846e-01
5.567615121461044758e-01 2.405361180618959538e-01 9.119931782352157512e-01
5.570104959394232003e-01 2.403818635635568135e-01 9.122409681882930332e-01
5.574651481796430996e-01 2.408202279012851277e-01 9.122844458567211934e-01
5.573585129891246437e-01 2.410097607480623239e-01 9.122864838160957834e-01
5.575338580424400448e-01 2.410011324094928908e-01 9.124284032432348202e-01
5.575338580424400448e-01 2.410011324094928908e-01 9.124284032432348202e-01
5.579050330074847297e-01 2.406541217002085287e-01 9.122665197971266959e-01
5.580192605046463417e-01 2.413622653418938113e-01 9.117527041854934788e-01
5.580192605046463417e-01 2.413622653418938113e-01 9.117527041854934788e-01
5.576937591870431143e-01 2.410990740006760391e-01 9.121049690041405089e-01
5.581570786930475370e-01 2.414381258428647536e-01 9.123927262482064426e-01
5.581570786930475370e-01 2.414381258428647536e-01 9.123927262482064426e-01
5.584153716948987434e-01 2.413094919968363228e-01 9.120839048829467721e-01
5.584153716948987434e-01 2.413094919968363228e-01 9.120839048829467721e-01
5.584614113084382936e-01 2.417115747043592500e-01 9.120915304123106138e-01
5.586334800749742646e-01 2.415885647513679180e-01 9.126469513239260367e-01
5.586334800749742646e-01 2.415885647513679180e-01 9.126469513239260367e-01
5.587562896692386261e-01 2.411735240541956204e-01 9.122942971421477143e-01
5.593311150997188896e-01 2.408151528798252450e-01 9.124047007309190604e-01
5.593311150997188896e-01 2.408151528798252450e-01 9.124047007309190604e-01
5.604306465040793661e-01 2.391761071623909884e-01 9.124631783793033524e-01
5.616013543369973160e-01 2.373624547683719777e-01 9.124642273089612621e-01
5.616013543369973160e-01 2.373624547683719777e-01 9.124642273089612621e-01
5.628303128837899294e-01 2.356909081699730124e-01 9.124435048763850364e-01
5.646771836683660561e-01 2.338581766996417899e-01 9.130489963811507792e-01
5.653911129108734057e-01 2.323153922103401436e-01 9.126316019412035185e-01
5.666798059430079304e-01 2.311626827954559316e-01 9.125562025661385634e-01
5.674829168101832577e-01 2.293919619160839640e-01 9.125925368163493312e-01
5.686325444917554872e-01 2.282679319658547090e-01 9.128370238691141392e-01
5.699654611832469797e-01 2.267597312006216781e-01 9.128360685561507371e-01
5.707482657368009304e-01 2.256748551548128368e-01 9.130362050292470943e-01
5.707482657368009304e-01 2.256748551548128368e-01 9.130362050292470943e-01
5.716516193991176831e-01 2.238604859039082795e-01 9.129276506137224967e-01
5.729499546201336502e-01 2.226703045413004345e-01 9.130343391413975329e-01
5.729499546201336502e-01 2.226703045413004345e-01 9.130343391413975329e-01
5.742267637441396122e-01 2.210153742736766791e-01 9.130594664533391303e-01
5.748713081156137106e-01 2.196872953294811137e-01 9.130729239606814041e-01
5.757485204608866480e-01 2.181182238439917653e-01 9.126402961632841260e-01
5.766112313575252335e-01 2.170545184157429142e-01 9.129974786888962468e-01
5.778058238326293505e-01 2.158965758420335335e-01 9.131687544141975366e-01
5.778058238326293505e-01 2.158965758420335335e-01 9.131687544141975366e-01
5.787521950514991076e-01 2.141529565924939760e-01 9.134352553547246956e-01
5.787521950514991076e-01 2.141529565924939760e-01 9.134352553547246956e-01
5.797831893692769745e-01 2.133740143784271792e-01 9.130886747273967430e-01
5.797831893692769745e-01 2.133740143784271792e-01 9.130886747273967430e-01
5.817889504192885752e-01 2.100429321716410225e-01 9.130090070197047769e-01
5.817889504192885752e-01 2.100429321716410225e-01 9.130090070197047769e-01
5.833679486843921236e-01 2.083758515086070184e-01 9.134996829261261553e-01
5.833679486843921236e-01 2.083758515086070184e-01 9.134996829261261553e-01
5.843186794195717182e-01 2.057017646497085184e-01 9.132833373652036180e-01
5.843186794195717182e-01 2.057017646497085184e-01 9.132833373652036180e-01
5.858976221718940058e-01 2.047211755453756943e-01 9.136858509822050056e-01
5.858976221718940058e-01 2.047211755453756943e-01 9.136858509822050056e-01
5.878942404911394748e-01 2.024975609669803500e-01 9.140461036412849127e-01
5.878942404911394748e-01 2.024975609669803500e-01 9.140461036412849127e-01
5.888202504991856268e-01 2.012188324980395127e-01 9.135726045040782894e-01
5.896908549683040901e-01 1.996386763571537659e-01 9.139824322194046724e-01
5.897721233299434429e-01 1.998787849030340125e-01 9.140602611795314303e-01
5.897721233299434429e-01 1.998787849030340125e-01 9.140602611795314303e-01
5.911330892188797481e-01 1.982073928210271452e-01 9.142276021484481152e-01
5.919196075984326511e-01 1.969009640103163150e-01 9.144859845622574923e-01
5.919126030387593662e-01 1.960396713632704402e-01 9.141095726481909267e-01
5.919126030387593662e-01 1.960396713632704402e-01 9.141095726481909267e-01
5.927642110412411069e-01 1.962473662478205760e-01 9.141299953492538766e-01
5.933241827364672538e-01 1.945695538592419893e-01 9.141513919364518959e-01
5.937926436081688575e-01 1.933388157695935528e-01 9.142439561178012930e-01
5.944695251301991279e-01 1.934659547090542553e-01 9.146061639601803517e-01
5.947439556557713169e-01 1.919816804863474224e-01 9.147596673943413359e-01
5.947439556557713169e-01 1.919816804863474224e-01 9.147596673943413359e-01
5.955741259909480556e-01 1.920879603939953384e-01 9.146868444479984150e-01
5.957688190480180390e-01 1.906218241163218641e-01 9.142702547361453158e-01
5.962396374550609224e-01 1.900287117570093054e-01 9.141896229789155948e-01
5.968981533771944292e-01 1.907526666820819616e-01 9.146168187811328787e-01
5.968981533771944292e-01 1.907526666820819616e-01 9.146168187811328787e-01
5.963221673581954319e-01 1.892688869501288895e-01 9.138095392504491654e-01
5.963221673581954319e-01 1.892688869501288895e-01 9.138095392504491654e-01
5.970064616830075277e-01 1.896092335623821012e-01 9.147017165344148992e-01
5.970064616830075277e-01 1.896092335623821012e-01 9.147017165344148992e-01
5.965021884654367890e-01 1.885463220131814999e-01 9.142812466428128504e-01
5.965021884654367890e-01 1.885463220131814999e-01 9.142812466428128504e-01
5.968234163768045830e-01 1.890571593217982571e-01 9.141501865446698405e-01
5.968234163768045830e-01 1.890571593217982571e-01 9.141501865446698405e-01
5.966871532466830885e-01 1.891410038577773789e-01 9.141928562309368234e-01
5.966871532466830885e-01 1.891410038577773789e-01 9.141928562309368234e-01
5.965560531722989834e-01 1.890777161925271954e-01 9.151107047600799405e-01
5.966926970819637077e-01 1.887907932686561652e-01 9.145576224843526836e-01
5.969145736333621999e-01 1.897836538646262006e-01 9.147952099190086450e-01
5.969394046037724832e-01 1.888378145694087906e-01 9.146839257994294758e-01
5.966652328011955442e-01 1.890947757287989583e-01 9.141737225651818122e-01
5.966779630698535453e-01 1.891248970316614930e-01 9.144013214344934859e-01
5.967834145052027806e-01 1.890367404386170680e-01 9.143905697121482712e-01
5.967834145052027806e-01 1.890367404386170680e-01 9.143905697121482712e-01
5.968152520611563761e-01 1.886817981675370515e-01 9.147097432004306361e-01
5.969685840520435605e-01 1.888940641549738952e-01 9.143870578653809922e-01
5.969685840520435605e-01 1.888940641549738952e-01 9.143870578653809922e-01
5.968549598051641203e-01 1.888225066186103585e-01 9.143779324731783342e-01
5.968549598051641203e-01 1.888225066186103585e-01 9.143779324731783342e-01
5.964772938775075861e-01 1.890682956387494118e-01 9.148233613465442948e-01
5.964772938775075861e-01 1.890682956387494118e-01 9.148233613465442948e-01
5.968015885471850135e-01 1.882870013741074766e-01 9.147483306029988714e-01
5.967387166259151554e-01 1.890793953973786412e-01 9.147046005789873924e-01
5.967387166259151554e-01 1.890793953973786412e-01 9.147046005789873924e-01
5.967224124389560735e-01 1.887304196832181036e-01 9.148178154167753151e-01
5.965236000751704681e-01 1.888344065190761811e-01 9.145064389035952868e-01
5.965495426018118108e-01 1.892191448604569892e-01 9.145599753019282296e-01
5.965495426018118108e-01 1.892191448604569892e-01 9.145599753019282296e-01
5.970087652506441689e-01 1.891681315970633603e-01 9.148522404305419187e-01
5.966382395780029935e-01 1.894291065790326134e-01 9.142702295481548447e-01
5.966606067969695282e-01 1.887111910081439303e-01 9.147913395533958658e-01
5.967145769702590918e-01 1.898419415694955481e-01 9.147262645259526259e-01
5.962428592023351070e-01 1.890982636306116071e-01 9.142986739964635845e-01
5.966818449921926781e-01 1.888264814544967918e-01 9.144931403138922832e-01
5.966987445307030402e-01 1.890082707371743831e-01 9.151819311008366764e-01
5.966228320723671041e-01 1.896854763555745893e-01 9.143207569088809272e-01
5.966228320723671041e-01 1.896854763555745893e-01 9.143207569088809272e-01
5.964899003669628108e-01 1.888259914473468248e-01 9.144101932020283208e-01
5.964899003669628108e-01 1.888259914473468248e-01 9.144101932020283208e-01
5.968161463793745236e-01 1.890070773664266623e-01 9.143385192308417508e-01
5.963988115645203480e-01 1.887478771991847049e-01 9.142381183262138222e-01
5.967604736352377648e-01 1.891149473737777920e-01 9.146564037038001915e-01
5.967604736352377648e-01 1.891149473737777920e-01 9.146564037038001915e-01
5.966717670084592529e-01 1.894299983926063247e-01 9.147037812360298004e-01
5.968171980749822358e-01 1.893146887902941722e-01 9.146928156595046655e-01
5.968171980749822358e-01 1.893146887902941722e-01 9.146928156595046655e-01
5.968398941367314414e-01 1.891564095716302407e-01 9.142140004431074107e-01
5.971133057088388041e-01 1.880718167734573842e-01 9.142648508925188544e-01
5.973044627030396070e-01 1.894016463728401267e-01 9.148963873024738014e-01
5.968263448066403187e-01 1.895710492773027833e-01 9.147028923254472144e-01
5.969691132658040411e-01 1.892620581839897509e-01 9.145557325591431308e-01
5.969691132658040411e-01 1.892620581839897509e-01 9.145557325591431308e-01
5.966656123825144764e-01 1.895402147035745999e-01 9.141354211974611621e-01
5.968384348722028943e-01 1.887233943627701360e-01 9.143294943227848748e-01
5.968274147315089095e-01 1.883917072686948357e-01 9.144905010013335556e-01
5.968274147315089095e-01 1.883917072686948357e-01 9.144905010013335556e-01
5.966526024262084338e-01 1.893745722173642565e-01 9.143103045245625227e-01
5.964949858879808886e-01 1.894126338608106974e-01 9.147660443641039141e-01
5.970812690245242971e-01 1.889516882023566380e-01 9.148674992196044187e-01
5.968105786583243200e-01 1.889824189006340804e-01 9.145900033631801929e-01
5.966820065209906820e-01 1.888741747863768028e-01 9.142380917852168665e-01
5.965204280782551161e-01 1.894800648246721952e-01 9.148381757771705258e-01
5.968007364074349175e-01 1.892158393946208050e-01 9.146290922355131414e-01
5.967571999767598001e-01 1.894912313895662226e-01 9.147748151985306553e-01
5.965157146609539884e-01 1.886115900134076040e-01 9.141986210762942378e-01
5.966204751812285156e-01 1.891697591456108218e-01 9.137884063862155015e-01
5.966260776454023196e-01 1.887048171912657224e-01 9.146670176182891687e-01
5.964720236225472538e-01 1.882776167701147307e-01 9.139696356683643108e-01
5.967715921645889710e-01 1.894769163447482807e-01 9.148999147529783826e-01
5.967343495126938846e-01 1.886849472936467931e-01 9.140449033338678975e-01
5.967343495126938846e-01 1.886849472936467931e-01 9.140449033338678975e-01
5.968008999662165470e-01 1.892931458256533750e-01 9.144145535522845147e-01
5.968863221581065526e-01 1.891545229655973159e-01 9.144023368889113712e-01
5.968977996101424432e-01 1.893089862584313998e-01 9.149152580003268032e-01
5.966609781845922944e-01 1.888258661201876465e-01 9.142543882925504573e-01
5.966609781845922944e-01 1.888258661201876465e-01 9.142543882925504573e-01
5.966226800233178640e-01 1.887609977259466776e-01 9.143767257973500762e-01
5.969064253028897316e-01 1.887602427565217289e-01 9.148819781071326762e-01
5.966756185979015248e-01 1.888590763640855541e-01 9.141471338231555999e-01
5.966117477514294443e-01 1.892863096899009001e-01 9.143771269210219099e-01
5.966086276201560956e-01 1.886080783508330694e-01 9.146138890387216502e-01
5.966086276201560956e-01 1.886080783508330694e-01 9.146138890387216502e-01
5.964456013293073511e-01 1.885414531088810963e-01 9.139286717994559162e-01
5.964456013293073511e-01 1.885414531088810963e-01 9.139286717994559162e-01
5.966875400833866472e-01 1.884543857407165179e-01 9.144877682019957321e-01
5.968228545437612720e-01 1.886922361887435617e-01 9.144089508290247359e-01
5.965594811854564306e-01 1.891856673013522505e-01 9.146193607491364119e-01
5.965594811854564306e-01 1.891856673013522505e-01 9.146193607491364119e-01
5.965996202446348651e-01 1.886394681747762259e-01 9.145670709311222168e-01
5.964039032960740672e-01 1.893239245760134914e-01 9.145035392645167738e-01
5.965196229395836047e-01 1.892097000943232243e-01 9.141924360565203411e-01
5.967397216120821080e-01 1.886245982005392285e-01 9.143452003843439702e-01
5.967397216120821080e-01 1.886245982005392285e-01 9.143452003843439702e-01
5.967646310849358260e-01 1.893119300036408825e-01 9.144503320979332495e-01
5.966041232164669417e-01 1.886959781382178125e-01 9.143406311932722463e-01
5.967538321479938235e-01 1.896649820832378430e-01 9.143977903588571543e-01
5.964298401905627767e-01 1.887625433624592619e-01 9.142888760373441004e-01
5.964298401905627767e-01 1.887625433624592619e-01 9.142888760373441004e-01
5.965559073721996564e-01 1.885947014071807926e-01 9.143193466165857597e-01
5.967770516007988579e-01 1.890217011502051125e-01 9.142538947702459895e-01
5.966763000074358780e-01 1.887293113272149325e-01 9.142021654399057340e-01
5.966989691001286511e-01 1.891732206254442272e-01 9.144078747033390631e-01
5.968138845852636321e-01 1.889261866451779348e-01 9.148880018668299474e-01
5.966231385098970108e-01 1.890782027265230925e-01 9.143809660792536764e-01
5.966231385098970108e-01 1.890782027265230925e-01 9.143809660792536764e-01
5.967154666333184254e-01 1.894719548696824074e-01 9.145319734037984372e-01
5.966222408847942082e-01 1.886730952229593306e-01 9.145313578655653863e-01
5.969355167821635000e-01 1.893015062001705273e-01 9.142272134830247143e-01
5.965147235599931319e-01 1.889433040191285662e-01 9.142528369461138116e-01
5.965147235599931319e-01 1.889433040191285662e-01 9.142528369461138116e-01
5.968165857095864002e-01 1.888800350545142281e-01 9.148057142778646122e-01
5.968165857095864002e-01 1.888800350545142281e-01 9.148057142778646122e-01
5.969544654814982199e-01 1.885890135648642385e-01 9.142701035705299573e-01
5.962530142847716208e-01 1.893848092625478319e-01 9.147360225944564105e-01
5.968830112266506616e-01 1.887660515234036163e-01 9.145823739686489429e-01
5.965332063267755336e-01 1.886684174821103011e-01 9.141549021600730018e-01
5.965332063267755336e-01 1.886684174821103011e-01 9.141549021600730018e-01
5.965113308229742506e-01 1.891914977836891554e-01 9.143904834879763577e-01
5.965113308229742506e-01 1.891914977836891554e-01 9.143904834879763577e-01
5.967853742037468878e-01 1.892322363667257590e-01 9.144913364236455511e-01
5.966090321904471416e-01 1.896128188320602703e-01 9.147479352746066272e-01
5.965988018946711824e-01 1.885142342182005715e-01 9.150059354412326540e-01
5.965449696701514704e-01 1.885932149697863158e-01 9.145543648446865515e-01
5.965449696701514704e-01 1.885932149697863158e-01 9.145543648446865515e-01
5.968152663125717572e-01 1.895694114582297807e-01 9.149612065266294891e-01
5.968152663125717572e-01 1.895694114582297807e-01 9.149612065266294891e-01
5.965657858880372144e-01 1.892006009327703575e-01 9.147636912799440578e-01
5.965657858880372144e-01 1.892006009327703575e-01 9.147636912799440578e-01
5.966154743324191267e-01 1.889402028562295333e-01 9.146937893923524632e-01
5.966154743324191267e-01 1.889402028562295333e-01 9.146937893923524632e-01
5.970032916074778928e-01 1.889110237881582999e-01 9.145475223811500021e-01
5.970032916074778928e-01 1.889110237881582999e-01 9.145475223811500021e-01
5.968682838850172256e-01 1.894172579888043773e-01 9.144150116358168434e-01
5.970808597917586225e-01 1.890787795728391119e-01 9.144002551683114710e-01
5.970808597917586225e-01 1.890787795728391119e-01 9.144002551683114710e-01
5.970098553303347932e-01 1.890405065619797376e-01 9.141396274774472586e-01
5.967623179051864124e-01 1.885510593543416324e-01 9.145019161587415457e-01
5.967623179051864124e-01 1.885510593543416324e-01 9.145019161587415457e-01
5.968362029316307549e-01 1.890945729667773967e-01 9.140100719077379754e-01
5.968362029316307549e-01 1.890945729667773967e-01 9.140100719077379754e-01
5.965504444038457477e-01 1.892170343458285942e-01 9.146107419974114361e-01
5.965504444038457477e-01 1.892170343458285942e-01 9.146107419974114361e-01
5.966122384201887341e-01 1.890438724516704805e-01 9.141786983751651885e-01
5.968586915292289907e-01 1.888916277613798267e-01 9.142139902436129395e-01
5.965486269946249642e-01 1.885817377501638470e-01 9.141931490147578998e-01
5.968300333604874552e-01 1.889076020575479464e-01 9.150230703623549733e-01
5.968300333604874552e-01 1.889076020575479464e-01 9.150230703623549733e-01
5.967888081427160651e-01 1.886164494858192653e-01 9.146097046937464725e-01
5.966456971568888656e-01 1.886672399240757747e-01 9.148155408653078080e-01
5.964998847804521276e-01 1.895469171805913011e-01 9.143177280329068957e-01
5.964910791427958658e-01 1.884644880268342426e-01 9.143343238373624615e-01
5.964910791427958658e-01 1.884644880268342426e-01 9.143343238373624615e-01
5.966513881213780790e-01 1.890695431636152946e-01 9.143684345692834059e-01
5.968452744593021331e-01 1.886988169399298754e-01 9.147401702709563320e-01
5.968452744593021331e-01 1.886988169399298754e-01 9.147401702709563320e-01
5.966916953593904838e-01 1.891602723305033096e-01 9.142737358768308065e-01
5.965664638970119560e-01 1.885114131896016565e-01 9.145856083014476390e-01
5.963165538472232630e-01 1.891999948124897801e-01 9.147043411809878677e-01
5.969684577348324250e-01 1.883120329725836983e-01 9.138291961531059826e-01
5.968839121986381224e-01 1.887639365612904796e-01 9.146179012733948177e-01
5.967560852298188223e-01 1.891360968703523771e-01 9.146910825499159348e-01
5.967560852298188223e-01 1.891360968703523771e-01 9.146910825499159348e-01
5.968555874369789738e-01 1.895049204378114194e-01 9.141388401270351682e-01
5.968555874369789738e-01 1.895049204378114194e-01 9.141388401270351682e-01
5.965520745403684044e-01 1.889730388040843090e-01 9.144096727664327018e-01
5.967055546398407628e-01 1.887884553607054317e-01 9.143170019023445505e-01
5.965601996659588568e-01 1.889808406971206223e-01 9.141213939338668215e-01
5.968035721974771501e-01 1.886396661719520196e-01 9.144122941024039886e-01
5.968035721974771501e-01 1.886396661719520196e-01 9.144122941024039886e-01
5.970456264112621314e-01 1.883104371606373617e-01 9.147808447368381835e-01
5.970456264112621314e-01 1.883104371606373617e-01 9.147808447368381835e-01
5.967055253349929922e-01 1.894356644470661377e-01 9.143802032690357962e-01
5.967055253349929922e-01 1.894356644470661377e-01 9.143802032690357962e-01
5.964107919016014003e-01 1.883506849762739965e-01 9.142193223812216107e-01
5.964107919016014003e-01 1.883506849762739965e-01 9.142193223812216107e-01
5.967496542113417402e-01 1.889582869003046117e-01 9.141715548665695357e-01
5.965533272601259984e-01 1.892881469091279578e-01 9.144112551361353036e-01
5.965533272601259984e-01 1.892881469091279578e-01 9.144112551361353036e-01
5.965709266283951706e-01 1.895851160290383808e-01 9.145784369721225993e-01
5.968832178798727517e-01 1.884538885740779102e-01 9.142993938570038726e-01
5.966220305574245764e-01 1.889627919855334515e-01 9.144628226141462424e-01
5.967434675356964036e-01 1.892157990720967076e-01 9.146987715592924673e-01
5.964782767549461351e-01 1.881776526813971895e-01 9.146198782876009403e-01
5.964782767549461351e-01 1.881776526813971895e-01 9.146198782876009403e-01
5.965063901850065076e-01 1.888848170617695998e-01 9.143384203933004883e-01
5.968067012383879710e-01 1.889134351963049352e-01 9.147692586361613198e-01
5.968067012383879710e-01 1.889134351963049352e-01 9.147692586361613198e-01
5.971761407207905048e-01 1.885257266913998586e-01 9.141783074153009281e-01
5.963169748371106582e-01 1.899595767662760615e-01 9.142814799886738175e-01
5.963169748371106582e-01 1.899595767662760615e-01 9.142814799886738175e-01
5.966453925219050713e-01 1.883578014818519109e-01 9.144746328674878688e-01
5.962865696455361686e-01 1.882547866279494775e-01 9.143074484973311433e-01
5.968689626615146793e-01 1.890977429661658271e-01 9.144462747960384608e-01
5.966917587646004550e-01 1.892781037596455995e-01 9.141794964959086833e-01
5.966917587646004550e-01 1.892781037596455995e-01 9.141794964959086833e-01
5.966618211906147273e-01 1.894234870014405991e-01 9.145318127506634198e-01
5.964844507822653075e-01 1.888788806731622749e-01 9.144619277796929291e-01
5.967404723213876050e-01 1.889422363596544030e-01 9.143418562419346474e-01
5.967404723213876050e-01 1.889422363596544030e-01 9.143418562419346474e-01
5.968691974760953478e-01 1.887276639801226397e-01 9.142672251282462081e-01
5.966316478402795553e-01 1.886965151482240255e-01 9.139788301553922745e-01
5.965967603237006811e-01 1.890602446037661921e-01 9.140563140964077515e-01
5.965764789429185422e-01 1.889651683317516151e-01 9.146989073914957302e-01
5.968222894766089803e-01 1.890143477090230617e-01 9.148049268549366397e-01
5.967979115958887970e-01 1.890223204773265053e-01 9.144926867838076845e-01
5.967979115958887970e-01 1.890223204773265053e-01 9.144926867838076845e-01
5.967242807053819709e-01 1.891232293773600082e-01 9.145896327309688267e-01
5.967242807053819709e-01 1.891232293773600082e-01 9.145896327309688267e-01
5.965610371202213491e-01 1.884943675150289599e-01 9.145227700723439490e-01
5.965610371202213491e-01 1.884943675150289599e-01 9.145227700723439490e-01
5.966140627449809664e-01 1.890396622554967043e-01 9.142116078264720391e-01
5.969679745334957044e-01 1.889542560340518873e-01 9.142242028603799753e-01
5.969679745334957044e-01 1.889542560340518873e-01 9.142242028603799753e-01
5.964230587901887537e-01 1.891141367459146239e-01 9.139422972985021820e-01
5.964230587901887537e-01 1.891141367459146239e-01 9.139422972985021820e-01
5.965938014008329571e-01 1.889416744566287665e-01 9.144346363764139785e-01
5.967374390471285039e-01 1.885139813112977902e-01 9.148339058743185648e-01
5.968589427783085322e-01 1.892160809751575468e-01 9.138424865709864342e-01
5.969570794746829057e-01 1.889899733895275824e-01 9.141598608433809670e-01
5.965491815176967583e-01 1.895865209400451334e-01 9.143192257983437932e-01
5.966590806414697745e-01 1.900347998399707083e-01 9.144998042605245736e-01
5.966590806414697745e-01 1.900347998399707083e-01 9.144998042605245736e-01
5.967736257334700367e-01 1.895500949258903389e-01 9.147334687500554562e-01
5.967736257334700367e-01 1.895500949258903389e-01 9.147334687500554562e-01
5.968537124988009257e-01 1.893943319313726725e-01 9.146200297248769928e-01
5.968537124988009257e-01 1.893943319313726725e-01 9.146200297248769928e-01
5.967873391693869767e-01 1.896256109453501870e-01 9.147110057368901259e-01
5.967873391693869767e-01 1.896256109453501870e-01 9.147110057368901259e-01
5.964486865429901030e-01 1.903769635261102211e-01 9.146194898789865579e-01
5.964486865429901030e-01 1.903769635261102211e-01 9.146194898789865579e-01
5.956045124832755056e-01 1.920451468561492347e-01 9.146686764133210579e-01
5.956045124832755056e-01 1.920451468561492347e-01 9.146686764133210579e-01
5.949106937883886781e-01 1.945206408044071744e-01 9.145697009350424178e-01
5.949106937883886781e-01 1.945206408044071744e-01 9.145697009350424178e-01
5.944498235337773995e-01 1.973140666281268385e-01 9.145003752043678880e-01
5.935443477603526974e-01 1.992583495882343514e-01 9.143715140853519996e-01
5.926597861225818553e-01 2.010821152636378950e-01 9.147518951611210980e-01
5.919932644898974194e-01 2.037590725399475999e-01 9.148772029370511039e-01
5.908030421223712247e-01 2.062077013447323748e-01 9.149453648612311252e-01
5.908030421223712247e-01 2.062077013447323748e-01 9.149453648612311252e-01
5.892008050959155474e-01 2.098427924469137285e-01 9.148868080654359858e-01
5.882434863559614646e-01 2.124414812148554543e-01 9.144629585045527254e-01
5.869303339559873711e-01 2.157727313898599730e-01 9.142279128929220455e-01
5.858813206213445701e-01 2.190447095882409878e-01 9.142879266054296794e-01
5.837495502664167280e-01 2.232270082525065757e-01 9.144844011038480991e-01
5.837495502664167280e-01 2.232270082525065757e-01 9.144844011038480991e-01
5.807487806827047461e-01 2.310955050104244735e-01 9.144594200615152602e-01
5.786257861278100156e-01 2.365255507078542485e-01 9.146447865180666881e-01
5.775384651339168229e-01 2.386772470067975993e-01 9.145909816458744901e-01
5.756286621098476441e-01 2.428037525662689045e-01 9.140513043764785239e-01
5.748903638618356737e-01 2.450991484382273322e-01 9.149316449653376315e-01
5.748903638618356737e-01 2.450991484382273322e-01 9.149316449653376315e-01
5.729585927218469044e-01 2.492211055630823568e-01 9.147342046087261203e-01
5.711212998864935164e-01 2.529419605544153127e-01 9.142401272538362988e-01
5.701429786031949609e-01 2.564017481615514793e-01 9.150769219577179481e-01
5.686237212710248956e-01 2.582864333386494238e-01 9.144144306091992469e-01
5.686237212710248956e-01 2.582864333386494238e-01 9.144144306091992469e-01
5.665648173847716018e-01 2.622617985857444989e-01 9.143395147260090505e-01
5.661517225502806783e-01 2.642536005726375814e-01 9.147967500939628849e-01
5.640104076252729914e-01 2.677987062063520440e-01 9.147319005454970231e-01
5.640104076252729914e-01 2.677987062063520440e-01 9.147319005454970231e-01
5.617144655764955141e-01 2.715466586658177306e-01 9.149108152857492460e-01
5.606246168877045966e-01 2.745634655825641701e-01 9.144149763318656365e-01
5.606246168877045966e-01 2.745634655825641701e-01 9.144149763318656365e-01
5.587191594489041568e-01 2.786365894945223021e-01 9.144827090256359980e-01
5.587191594489041568e-01 2.786365894945223021e-01 9.144827090256359980e-01
5.566360268976120462e-01 2.819627057996351716e-01 9.144655908869957495e-01
5.566360268976120462e-01 2.819627057996351716e-01 9.144655908869957495e-01
5.514501303201999605e-01 2.912991941630715953e-01 9.142841717356234854e-01
5.514501303201999605e-01 2.912991941630715953e-01 9.142841717356234854e-01
5.492774193240919089e-01 2.954765708869940277e-01 9.146593381931644728e-01
5.469368776199097226e-01 2.995667784354422158e-01 9.150344825272634930e-01
5.469368776199097226e-01 2.995667784354422158e-01 9.150344825272634930e-01
5.441773641776098680e-01 3.034617240795265403e-01 9.141924360565203411e-01
5.426585507318423263e-01 3.069316902686763937e-01 9.150780903869712990e-01
5.413460257117409524e-01 3.091242578220189108e-01 9.147508143220153265e-01
5.413460257117409524e-01 3.091242578220189108e-01 9.147508143220153265e-01
5.384921216047544590e-01 3.129166583623555487e-01 9.145365440626359588e-01
5.343014528187941536e-01 3.208335792611119452e-01 9.144532445140522992e-01
5.343014528187941536e-01 3.208335792611119452e-01 9.144532445140522992e-01
5.292351674071926748e-01 3.282976669288931726e-01 9.143348977244332154e-01
5.292351674071926748e-01 3.282976669288931726e-01 9.143348977244332154e-01
5.257133494451591282e-01 3.335156232973848223e-01 9.145150200635505655e-01
5.226763756062521304e-01 3.380337205164075653e-01 9.147249677839248694e-01
5.205126218554479989e-01 3.410182815520361732e-01 9.144670696763792517e-01
5.176843347561466135e-01 3.446173762969385046e-01 9.145623420628709033e-01
5.176843347561466135e-01 3.446173762969385046e-01 9.145623420628709033e-01
5.124505763282454218e-01 3.525022969350333213e-01 9.145157500605497480e-01
5.124505763282454218e-01 3.525022969350333213e-01 9.145157500605497480e-01
5.085247757630553256e-01 3.578183791676441960e-01 9.147775706565706155e-01
5.085247757630553256e-01 3.578183791676441960e-01 9.147775706565706155e-01
5.053839151484146308e-01 3.623977071736969036e-01 9.146517350273458691e-01
5.023083845345358567e-01 3.657104406735903201e-01 9.145831511715833972e-01
5.009426194133935750e-01 3.674143006782244480e-01 9.147910934846331665e-01
4.978547739359984736e-01 3.713495708738257517e-01 9.150984175240846064e-01
4.951927079432690282e-01 3.743950065372979030e-01 9.146097539405966259e-01
4.951927079432690282e-01 3.743950065372979030e-01 9.146097539405966259e-01
4.922332223274464291e-01 3.784301697155428856e-01 9.148169550331979316e-01
4.899379699730192494e-01 3.813805902034911877e-01 9.146404559387546485e-01
4.861298252326732849e-01 3.864924707615764454e-01 9.146258480206663766e-01
4.861298252326732849e-01 3.864924707615764454e-01 9.146258480206663766e-01
4.805503234362608622e-01 3.938367063473475760e-01 9.149943152290210824e-01
4.805503234362608622e-01 3.938367063473475760e-01 9.149943152290210824e-01
4.777353383098335571e-01 3.987598218972259745e-01 9.147122675604240083e-01
4.751451716437209982e-01 4.030043926735542570e-01 9.152556627347958607e-01
4.716928537018882373e-01 4.094785789554914457e-01 9.152541022746487620e-01
4.702696673043592068e-01 4.134282127566785703e-01 9.155742410846601231e-01
4.672009679036080443e-01 4.216299945363830015e-01 9.157111649796876307e-01
4.659772812219722948e-01 4.268916933279293113e-01 9.164464467446732376e-01
4.659772812219722948e-01 4.268916933279293113e-01 9.164464467446732376e-01
4.635133966463111377e-01 4.333758728897104118e-01 9.167924760079743107e-01
4.635133966463111377e-01 4.333758728897104118e-01 9.167924760079743107e-01
4.596932985228243118e-01 4.460200501769781556e-01 9.171568651117997240e-01
4.569836038877845286e-01 4.571706764413190904e-01 9.179599667819553499e-01
4.563806380631836856e-01 4.604269467112298564e-01 9.174252736211638837e-01
4.542382355847019437e-01 4.648227137337390680e-01 9.179157549348730960e-01
4.533765094693425479e-01 4.687403355635510471e-01 9.182243219140078239e-01
4.533765094693425479e-01 4.687403355635510471e-01 9.182243219140078239e-01
4.524024010974754817e-01 4.720480831591122861e-01 9.186801110563291850e-01
4.519360164982134109e-01 4.739628926641008544e-01 9.179810396898959723e-01
4.512945626889718898e-01 4.752406498539892277e-01 9.188231239163653363e-01
4.512945626889718898e-01 4.752406498539892277e-01 9.188231239163653363e-01
4.506809273775616576e-01 4.766597062205935598e-01 9.186089624681211818e-01
4.499905988818538316e-01 4.773530575645200114e-01 9.185812311017247378e-01
4.499397629258526377e-01 4.781888012184412062e-01 9.185123075029746342e-01
4.499397629258526377e-01 4.781888012184412062e-01 9.185123075029746342e-01
4.502213126225675377e-01 4.765932547748036874e-01 9.185955101843285009e-01
4.501710895862034989e-01 4.771950350115309880e-01 9.185712294439931647e-01
4.496553314393573753e-01 4.768386717923022711e-01 9.190743300827319828e-01
4.496553314393573753e-01 4.768386717923022711e-01 9.190743300827319828e-01
4.499963674302909777e-01 4.773355225848594507e-01 9.188145278926043158e-01
4.499963674302909777e-01 4.773355225848594507e-01 9.188145278926043158e-01
4.499884352034508317e-01 4.772105930278177643e-01 9.188058344524450138e-01
4.501613750741808029e-01 4.768092946280601541e-01 9.183517347282008636e-01
4.501529556992002745e-01 4.763678648052265818e-01 9.185866844408929754e-01
4.500180704944632404e-01 4.766574947949007712e-01 9.184438772032310627e-01
4.501062722667665272e-01 4.762686330883961761e-01 9.177951871255043415e-01
4.501062722667665272e-01 4.762686330883961761e-01 9.177951871255043415e-01
4.499589179593934118e-01 4.769759694520370186e-01 9.181998476477286619e-01
4.501527537810977031e-01 4.764362834165759564e-01 9.182535760361634214e-01
4.503301761022223126e-01 4.752264434258589021e-01 9.183038499650852948e-01
4.503920472410010700e-01 4.737930626701056802e-01 9.181437572731865338e-01
4.503920472410010700e-01 4.737930626701056802e-01 9.181437572731865338e-01
4.505607640100305900e-01 4.706698395003408031e-01 9.180218845749666956e-01
4.505607640100305900e-01 4.706698395003408031e-01 9.180218845749666956e-01
4.506609994761937021e-01 4.649282928519130054e-01 9.173746120778178970e-01
4.506490549185444006e-01 4.575518729892737446e-01 9.165646351621463683e-01
4.504811449029185177e-01 4.551571308717500819e-01 9.167924595296407242e-01
4.505708347121977764e-01 4.503032237941286819e-01 9.164514404149015636e-01
4.505708347121977764e-01 4.503032237941286819e-01 9.164514404149015636e-01
4.506487078318626716e-01 4.462192456260865581e-01 9.161515199214660399e-01
4.504451220693507785e-01 4.435516900332062140e-01 9.158141907309764740e-01
4.504451220693507785e-01 4.435516900332062140e-01 9.158141907309764740e-01
4.506086653895085559e-01 4.414719710104095252e-01 9.163594190423012265e-01
4.499545969409440294e-01 4.408775541907068440e-01 9.161254777930434301e-01
4.498490141188097868e-01 4.390345958553910077e-01 9.159582748589292223e-01
4.498490141188097868e-01 4.390345958553910077e-01 9.159582748589292223e-01
4.499505662669321393e-01 4.386296289457337072e-01 9.156171547760802998e-01
4.499156660191029888e-01 4.378304999547202869e-01 9.152862579105416341e-01
4.499156660191029888e-01 4.378304999547202869e-01 9.152862579105416341e-01
4.501061418458360275e-01 4.374286560335626239e-01 9.157535042993447671e-01
4.501061418458360275e-01 4.374286560335626239e-01 9.157535042993447671e-01
4.492565753575047949e-01 4.385451901083531889e-01 9.156866627232732592e-01
4.492565753575047949e-01 4.385451901083531889e-01 9.156866627232732592e-01
4.499358658878854222e-01 4.378534507019027355e-01 9.156567494359252324e-01
4.499358658878854222e-01 4.378534507019027355e-01 9.156567494359252324e-01
4.495080991050787733e-01 4.384421003809758632e-01 9.161750501031458160e-01
4.496224098134859459e-01 4.378953354891784167e-01 9.163928546743564940e-01
4.496224098134859459e-01 4.378953354891784167e-01 9.163928546743564940e-01
4.482577667882384209e-01 4.390216067344945294e-01 9.161447024785844828e-01
4.468087530588463197e-01 4.402917860192538391e-01 9.153836794207912408e-01
4.468087530588463197e-01 4.402917860192538391e-01 9.153836794207912408e-01
4.454717354394218121e-01 4.420054111065849778e-01 9.155018330548506666e-01
4.446663982381592883e-01 4.426022151545884742e-01 9.156616002637943952e-01
4.435139538596931108e-01 4.434781587708329087e-01 9.162473444900954833e-01
4.435139538596931108e-01 4.434781587708329087e-01 9.162473444900954833e-01
4.416648979139503051e-01 4.455861104666938299e-01 9.160590029389976685e-01
4.405560935448823989e-01 4.462860596397885127e-01 9.155867903171124311e-01
4.405560935448823989e-01 4.462860596397885127e-01 9.155867903171124311e-01
4.388868932688509417e-01 4.479416974145087882e-01 9.156712512983836705e-01
4.388868932688509417e-01 4.479416974145087882e-01 9.156712512983836705e-01
4.368069929693291775e-01 4.492009120437898129e-01 9.156947512690822855e-01
4.345756070706964791e-01 4.516960189362608236e-01 9.145647414225281935e-01
4.345756070706964791e-01 4.516960189362608236e-01 9.145647414225281935e-01
4.333919203393669650e-01 4.520573651332399079e-01 9.110990393258464604e-01
4.333919203393669650e-01 4.520573651332399079e-01 9.110990393258464604e-01
4.313556706637644012e-01 4.535557721157313926e-01 9.060840299391264008e-01
4.313556706637644012e-01 4.535557721157313926e-01 9.060840299391264008e-01
4.305860242141932859e-01 4.540021235133575583e-01 9.030323130529798181e-01
4.302288304721175183e-01 4.540666223479835062e-01 8.999497003071030843e-01
4.302288304721175183e-01 4.540666223479835062e-01 8.999497003071030843e-01
4.292755974031950417e-01 4.546990271186237553e-01 8.965657099512877037e-01
4.296048800174999127e-01 4.540859708989337662e-01 8.946427571574127047e-01
4.290529782019358307e-01 4.545465658867460235e-01 8.946902492979182941e-01
4.290529782019358307e-01 4.545465658867460235e-01 8.946902492979182941e-01
4.289057073714271362e-01 4.544685739846320849e-01 8.948206011162500584e-01
4.293292247640504988e-01 4.544879507554224207e-01 8.943735666071055412e-01
4.299594499425975491e-01 4.533480403173750228e-01 8.949492125555384980e-01
4.299594499425975491e-01 4.533480403173750228e-01 8.949492125555384980e-01
4.290135323533011413e-01 4.537320689154649700e-01 8.943478903980668360e-01
4.290135323533011413e-01 4.537320689154649700e-01 8.943478903980668360e-01
4.294431529520931767e-01 4.539572038761294781e-01 8.948218359433350866e-01
4.294431529520931767e-01 4.539572038761294781e-01 8.948218359433350866e-01
4.294484562558594232e-01 4.543588575901650883e-01 8.946817730220424369e-01
4.294484562558594232e-01 4.543588575901650883e-01 8.946817730220424369e-01
4.291972491562405234e-01 4.544016196870769853e-01 8.945517343515636544e-01
4.288404087671249809e-01 4.547547705143570873e-01 8.947677727856219176e-01
4.288973486454834005e-01 4.544143332890046016e-01 8.949155069270058327e-01
4.292105555979978670e-01 4.534507500352489284e-01 8.942603611355615101e-01
4.292105555979978670e-01 4.534507500352489284e-01 8.942603611355615101e-01
4.292690328772936215e-01 4.541093391906593224e-01 8.948218359433350866e-01
4.292690328772936215e-01 4.541093391906593224e-01 8.948218359433350866e-01
4.291156854388308850e-01 4.543310376459732680e-01 8.949093180372762468e-01
4.292744402673299153e-01 4.544861746230065003e-01 8.947400258565824105e-01
4.292744402673299153e-01 4.544861746230065003e-01 8.947400258565824105e-01
4.291991803605220146e-01 4.546056256380475724e-01 8.943528146342257790e-01
4.291991803605220146e-01 4.546056256380475724e-01 8.943528146342257790e-01
4.291922520471535552e-01 4.546359369215518531e-01 8.940540299510872924e-01
4.291922520471535552e-01 4.546359369215518531e-01 8.940540299510872924e-01
4.290380528193465381e-01 4.542491893293961192e-01 8.946261504363308692e-01
4.290001776773194053e-01 4.549459546068509441e-01 8.951100929944570961e-01
4.290708373852239466e-01 4.543933983156599465e-01 8.947618892311419714e-01
4.290708373852239466e-01 4.543933983156599465e-01 8.947618892311419714e-01
4.289259215910966039e-01 4.545656967527265668e-01 8.947094668686028651e-01
4.293482811910657726e-01 4.537988850896433335e-01 8.946637634373039161e-01
4.290864107607924027e-01 4.541107085154272305e-01 8.949488262489917467e-01
4.290864107607924027e-01 4.541107085154272305e-01 8.949488262489917467e-01
4.290395139179432049e-01 4.547835157218059199e-01 8.943546739473294815e-01
4.289989460229452489e-01 4.544609939990151837e-01 8.944382730981632612e-01
4.289989460229452489e-01 4.544609939990151837e-01 8.944382730981632612e-01
4.293656580020676627e-01 4.543526098057062423e-01 8.956006271612200198e-01
4.293656580020676627e-01 4.543526098057062423e-01 8.956006271612200198e-01
4.294639815813133255e-01 4.535997246741171329e-01 8.950063050108696405e-01
4.294639815813133255e-01 4.535997246741171329e-01 8.950063050108696405e-01
4.289624369397445069e-01 4.547769037294949190e-01 8.951189318673303807e-01
4.293049836939982211e-01 4.540988814049701783e-01 8.950145831320912571e-01
4.291151961223788613e-01 4.540844859096483388e-01 8.947817324709544939e-01
4.291151961223788613e-01 4.540844859096483388e-01 8.947817324709544939e-01
4.288492810768722019e-01 4.554867436793382240e-01 8.944612041118231716e-01
4.288629222793927664e-01 4.548528116058310200e-01 8.944786320178363948e-01
4.288629222793927664e-01 4.548528116058310200e-01 8.944786320178363948e-01
4.290495545163591218e-01 4.550225681792586796e-01 8.947540849246123917e-01
4.291567139362543748e-01 4.551466862614182984e-01 8.951658821785408726e-01
4.293694412845425190e-01 4.540459786446938151e-01 8.948340208339822244e-01
4.290476711170882473e-01 4.543942444790203816e-01 8.948101318771225499e-01
4.294456790999593987e-01 4.543356922343736448e-01 8.947319893940106628e-01
4.294456790999593987e-01 4.543356922343736448e-01 8.947319893940106628e-01
4.289144664706084353e-01 4.546412651972356334e-01 8.948287817442224235e-01
4.289287000564384056e-01 4.545888734657236863e-01 8.946363848676595065e-01
4.290458289426210547e-01 4.544022947419388836e-01 8.943131167654781999e-01
4.290458289426210547e-01 4.544022947419388836e-01 8.943131167654781999e-01
4.289259026885551829e-01 4.550372339746103778e-01 8.949062715592295270e-01
4.288891422276627785e-01 4.548754087986826566e-01 8.944332905563965319e-01
4.294818482401859261e-01 4.538981859941324526e-01 8.949913634918894578e-01
4.294818482401859261e-01 4.538981859941324526e-01 8.949913634918894578e-01
4.292837537342668042e-01 4.537234408936544616e-01 8.940387104720632916e-01
4.292837537342668042e-01 4.537234408936544616e-01 8.940387104720632916e-01
4.294359170834475825e-01 4.542152565288722910e-01 8.944441317821598680e-01
4.294359170834475825e-01 4.542152565288722910e-01 8.944441317821598680e-01
4.291090588592184063e-01 4.545370186807350388e-01 8.947884626428768140e-01
4.294314793203259373e-01 4.542599923155182240e-01 8.948771955426475522e-01
4.294314793203259373e-01 4.542599923155182240e-01 8.948771955426475522e-01
4.287289054502984587e-01 4.544913711475722651e-01 8.948827456748977838e-01
4.288138306648948128e-01 4.555722810368671993e-01 8.954232352760778113e-01
4.293399923339022428e-01 4.542691186903147216e-01 8.949749693230907299e-01
4.289736454965391022e-01 4.546111543852334735e-01 8.948394307696423411e-01
4.287908961040051703e-01 4.545279595751425816e-01 8.949414563462043670e-01
4.287908961040051703e-01 4.545279595751425816e-01 8.949414563462043670e-01
4.290489710768980447e-01 4.541513679293017192e-01 8.943641254619637548e-01
4.288873126626568388e-01 4.548712212164559565e-01 8.947060830155613154e-01
4.290360344075188626e-01 4.543734394130534704e-01 8.949458887135995910e-01
4.287135469481258565e-01 4.547243332630162560e-01 8.948120807387891507e-01
4.287135469481258565e-01 4.547243332630162560e-01 8.948120807387891507e-01
4.290308217808847524e-01 4.548822829756530850e-01 8.944160152137012876e-01
4.290578505115645869e-01 4.543240724433961208e-01 8.943950387707344518e-01
4.296086525979935788e-01 4.540813959789841703e-01 8.948749748437720974e-01
4.288807634490842680e-01 4.546526676419563873e-01 8.944732702691307047e-01
4.292931519836744036e-01 4.541524084280778584e-01 8.950137722199285051e-01
4.290349455720369742e-01 4.546035262609294803e-01 8.946580292483263808e-01
4.290349455720369742e-01 4.546035262609294803e-01 8.946580292483263808e-01
4.291342119321375770e-01 4.542114870029035356e-01 8.942632784160033932e-01
4.292334750371190055e-01 4.541418305147271184e-01 8.947795659122353973e-01
4.293185161281070639e-01 4.544267917491638387e-01 8.947243831719604579e-01
4.289646943777403743e-01 4.551778684111801310e-01 8.951419501939474888e-01
4.289646943777403743e-01 4.551778684111801310e-01 8.951419501939474888e-01
4.285347659653027663e-01 4.554017329440433470e-01 8.947364386044871498e-01
4.293020384299040537e-01 4.543250794166157625e-01 8.950219623641210154e-01
4.292305252724592513e-01 4.543680259241886787e-01 8.948022550582401813e-01
4.292399281667749755e-01 4.545131711704743505e-01 8.950168007748739996e-01
4.292399281667749755e-01 4.545131711704743505e-01 8.950168007748739996e-01
4.292480986644334195e-01 4.542396750980439712e-01 8.947623339053785152e-01
4.292665589459888076e-01 4.543575035804283679e-01 8.949721223803428494e-01
4.292665589459888076e-01 4.543575035804283679e-01 8.949721223803428494e-01
4.292878196462718843e-01 4.542244831415535589e-01 8.951490515381339552e-01
4.290425512176721523e-01 4.547818785762143268e-01 8.943703195706274034e-01
4.290425512176721523e-01 4.547818785762143268e-01 8.943703195706274034e-01
4.290980182313809954e-01 4.546839100223892260e-01 8.949723461037706329e-01
4.291464303023367344e-01 4.541431992680726726e-01 8.952877517708764943e-01
4.290594119126232564e-01 4.542444342155493864e-01 8.948276455416963593e-01
4.286308012338091999e-01 4.548514673109762541e-01 8.939985571621050786e-01
4.291270322003606918e-01 4.540309701459960268e-01 8.947673496179129327e-01
4.293979663193283058e-01 4.544466110265692471e-01 8.945925950348212474e-01
4.293979663193283058e-01 4.544466110265692471e-01 8.945925950348212474e-01
4.289055174920973212e-01 4.542688639199246037e-01 8.946936079260252583e-01
4.289055174920973212e-01 4.542688639199246037e-01 8.946936079260252583e-01
4.294370190825472222e-01 4.544345402433350167e-01 8.948163677041869324e-01
4.294370190825472222e-01 4.544345402433350167e-01 8.948163677041869324e-01
4.292058133776689988e-01 4.545274443583099400e-01 8.945209229381897442e-01
4.292058133776689988e-01 4.545274443583099400e-01 8.945209229381897442e-01
4.292665189406486559e-01 4.540835871071005614e-01 8.950123610798091933e-01
4.287114014276059426e-01 4.551570051863172983e-01 8.944419722485417168e-01
4.286864313471106525e-01 4.546827470618607925e-01 8.946655243805645696e-01
4.289021607315259277e-01 4.545200186855830604e-01 8.946503672839911658e-01
4.294669288639457183e-01 4.542028160096369671e-01 8.949089824777620716e-01
4.292746312181800472e-01 4.543332686640182971e-01 8.947586129297324664e-01
4.289533132884381650e-01 4.544295304198772700e-01 8.949177752292740706e-01
4.292330829017662608e-01 4.543443256858347712e-01 8.946673506053136604e-01
4.294045788425599475e-01 4.539913729934622055e-01 8.947715508726714617e-01
4.294045788425599475e-01 4.539913729934622055e-01 8.947715508726714617e-01
4.294828093964670468e-01 4.538330637175206350e-01 8.944078898034508729e-01
4.295160120213577515e-01 4.541408198712703626e-01 8.962080337875251157e-01
4.295160120213577515e-01 4.541408198712703626e-01 8.962080337875251157e-01
4.295497823297748652e-01 4.545386003294483723e-01 8.983549904894809757e-01
4.295497823297748652e-01 4.545386003294483723e-01 8.983549904894809757e-01
4.304425399014870091e-01 4.542293938342935600e-01 9.020208280161159387e-01
4.304425399014870091e-01 4.542293938342935600e-01 9.020208280161159387e-01
4.304735855379327458e-01 4.541665475773452032e-01 9.043597680298374186e-01
4.304735855379327458e-01 4.541665475773452032e-01 9.043597680298374186e-01
4.308230443758548911e-01 4.540951119309576400e-01 9.060027089985098758e-01
4.311262754050300683e-01 4.537446175487024336e-01 9.069411369316821014e-01
4.314773996562176195e-01 4.539499339868673933e-01 9.081612985513025649e-01
4.312558023378552652e-01 4.540527051582747275e-01 9.076782664161184844e-01
4.312558023378552652e-01 4.540527051582747275e-01 9.076782664161184844e-01
4.317634245908879564e-01 4.537074992998665901e-01 9.084532679715151549e-01
4.317634245908879564e-01 4.537074992998665901e-01 9.084532679715151549e-01
4.317574853253191569e-01 4.535331907761709358e-01 9.084296511573521915e-01
4.317574853253191569e-01 4.535331907761709358e-01 9.084296511573521915e-01
4.317832831077628719e-01 4.534246325043326808e-01 9.081842041940735299e-01
4.317832831077628719e-01 4.534246325043326808e-01 9.081842041940735299e-01
4.314046014789730266e-01 4.536865906513982138e-01 9.088757626774546239e-01
4.316718118916391123e-01 4.538039559589473471e-01 9.080918636099697405e-01
4.316718118916391123e-01 4.538039559589473471e-01 9.080918636099697405e-01
4.313726470971284699e-01 4.541415871419167694e-01 9.084097574597014280e-01
4.317297190571011689e-01 4.531570385081016838e-01 9.084089732753057866e-01
4.313733322373585755e-01 4.539484706698023730e-01 9.081942905755723272e-01
4.318933524804982604e-01 4.534764716657019301e-01 9.085129623044290170e-01
4.313625529005533088e-01 4.533607405933418044e-01 9.084728452123338460e-01
4.314962416617607599e-01 4.540355472664266978e-01 9.079314379970258031e-01
4.313629757553700261e-01 4.537629133267215287e-01 9.084887247986488390e-01
4.313751048950686395e-01 4.537690355632453265e-01 9.082406423589700628e-01
4.313751048950686395e-01 4.537690355632453265e-01 9.082406423589700628e-01
4.320902348134407212e-01 4.538316190639616332e-01 9.087780206325388743e-01
4.315644338194528085e-01 4.537122173601013664e-01 9.087535359842005001e-01
4.313558825957301557e-01 4.540690083805553612e-01 9.083510877167002562e-01
4.313558825957301557e-01 4.540690083805553612e-01 9.083510877167002562e-01
4.313739623775711407e-01 4.536925868515288007e-01 9.084006048500460340e-01
4.315015638047354218e-01 4.538658272069427402e-01 9.084604766187833746e-01
4.317420015482373308e-01 4.538648300893481369e-01 9.088108378078392224e-01
4.317420015482373308e-01 4.538648300893481369e-01 9.088108378078392224e-01
4.312230391033236576e-01 4.541405326756597360e-01 9.084031893213685427e-01
4.312230391033236576e-01 4.541405326756597360e-01 9.084031893213685427e-01
4.317593760239054057e-01 4.535031860467551024e-01 9.085027271782128988e-01
4.313273702671736598e-01 4.539005896573218846e-01 9.081884772373088888e-01
4.313273702671736598e-01 4.539005896573218846e-01 9.081884772373088888e-01
4.318581464818356808e-01 4.533467670331613464e-01 9.085655583554987924e-01
4.321404780500330278e-01 4.529763831309053801e-01 9.088311229539376424e-01
4.321404780500330278e-01 4.529763831309053801e-01 9.088311229539376424e-01
4.316969335382608297e-01 4.540266098169696840e-01 9.085827657768996701e-01
4.308587192293713009e-01 4.541176433086678288e-01 9.084745482330464084e-01
4.315660280468557874e-01 4.537950293197891560e-01 9.087712232365090514e-01
4.313738316726283828e-01 4.536810893895111829e-01 9.085623982546197075e-01
4.314949404280092327e-01 4.535564823591270445e-01 9.080603562029854192e-01
4.314949404280092327e-01 4.535564823591270445e-01 9.080603562029854192e-01
4.311216537667900695e-01 4.539766675107785865e-01 9.083392892247970085e-01
4.315303661821724979e-01 4.539648941512064440e-01 9.082717028833211526e-01
4.312246932078748762e-01 4.536651753582908730e-01 9.088747945681119322e-01
4.315391059349548697e-01 4.534788284537052405e-01 9.084325336650034277e-01
4.315391059349548697e-01 4.534788284537052405e-01 9.084325336650034277e-01
